MIN=0	-0.1	-0.3
MAX=2.26274169979695	0.1	0.3
SCALE=0.1	0.05	0.1
DEC=3	4	4
DEF="Time" t / s	"Current" I_A1 / A	"Voltage" U_B1 / V
0	0	-0.0003
0.001	-5E-05	-0.00015
0.002	0	0
0.003	0	-0.00135
0.004	0	-0.0006
0.005	0	-0.0006
0.006	0	-0.00105
0.007	0	-0.0006
0.008	0	-0.0006
0.009	0	-0.00135
0.01	-5E-05	0
0.011	0	-0.0006
0.012	0	-0.0006
0.013	-5E-05	0.00015
0.014	0	-0.00045
0.015	0	-0.00045
0.016	0	0
0.017	0	-0.0006
0.018	0	-0.00075
0.019	0	-0.00075
0.02	-5E-05	-0.00075
0.021	0	-0.0006
0.022	0	-0.00045
0.023	0	-0.0009
0.024	-5E-05	-0.00105
0.025	-5E-05	-0.0009
0.026	0	-0.00075
0.027	0	-0.00045
0.028	0	-0.0006
0.029	0	-0.0009
0.03	-5E-05	-0.0009
0.031	-5E-05	-0.00015
0.032	0	-0.0003
0.033	0	-0.00045
0.034	0	-0.00075
0.035	0	-0.00135
0.036	-5E-05	-0.00075
0.037	0	-0.0009
0.038	0	-0.00105
0.039	0	-0.0009
0.04	-5E-05	-0.0012
0.041	0	-0.00105
0.042	0	-0.00075
0.043	0	-0.0009
0.044	0	-0.0003
0.045	-5E-05	-0.00075
0.046	-5E-05	-0.00135
0.047	0	-0.0009
0.048	0	-0.00075
0.049	0	-0.00075
0.05	-5E-05	-0.00075
0.051	0	-0.00135
0.052	0	-0.00045
0.053	0	-0.00045
0.054	0	-0.00075
0.055	0	-0.0012
0.056	-5E-05	-0.00045
0.057	-5E-05	-0.0012
0.058	0	-0.00075
0.059	0	-0.0006
0.06	0	-0.0012
0.061	-5E-05	-0.0009
0.062	0	-0.0003
0.063	0	-0.0006
0.064	0	-0.0003
0.065	0	-0.00015
0.066	0	-0.00045
0.067	-5E-05	0
0.068	0	-0.00045
0.069	0	-0.0006
0.07	-5E-05	-0.0003
0.071	0	-0.0006
0.072	-5E-05	-0.00135
0.073	0	-0.00045
0.074	0	-0.00075
0.075	0	-0.00135
0.076	-5E-05	-0.00045
0.077	0	-0.0003
0.078	0	-0.0006
0.079	-5E-05	-0.00045
0.08	0	-0.00075
0.081	0	0
0.082	0	-0.0003
0.083	0	-0.0003
0.084	0	0
0.085	0	0
0.086	0	-0.00105
0.087	0	-0.0003
0.088	0	-0.00045
0.089	0	-0.00105
0.09	-5E-05	-0.0003
0.091	0	-0.00045
0.092	0	-0.0006
0.093	-5E-05	-0.00075
0.094	0	-0.00015
0.095	0	-0.00015
0.096	0	-0.00015
0.097	-5E-05	-0.0006
0.098	0	0
0.099	-5E-05	0.00015
0.1	0	-0.00075
0.101	0	-0.00015
0.102	-5E-05	-0.00015
0.103	0	-0.00045
0.104	0	0.00015
0.105	0	-0.0003
0.106	-5E-05	-0.00075
0.107	-5E-05	-0.00015
0.108	0	-0.0003
0.109	0	0
0.11	0	0.00045
0.111	0	-0.00075
0.112	-5E-05	0
0.113	0	0
0.114	0	-0.0006
0.115	0	-0.0003
0.116	0	0.00015
0.117	-5E-05	-0.0006
0.118	0	0
0.119	0	0.0003
0.12	0	-0.00015
0.121	0	0.0003
0.122	-5E-05	-0.0003
0.123	0	-0.0003
0.124	0	0.00015
0.125	0	-0.00015
0.126	0	-0.00045
0.127	0	0.00015
0.128	0	-0.00015
0.129	0	-0.00045
0.13	0	0.0003
0.131	0	-0.00015
0.132	0	-0.0003
0.133	0	0.0003
0.134	-5E-05	-0.0006
0.135	-5E-05	-0.00075
0.136	0	0.00045
0.137	-5E-05	0
0.138	0	-0.00075
0.139	0	-0.00075
0.14	0	-0.0012
0.141	0	0
0.142	0	-0.00015
0.143	0	-0.00105
0.144	-5E-05	-0.00075
0.145	0	-0.00045
0.146	0	0
0.147	0	0
0.148	0	-0.0006
0.149	0	-0.0006
0.15	0	0.00045
0.151	0	-0.00045
0.152	0	-0.0003
0.153	-5E-05	-0.00045
0.154	0	-0.0012
0.155	0	-0.00015
0.156	-5E-05	-0.0009
0.157	-5E-05	-0.00075
0.158	0	-0.0003
0.159	0	0.00045
0.16	-5E-05	-0.0009
0.161	-5E-05	-0.0009
0.162	-5E-05	-0.0009
0.163	0	-0.0003
0.164	-5E-05	0.00045
0.165	0	-0.0006
0.166	-5E-05	-0.0006
0.167	0	-0.0003
0.168	0	0.0003
0.169	0	-0.0009
0.17	0	-0.00075
0.171	-5E-05	-0.00105
0.172	0	-0.00075
0.173	0	-0.00105
0.174	-5E-05	-0.00075
0.175	0	-0.00045
0.176	-5E-05	-0.0006
0.177	0	-0.00135
0.178	0	-0.0003
0.179	0	0
0.18	0	-0.00135
0.181	0	-0.00015
0.182	0	-0.00075
0.183	0	-0.0006
0.184	0	-0.0003
0.185	0	0
0.186	-5E-05	-0.00105
0.187	0	-0.0006
0.188	0	-0.00075
0.189	0	-0.00075
0.19	0	-0.0009
0.191	0	-0.0009
0.192	-5E-05	-0.00015
0.193	-5E-05	-0.00045
0.194	0	-0.0012
0.195	0	-0.0006
0.196	-5E-05	-0.0003
0.197	0	-0.0012
0.198	-5E-05	-0.00075
0.199	0	-0.00045
0.2	0	-0.0003
0.201	0	-0.0003
0.202	0	-0.0003
0.203	-5E-05	-0.00135
0.204	0	-0.0006
0.205	0	-0.00105
0.206	0	-0.0006
0.207	-5E-05	-0.0003
0.208	0	-0.0015
0.209	0	-0.0003
0.21	0	-0.00045
0.211	-5E-05	-0.0006
0.212	0	-0.00105
0.213	-5E-05	-0.0003
0.214	0	-0.00045
0.215	0	-0.0003
0.216	0	-0.00075
0.217	0	-0.00015
0.218	-5E-05	0.00045
0.219	0	-0.00105
0.22	-5E-05	-0.00015
0.221	0	-0.00045
0.222	-5E-05	-0.0012
0.223	-5E-05	-0.0009
0.224	0	-0.00105
0.225	0	-0.00135
0.226	0	-0.00075
0.227	-5E-05	-0.0003
0.228	-5E-05	-0.00045
0.229	-5E-05	0
0.23	0	-0.00015
0.231	0	-0.00045
0.232	0	-0.00045
0.233	0	-0.00075
0.234	0	-0.0012
0.235	0	-0.0009
0.236	-5E-05	-0.00105
0.237	0	-0.00105
0.238	-5E-05	-0.0009
0.239	0	-0.00045
0.24	-5E-05	-0.00135
0.241	0	-0.0006
0.242	0	-0.00075
0.243	-5E-05	-0.0012
0.244	0	-0.00135
0.245	-5E-05	-0.0012
0.246	0	-0.0009
0.247	0	-0.00075
0.248	-5E-05	-0.0006
0.249	0	-0.00105
0.25	-5E-05	-0.0009
0.251	0	-0.00075
0.252	0	-0.0009
0.253	0	-0.0012
0.254	0	-0.0015
0.255	0	-0.00105
0.256	0	-0.0006
0.257	0	-0.00075
0.258	0	-0.00135
0.259	-5E-05	-0.00165
0.26	0	-0.0012
0.261	0	-0.0003
0.262	5E-05	-0.0006
0.263	0	-0.00105
0.264	0	-0.0006
0.265	0	-0.00075
0.266	0	-0.00045
0.267	0	-0.00015
0.268	-5E-05	-0.00105
0.269	0	-0.0012
0.27	-5E-05	-0.00105
0.271	0	-0.00075
0.272	0	-0.00015
0.273	0	-0.0009
0.274	-5E-05	-0.00105
0.275	-5E-05	-0.00135
0.276	0	-0.0009
0.277	-5E-05	-0.00045
0.278	0	0.00015
0.279	-5E-05	-0.00075
0.28	0	-0.0006
0.281	0	-0.00015
0.282	0	-0.00015
0.283	0	-0.00015
0.284	0	0.00015
0.285	0	-0.0012
0.286	0	-0.0009
0.287	0	-0.0003
0.288	0	-0.00075
0.289	0	-0.00045
0.29	0	-0.0003
0.291	0	-0.00105
0.292	-5E-05	-0.00045
0.293	-5E-05	-0.0003
0.294	0	-0.00045
0.295	-5E-05	-0.00015
0.296	-5E-05	-0.0006
0.297	0	-0.0006
0.298	-5E-05	0
0.299	0	0
0.3	0	0
0.301	0	0
0.302	0	-0.00045
0.303	-5E-05	-0.00015
0.304	-5E-05	-0.0006
0.305	-5E-05	-0.00045
0.306	0	-0.0006
0.307	-5E-05	-0.0003
0.308	0	-0.00075
0.309	0	-0.0009
0.31	0	-0.00045
0.311	-5E-05	-0.00015
0.312	0	0.00015
0.313	0	-0.0003
0.314	0	-0.00045
0.315	0	-0.00015
0.316	-5E-05	-0.00015
0.317	0	-0.0006
0.318	-5E-05	-0.00015
0.319	0	0
0.32	0	-0.00075
0.321	-5E-05	-0.00045
0.322	-5E-05	-0.0009
0.323	-5E-05	-0.00075
0.324	0	-0.00045
0.325	-5E-05	-0.00045
0.326	0	-0.0006
0.327	0	-0.0009
0.328	0	0.0003
0.329	-5E-05	0
0.33	0	-0.0003
0.331	0	-0.00075
0.332	-5E-05	-0.0006
0.333	0	-0.00015
0.334	0	-0.00015
0.335	0	-0.0003
0.336	0	-0.00015
0.337	0	-0.0003
0.338	0	-0.00045
0.339	-5E-05	-0.0009
0.34	0	-0.00075
0.341	0	-0.00075
0.342	-5E-05	-0.00105
0.343	-5E-05	-0.00075
0.344	0	-0.00045
0.345	0	-0.0009
0.346	0	0.00015
0.347	0	0.00015
0.348	-5E-05	-0.0006
0.349	0	-0.00045
0.35	-5E-05	-0.0003
0.351	0	-0.00045
0.352	-5E-05	-0.00015
0.353	-5E-05	-0.0012
0.354	0	-0.00045
0.355	0	-0.00015
0.356	0	-0.00075
0.357	0	-0.00045
0.358	0	-0.0003
0.359	-5E-05	-0.0009
0.36	0	-0.00045
0.361	0	-0.0003
0.362	-5E-05	-0.0006
0.363	0	-0.00045
0.364	-5E-05	0.00015
0.365	0	0.00015
0.366	0	-0.00015
0.367	0	-0.00015
0.368	-5E-05	0.00015
0.369	-5E-05	0.00015
0.37	0	-0.0006
0.371	-5E-05	-0.0006
0.372	0	-0.00045
0.373	0	-0.00045
0.374	0	-0.00045
0.375	-5E-05	-0.00045
0.376	0	-0.00045
0.377	-5E-05	0
0.378	-5E-05	0
0.379	-5E-05	-0.00075
0.38	-5E-05	-0.00045
0.381	0	-0.00015
0.382	0	0
0.383	0	0
0.384	-5E-05	-0.00045
0.385	0	-0.0003
0.386	0	0.00015
0.387	0	-0.0006
0.388	0	-0.0012
0.389	-5E-05	-0.00015
0.39	0	-0.00075
0.391	0	-0.0003
0.392	0	0
0.393	0	-0.00045
0.394	0	-0.00015
0.395	0	-0.00015
0.396	0	-0.00045
0.397	0	0
0.398	0	-0.00015
0.399	0	-0.00015
0.4	0	0.00015
0.401	0	-0.00015
0.402	0	-0.00045
0.403	0	-0.0003
0.404	0	-0.00015
0.405	-5E-05	-0.00075
0.406	0	-0.0003
0.407	0	-0.0003
0.408	0	-0.0003
0.409	0	0
0.41	0	-0.00045
0.411	-5E-05	-0.0003
0.412	-5E-05	0.00015
0.413	0	0
0.414	0	-0.0003
0.415	0	0.0003
0.416	-5E-05	-0.0006
0.417	0	-0.00015
0.418	0	0.00015
0.419	0	-0.00045
0.42	-5E-05	-0.00015
0.421	0	-0.0006
0.422	0	-0.00135
0.423	0	-0.00045
0.424	0	-0.00015
0.425	-5E-05	-0.0006
0.426	0	0
0.427	0	-0.0006
0.428	0	-0.00015
0.429	-5E-05	0.00015
0.43	0	-0.00015
0.431	0	-0.00045
0.432	-5E-05	-0.00015
0.433	5E-05	-0.0003
0.434	0	0
0.435	0	0
0.436	-5E-05	-0.0003
0.437	0	-0.0003
0.438	-5E-05	-0.00045
0.439	0	-0.00045
0.44	0	-0.0009
0.441	-5E-05	-0.00045
0.442	-5E-05	-0.00075
0.443	-5E-05	-0.0009
0.444	0	0
0.445	-5E-05	-0.0006
0.446	-5E-05	-0.0003
0.447	-5E-05	-0.0006
0.448	0	-0.0006
0.449	-5E-05	-0.00075
0.45	0	-0.0003
0.451	-5E-05	-0.0006
0.452	-5E-05	-0.0006
0.453	0	-0.00105
0.454	0	-0.00075
0.455	0	-0.00015
0.456	-5E-05	-0.0012
0.457	-5E-05	-0.0012
0.458	0	-0.0012
0.459	0	-0.00105
0.46	0	-0.00075
0.461	-5E-05	-0.00075
0.462	-5E-05	-0.0003
0.463	0	-0.00045
0.464	-5E-05	-0.0006
0.465	0	-0.0006
0.466	-5E-05	-0.00075
0.467	0	-0.00075
0.468	0	-0.0006
0.469	0	-0.0006
0.47	-5E-05	-0.0009
0.471	-5E-05	-0.0009
0.472	0	-0.00045
0.473	0	-0.00075
0.474	-5E-05	-0.00015
0.475	-5E-05	-0.0006
0.476	-5E-05	-0.00075
0.477	0	-0.0006
0.478	0	-0.0009
0.479	0	-0.00045
0.48	0	-0.00015
0.481	0	-0.0003
0.482	-5E-05	-0.00045
0.483	0	-0.0003
0.484	-5E-05	-0.00075
0.485	0	-0.0006
0.486	0	0
0.487	0	-0.00075
0.488	0	-0.00075
0.489	-5E-05	-0.0006
0.49	0	-0.00075
0.491	0	-0.00075
0.492	-5E-05	-0.00075
0.493	-5E-05	-0.0012
0.494	0	-0.00045
0.495	-5E-05	-0.0003
0.496	-5E-05	-0.0006
0.497	0	-0.0003
0.498	-5E-05	-0.0003
0.499	0	-0.0006
0.5	5E-05	-0.00015
0.501	0	-0.0003
0.502	-5E-05	-0.00045
0.503	-5E-05	-0.00045
0.504	0	-0.00075
0.505	0	-0.0009
0.506	-5E-05	-0.0006
0.507	-5E-05	-0.00075
0.508	-5E-05	-0.0012
0.509	0	-0.0003
0.51	0	-0.00045
0.511	-5E-05	-0.0006
0.512	0	0
0.513	0	-0.00045
0.514	0	-0.00045
0.515	0	0
0.516	-5E-05	-0.00045
0.517	0	-0.0003
0.518	-5E-05	0
0.519	0	-0.0009
0.52	0	-0.0006
0.521	0	-0.00075
0.522	-5E-05	-0.00105
0.523	-5E-05	-0.0009
0.524	0	-0.00075
0.525	0	-0.0009
0.526	0	-0.00045
0.527	0	-0.00075
0.528	0	-0.00045
0.529	-5E-05	0
0.53	0	-0.00045
0.531	0	-0.00045
0.532	0	-0.0003
0.533	0	-0.00045
0.534	0	-0.0003
0.535	0	-0.0003
0.536	0	-0.00105
0.537	0	-0.0006
0.538	-5E-05	-0.0003
0.539	-5E-05	-0.00075
0.54	0	-0.00075
0.541	0	-0.00075
0.542	0	-0.00075
0.543	-5E-05	-0.0006
0.544	0	-0.0003
0.545	0	-0.00045
0.546	-5E-05	-0.00015
0.547	0	-0.00045
0.548	0	0
0.549	0	-0.00045
0.55	0	-0.00045
0.551	0	-0.0003
0.552	-5E-05	0
0.553	0	-0.0003
0.554	0	-0.00045
0.555	0	-0.00015
0.556	0	-0.0009
0.557	-5E-05	-0.0003
0.558	0	-0.0006
0.559	-5E-05	-0.0003
0.56	0	-0.0006
0.561	0	-0.0006
0.562	0	-0.00075
0.563	-5E-05	-0.00015
0.564	-5E-05	0
0.565	-5E-05	-0.00015
0.566	0	0
0.567	0	-0.00045
0.568	0	0
0.569	0	-0.00015
0.57	0	-0.0003
0.571	0	-0.00075
0.572	0	-0.0006
0.573	-5E-05	-0.00075
0.574	-5E-05	-0.00045
0.575	0	-0.00045
0.576	0	-0.0006
0.577	0	-0.00015
0.578	0	-0.00015
0.579	0	-0.0003
0.58	5E-05	-0.0003
0.581	0	0.00015
0.582	0	-0.00015
0.583	-5E-05	-0.00015
0.584	-5E-05	-0.00015
0.585	0	-0.0006
0.586	-5E-05	0.00015
0.587	0	-0.00045
0.588	-5E-05	-0.0003
0.589	0	-0.00075
0.59	0	-0.00075
0.591	0	-0.00045
0.592	0	-0.00015
0.593	-5E-05	-0.00045
0.594	0	0
0.595	-5E-05	-0.00045
0.596	0	-0.0006
0.597	0	0.00015
0.598	0	-0.0003
0.599	0	-0.0003
0.6	-5E-05	0
0.601	0	-0.00015
0.602	0	-0.00045
0.603	-5E-05	-0.00075
0.604	0	-0.0006
0.605	0	-0.00075
0.606	-5E-05	-0.00075
0.607	0	-0.0006
0.608	0	-0.0006
0.609	0	-0.00015
0.61	0	0
0.611	0	-0.0003
0.612	0	-0.0006
0.613	-5E-05	-0.00045
0.614	0	-0.00015
0.615	-5E-05	0.0003
0.616	0	0
0.617	0	-0.0003
0.618	0	-0.0003
0.619	0	-0.0003
0.62	0	0.00015
0.621	0	-0.0003
0.622	0	-0.0006
0.623	0	0
0.624	0	-0.00045
0.625	0	-0.00015
0.626	0	0.00015
0.627	0	-0.00045
0.628	0	0
0.629	-5E-05	0.00015
0.63	0	0.0003
0.631	-5E-05	0.00045
0.632	0	0.00045
0.633	0	-0.00045
0.634	0	0
0.635	5E-05	0.00015
0.636	0	-0.00015
0.637	0	0.0003
0.638	-5E-05	-0.00015
0.639	0	-0.00015
0.64	-5E-05	0
0.641	0	-0.0006
0.642	-5E-05	-0.0006
0.643	0	0
0.644	0	0
0.645	0	0
0.646	0	0.00045
0.647	0	0.00015
0.648	0	0.00045
0.649	0	0.00075
0.65	-5E-05	-0.00015
0.651	0	0.00015
0.652	-5E-05	-0.00015
0.653	0	-0.00045
0.654	0	-0.0003
0.655	0	0.00045
0.656	-5E-05	-0.0003
0.657	0	-0.0003
0.658	0	0.00015
0.659	0	-0.0006
0.66	0	0.0003
0.661	0	0
0.662	0	-0.00045
0.663	-5E-05	-0.00015
0.664	0	-0.0003
0.665	-5E-05	0.00015
0.666	0	0.00105
0.667	0	-0.0006
0.668	0	-0.00105
0.669	0	-0.0006
0.67	-5E-05	-0.0009
0.671	0	0
0.672	0	-0.0003
0.673	0	-0.0012
0.674	-5E-05	-0.0009
0.675	-5E-05	-0.00075
0.676	0	-0.0006
0.677	-5E-05	-0.00045
0.678	0	-0.0009
0.679	0	-0.0009
0.68	-5E-05	-0.0006
0.681	0	-0.00045
0.682	-5E-05	-0.0003
0.683	-5E-05	-0.0003
0.684	0	-0.00075
0.685	-5E-05	-0.0009
0.686	-5E-05	-0.0006
0.687	-5E-05	-0.0006
0.688	0	-0.00105
0.689	-5E-05	-0.0012
0.69	0	-0.00075
0.691	0	-0.0006
0.692	0	-0.0009
0.693	-5E-05	-0.0006
0.694	0	-0.0006
0.695	0	-0.0003
0.696	-5E-05	-0.00075
0.697	0	0
0.698	-5E-05	-0.00045
0.699	0	-0.00045
0.7	-5E-05	-0.00015
0.701	0	-0.00045
0.702	-5E-05	-0.0003
0.703	0	-0.00105
0.704	0	-0.00045
0.705	0	-0.00075
0.706	0	-0.00045
0.707	0	-0.0009
0.708	0	-0.00075
0.709	-5E-05	-0.00015
0.71	0	-0.00045
0.711	-5E-05	-0.0006
0.712	0	-0.00045
0.713	0	-0.00075
0.714	0	-0.00045
0.715	0	0.00015
0.716	0	-0.00015
0.717	0	0.00015
0.718	0	0
0.719	0	-0.0006
0.72	0	0.00015
0.721	-5E-05	-0.00045
0.722	-5E-05	-0.00075
0.723	0	-0.00045
0.724	0	-0.0003
0.725	0	-0.0006
0.726	0	0
0.727	-5E-05	-0.00045
0.728	0	0.00045
0.729	-5E-05	-0.00015
0.73	-5E-05	-0.00075
0.731	0	-0.0003
0.732	-5E-05	-0.00015
0.733	0	0
0.734	0	-0.00015
0.735	5E-05	0
0.736	0	-0.00015
0.737	-5E-05	-0.00015
0.738	0	-0.00075
0.739	0	-0.00015
0.74	-5E-05	-0.00075
0.741	0	-0.00075
0.742	0	-0.00045
0.743	-5E-05	-0.00045
0.744	0	-0.00045
0.745	0	0
0.746	0	0
0.747	-5E-05	-0.00045
0.748	0	-0.0003
0.749	-5E-05	-0.00015
0.75	-5E-05	-0.0003
0.751	0	0.00015
0.752	0	0.00015
0.753	0	-0.00045
0.754	0	-0.0003
0.755	0	-0.00045
0.756	-5E-05	-0.0003
0.757	-5E-05	-0.00045
0.758	0	-0.0003
0.759	0	-0.0012
0.76	0	-0.00015
0.761	0	-0.00075
0.762	0	-0.00045
0.763	0	0.0003
0.764	0	0.00015
0.765	0	0.0003
0.766	0	-0.00015
0.767	-5E-05	-0.00045
0.768	0	-0.0009
0.769	0	-0.00015
0.77	-5E-05	-0.00045
0.771	0	-0.0006
0.772	0	-0.0012
0.773	0	-0.0009
0.774	-5E-05	0.00075
0.775	-5E-05	-0.00015
0.776	0	-0.00105
0.777	-5E-05	-0.00105
0.778	-5E-05	-0.0006
0.779	-5E-05	-0.0003
0.78	0	-0.00015
0.781	0	-0.0006
0.782	0	-0.0003
0.783	-5E-05	0.00015
0.784	0	-0.00105
0.785	0	-0.00045
0.786	0	-0.00045
0.787	0	-0.0006
0.788	-5E-05	-0.00045
0.789	0	-0.00105
0.79	0	-0.00135
0.791	0	-0.0003
0.792	-5E-05	0
0.793	0	-0.00075
0.794	-5E-05	-0.00075
0.795	0	-0.00075
0.796	0	-0.00045
0.797	0	0
0.798	0	-0.0006
0.799	0	-0.0009
0.8	0	0.00015
0.801	-5E-05	-0.0003
0.802	0	-0.00045
0.803	0	-0.00075
0.804	-5E-05	-0.0015
0.805	0	-0.0009
0.806	0	-0.0003
0.807	0	-0.0012
0.808	0	-0.00075
0.809	0	-0.0006
0.81	-5E-05	-0.00105
0.811	-5E-05	-0.0009
0.812	0	-0.0003
0.813	-5E-05	-0.00105
0.814	-5E-05	-0.0003
0.815	0	-0.00075
0.816	0	-0.00045
0.817	0	0
0.818	0	-0.0006
0.819	0	-0.0012
0.82	-5E-05	-0.0006
0.821	0	-0.0006
0.822	0	-0.0009
0.823	-5E-05	-0.00045
0.824	-5E-05	-0.0012
0.825	0	-0.0012
0.826	-5E-05	-0.00105
0.827	0	-0.00135
0.828	0	-0.0003
0.829	0	-0.0003
0.83	-5E-05	-0.0006
0.831	-5E-05	-0.0003
0.832	0	-0.00045
0.833	0	-0.00075
0.834	-5E-05	0.00015
0.835	0	-0.0003
0.836	-5E-05	-0.00075
0.837	0	-0.00075
0.838	0	-0.00105
0.839	0	-0.0006
0.84	-5E-05	-0.0009
0.841	-5E-05	-0.0009
0.842	0	-0.00075
0.843	-5E-05	-0.00015
0.844	0	0.00015
0.845	0	-0.0006
0.846	0	-0.0006
0.847	0	-0.0006
0.848	0	-0.00015
0.849	0	-0.00075
0.85	0	-0.0003
0.851	-5E-05	0
0.852	-5E-05	-0.00045
0.853	0	-0.00015
0.854	-5E-05	-0.0003
0.855	-5E-05	-0.0006
0.856	0	-0.00075
0.857	0	-0.0006
0.858	-5E-05	-0.00105
0.859	0	-0.00045
0.86	0	0
0.861	-5E-05	-0.0003
0.862	0	-0.0003
0.863	-5E-05	0
0.864	0	-0.00015
0.865	5E-05	0.00045
0.866	0	-0.00045
0.867	0	-0.00075
0.868	0	0.0003
0.869	0	-0.0009
0.87	0	-0.0003
0.871	0	0.0006
0.872	-5E-05	-0.00045
0.873	-5E-05	-0.00075
0.874	-5E-05	-0.00015
0.875	0	-0.00075
0.876	0	-0.0003
0.877	0	-0.00015
0.878	0	-0.0006
0.879	0	-0.00015
0.88	0	-0.0003
0.881	-5E-05	-0.00075
0.882	0	0.00015
0.883	0	0
0.884	0	-0.0006
0.885	0	0
0.886	0	-0.00015
0.887	0	-0.0012
0.888	-5E-05	-0.00045
0.889	0	-0.00045
0.89	0	-0.0009
0.891	0	-0.00075
0.892	0	-0.0009
0.893	0	-0.00045
0.894	-5E-05	-0.00045
0.895	5E-05	-0.00045
0.896	0	-0.0006
0.897	0	0
0.898	-5E-05	-0.0003
0.899	0	-0.0006
0.9	0	0
0.901	0	-0.00045
0.902	-5E-05	-0.00015
0.903	0	-0.00045
0.904	0	-0.0006
0.905	0	-0.0003
0.906	0	-0.00045
0.907	-5E-05	-0.0003
0.908	-5E-05	-0.0009
0.909	0	-0.00105
0.91	0	-0.00075
0.911	0	0
0.912	0	-0.00045
0.913	0	-0.00045
0.914	-5E-05	0.00045
0.915	0	-0.0003
0.916	0	-0.0003
0.917	0	-0.00015
0.918	-5E-05	-0.0006
0.919	0	-0.0006
0.92	0	-0.0006
0.921	-5E-05	-0.00075
0.922	5E-05	-0.00015
0.923	0	-0.0009
0.924	0	-0.0009
0.925	-5E-05	-0.00015
0.926	0	-0.0006
0.927	0	-0.00105
0.928	0	0
0.929	-5E-05	-0.0009
0.93	-5E-05	-0.00045
0.931	0	0.0003
0.932	0	-0.00015
0.933	0	-0.00015
0.934	-5E-05	-0.00045
0.935	-5E-05	-0.00105
0.936	0	-0.0003
0.937	-5E-05	-0.00075
0.938	-5E-05	-0.00105
0.939	-5E-05	-0.0006
0.94	0	-0.0009
0.941	-5E-05	-0.0009
0.942	0	-0.0003
0.943	0	-0.00045
0.944	0	-0.0009
0.945	-5E-05	-0.0003
0.946	0	-0.00075
0.947	0	-0.0009
0.948	-5E-05	0
0.949	0	0
0.95	0	-0.00105
0.951	0	-0.0003
0.952	-5E-05	-0.0006
0.953	0	-0.00045
0.954	0	-0.0003
0.955	-5E-05	-0.00105
0.956	-5E-05	-0.0006
0.957	0	-0.0003
0.958	0	-0.00075
0.959	0	-0.0006
0.96	0	-0.0003
0.961	0	-0.0009
0.962	0	-0.0006
0.963	0	-0.00045
0.964	-5E-05	-0.00045
0.965	0	0.0003
0.966	0	-0.0003
0.967	0	-0.0006
0.968	0	0.0003
0.969	0	-0.0003
0.97	0	-0.0003
0.971	0	-0.0006
0.972	-5E-05	-0.0012
0.973	0	-0.00045
0.974	0	-0.00045
0.975	-5E-05	-0.00075
0.976	0	-0.00045
0.977	-5E-05	-0.0006
0.978	0	-0.00075
0.979	0	0.00015
0.98	0	-0.00045
0.981	-5E-05	-0.0006
0.982	-5E-05	-0.00015
0.983	0	-0.0006
0.984	0	-0.00015
0.985	0	0
0.986	0	-0.00015
0.987	0	-0.00075
0.988	-5E-05	-0.00075
0.989	0	-0.0012
0.99	0	-0.00045
0.991	0	-0.0006
0.992	0	-0.00135
0.993	0	-0.0003
0.994	0	-0.0006
0.995	0	-0.00045
0.996	0	-0.0003
0.997	-5E-05	0.0003
0.998	0	-0.0003
0.999	0	-0.0003
1	0	-0.00075
1.001	0	-0.00045
1.002	0	0
1.003	0	-0.00045
1.004	-5E-05	-0.00045
1.005	0	-0.0003
1.006	0	-0.0006
1.007	0	-0.00075
1.008	-5E-05	-0.00015
1.009	0	-0.00075
1.01	0	-0.00015
1.011	0	0
1.012	0	0
1.013	-5E-05	-0.0006
1.014	0	-0.00015
1.015	-5E-05	0.00015
1.016	0	0
1.017	-5E-05	-0.00015
1.018	0	-0.0006
1.019	-5E-05	0.00015
1.02	-5E-05	-0.00045
1.021	0	-0.0006
1.022	-5E-05	0
1.023	0	-0.0003
1.024	-5E-05	-0.00045
1.025	0	-0.0003
1.026	0	-0.0003
1.027	0	-0.0003
1.028	0	0.00015
1.029	0	0
1.03	0	0.00015
1.031	0	0
1.032	-5E-05	-0.00015
1.033	0	0.0006
1.034	-5E-05	-0.0003
1.035	0	-0.0006
1.036	0	0.00015
1.037	-5E-05	0.00015
1.038	0	-0.00045
1.039	-5E-05	0
1.04	0	-0.0003
1.041	0	-0.00045
1.042	0	-0.00045
1.043	-5E-05	-0.00045
1.044	0	0.0003
1.045	0	0.0003
1.046	0	0
1.047	0	0.00015
1.048	0	0.0006
1.049	-5E-05	0.0003
1.05	0	0.0003
1.051	-5E-05	0.00045
1.052	0	0
1.053	0	0.00015
1.054	-5E-05	-0.0003
1.055	0	-0.00045
1.056	-5E-05	0
1.057	0	0.00015
1.058	0	-0.00015
1.059	-5E-05	0
1.06	0	0
1.061	-5E-05	0.00015
1.062	0	0.0003
1.063	-5E-05	-0.00015
1.064	0	0.0003
1.065	-5E-05	0.00015
1.066	0	0.0003
1.067	0	0.00015
1.068	0	0.00075
1.069	-5E-05	0.00015
1.07	-5E-05	-0.00075
1.071	0	-0.00045
1.072	0	-0.00045
1.073	0	0.00015
1.074	-5E-05	0
1.075	-5E-05	-0.00075
1.076	0	-0.00075
1.077	0	-0.00015
1.078	0	0.00015
1.079	-5E-05	0.00045
1.08	0	-0.0003
1.081	-5E-05	-0.00105
1.082	0	-0.0003
1.083	0	0.00045
1.084	0	0.00015
1.085	0	-0.0003
1.086	0	-0.0009
1.087	0	-0.00075
1.088	-5E-05	-0.0006
1.089	-5E-05	-0.0006
1.09	-5E-05	-0.00075
1.091	0	-0.0009
1.092	-5E-05	-0.0009
1.093	0	-0.00045
1.094	0	0.00015
1.095	0	0.00015
1.096	-5E-05	-0.00075
1.097	0	-0.0009
1.098	0	-0.00105
1.099	5E-05	-0.0003
1.1	0.0002	-0.00015
1.101	0.0004	-0.0009
1.102	0.00055	-0.00075
1.103	0.00055	-0.00075
1.104	0.0006	-0.00075
1.105	0.0006	-0.0003
1.106	0.0006	-0.0012
1.107	0.00065	-0.00135
1.108	0.00065	-0.00105
1.109	0.00065	-0.00135
1.11	0.0007	-0.00105
1.111	0.0007	-0.00075
1.112	0.0007	-0.00075
1.113	0.00075	-0.00045
1.114	0.00075	-0.00075
1.115	0.0008	-0.0006
1.116	0.0008	-0.00045
1.117	0.00085	-0.0009
1.118	0.00085	-0.0009
1.119	0.0009	-0.00105
1.12	0.0009	-0.00075
1.121	0.00105	-0.0009
1.122	0.0012	-0.00105
1.123	0.00145	-0.00075
1.124	0.00175	-0.00075
1.125	0.0022	-0.0006
1.126	0.00275	-0.0009
1.127	0.0034	-0.00045
1.128	0.004	-0.00045
1.129	0.0048	0.0003
1.13	0.00555	-0.00015
1.131	0.00595	0.0006
1.132	0.0062	0.0003
1.133	0.0066	0.0003
1.134	0.00695	0.0012
1.135	0.00725	0.00075
1.136	0.00755	0
1.137	0.0079	0.0003
1.138	0.00815	0.0003
1.139	0.00845	-0.00045
1.14	0.00875	-0.00015
1.141	0.00905	0.0003
1.142	0.00935	0
1.143	0.0096	0.0006
1.144	0.0099	0.0003
1.145	0.0102	0.00045
1.146	0.01045	0.0003
1.147	0.0107	0.00015
1.148	0.01095	0.00075
1.149	0.0112	0
1.15	0.01145	-0.00045
1.151	0.01175	0.00045
1.152	0.01195	0.0003
1.153	0.01215	0.00015
1.154	0.0124	0.00045
1.155	0.0126	-0.0003
1.156	0.0128	0
1.157	0.01305	-0.00015
1.158	0.0132	-0.0003
1.159	0.0134	0.0006
1.16	0.01365	-0.00015
1.161	0.0138	-0.0003
1.162	0.014	0.00075
1.163	0.01415	0.00105
1.164	0.0144	0
1.165	0.01455	0.00075
1.166	0.01475	0.0003
1.167	0.01495	0.00045
1.168	0.0151	0.0003
1.169	0.0153	0
1.17	0.0154	0.00045
1.171	0.01555	0.00075
1.172	0.0157	0.00015
1.173	0.01585	0
1.174	0.016	0
1.175	0.0161	0.00045
1.176	0.01625	0.0009
1.177	0.01645	0.0006
1.178	0.01655	-0.0006
1.179	0.0167	0.00105
1.18	0.01685	0.00135
1.181	0.01695	0.00105
1.182	0.0171	0.0006
1.183	0.01725	0.0009
1.184	0.01735	0.00105
1.185	0.01745	0.00135
1.186	0.0176	0.00075
1.187	0.0177	0
1.188	0.0178	0.0012
1.189	0.0179	0.00075
1.19	0.018	0.0006
1.191	0.0181	0.0006
1.192	0.0182	0.00015
1.193	0.0183	0.0009
1.194	0.0184	0.0012
1.195	0.0185	0.00045
1.196	0.0186	0.0009
1.197	0.0187	0.0012
1.198	0.0188	0.0012
1.199	0.0189	0.00135
1.2	0.019	0.00045
1.201	0.0191	0.00075
1.202	0.01915	0.0015
1.203	0.01925	0.00135
1.204	0.01935	0.00075
1.205	0.0194	0.0012
1.206	0.0195	0.00075
1.207	0.01955	0.00105
1.208	0.0196	0.00105
1.209	0.0197	0.00075
1.21	0.0198	0.00075
1.211	0.01985	0.0009
1.212	0.01995	0.00105
1.213	0.0202	0.00135
1.214	0.0204	0.0015
1.215	0.02065	0.00165
1.216	0.02085	0.00165
1.217	0.0212	0.0015
1.218	0.0214	0.00135
1.219	0.0217	0.00105
1.22	0.022	0.0009
1.221	0.0223	0.0009
1.222	0.0227	0.00105
1.223	0.023	0.0012
1.224	0.02335	0.00135
1.225	0.0237	0.00165
1.226	0.02405	0.0012
1.227	0.02445	0.00135
1.228	0.0249	0.0012
1.229	0.0253	0.00105
1.23	0.02575	0.00165
1.231	0.02625	0.00225
1.232	0.02665	0.00165
1.233	0.0271	0.0018
1.234	0.02755	0.0018
1.235	0.028	0.0024
1.236	0.02845	0.00165
1.237	0.02895	0.0012
1.238	0.0294	0.0015
1.239	0.0299	0.00195
1.24	0.03045	0.00195
1.241	0.0309	0.0018
1.242	0.03145	0.00195
1.243	0.03195	0.0018
1.244	0.0325	0.00195
1.245	0.0331	0.0021
1.246	0.0337	0.00225
1.247	0.0343	0.00195
1.248	0.03495	0.0021
1.249	0.03555	0.0021
1.25	0.0342	0.00255
1.251	0.0342	0.0027
1.252	0.0342	0.00255
1.253	0.03425	0.0027
1.254	0.03425	0.0021
1.255	0.03425	0.0018
1.256	0.03425	0.00225
1.257	0.03425	0.0021
1.258	0.03425	0.00135
1.259	0.03425	0.0021
1.26	0.03425	0.00195
1.261	0.03425	0.00255
1.262	0.0343	0.00255
1.263	0.03425	0.0021
1.264	0.0343	0.0024
1.265	0.03425	0.0024
1.266	0.0343	0.00285
1.267	0.0343	0.00285
1.268	0.03425	0.00255
1.269	0.0343	0.00255
1.27	0.03425	0.0021
1.271	0.0343	0.0021
1.272	0.0343	0.0021
1.273	0.03425	0.0024
1.274	0.0343	0.00195
1.275	0.0343	0.0018
1.276	0.0343	0.00225
1.277	0.0343	0.00225
1.278	0.0343	0.0027
1.279	0.0343	0.00255
1.28	0.03435	0.0024
1.281	0.03435	0.00255
1.282	0.03435	0.0027
1.283	0.0343	0.00225
1.284	0.03435	0.0027
1.285	0.03435	0.0027
1.286	0.0343	0.0024
1.287	0.03435	0.0024
1.288	0.03435	0.00225
1.289	0.03435	0.0021
1.29	0.03435	0.00225
1.291	0.0344	0.00225
1.292	0.03435	0.0018
1.293	0.0344	0.00285
1.294	0.03435	0.0021
1.295	0.0344	0.00285
1.296	0.0344	0.00285
1.297	0.0344	0.00255
1.298	0.03335	0.00255
1.299	0.0331	0.00285
1.3	0.0331	0.0027
1.301	0.0331	0.003
1.302	0.03305	0.00315
1.303	0.033	0.0027
1.304	0.033	0.00255
1.305	0.033	0.0024
1.306	0.033	0.00195
1.307	0.033	0.00225
1.308	0.033	0.00225
1.309	0.033	0.0018
1.31	0.03295	0.0024
1.311	0.03305	0.0027
1.312	0.033	0.0024
1.313	0.0329	0.00285
1.314	0.03295	0.0024
1.315	0.033	0.00255
1.316	0.033	0.00285
1.317	0.03295	0.0027
1.318	0.033	0.0021
1.319	0.0329	0.00285
1.32	0.033	0.00225
1.321	0.033	0.0021
1.322	0.033	0.00255
1.323	0.03295	0.0021
1.324	0.03295	0.0021
1.325	0.03295	0.00195
1.326	0.03295	0.0015
1.327	0.03295	0.0021
1.328	0.033	0.0027
1.329	0.03295	0.0021
1.33	0.03295	0.00255
1.331	0.03295	0.00225
1.332	0.033	0.00255
1.333	0.03295	0.003
1.334	0.033	0.00255
1.335	0.03295	0.00225
1.336	0.03295	0.00285
1.337	0.03295	0.00225
1.338	0.03295	0.00165
1.339	0.03305	0.0024
1.34	0.0329	0.0018
1.341	0.033	0.00195
1.342	0.03295	0.0021
1.343	0.0329	0.00195
1.344	0.033	0.00225
1.345	0.03295	0.00255
1.346	0.03295	0.0021
1.347	0.03305	0.0024
1.348	0.03295	0.0027
1.349	0.033	0.0024
1.35	0.03295	0.00255
1.351	0.0329	0.00255
1.352	0.03295	0.00225
1.353	0.03295	0.00195
1.354	0.033	0.00195
1.355	0.03295	0.00165
1.356	0.03295	0.00195
1.357	0.03295	0.00195
1.358	0.033	0.0021
1.359	0.0329	0.0027
1.36	0.03295	0.0021
1.361	0.03295	0.0024
1.362	0.033	0.0021
1.363	0.033	0.0024
1.364	0.033	0.00255
1.365	0.03305	0.00225
1.366	0.033	0.00225
1.367	0.03295	0.003
1.368	0.03295	0.0024
1.369	0.033	0.00225
1.37	0.03295	0.0027
1.371	0.03295	0.0024
1.372	0.03295	0.00195
1.373	0.03295	0.00225
1.374	0.03295	0.0015
1.375	0.03295	0.0021
1.376	0.033	0.0027
1.377	0.03295	0.0021
1.378	0.033	0.0021
1.379	0.033	0.0021
1.38	0.03295	0.0018
1.381	0.033	0.00255
1.382	0.03295	0.00255
1.383	0.03295	0.00225
1.384	0.03295	0.0024
1.385	0.033	0.0027
1.386	0.03295	0.0024
1.387	0.033	0.0024
1.388	0.0329	0.00165
1.389	0.033	0.0018
1.39	0.03295	0.0021
1.391	0.033	0.00195
1.392	0.03305	0.0015
1.393	0.033	0.0024
1.394	0.0329	0.00225
1.395	0.0329	0.00225
1.396	0.03295	0.0024
1.397	0.0329	0.00135
1.398	0.03295	0.00225
1.399	0.03295	0.00255
1.4	0.03295	0.0021
1.401	0.033	0.00225
1.402	0.03295	0.00225
1.403	0.03295	0.0024
1.404	0.0329	0.0021
1.405	0.03295	0.0018
1.406	0.03295	0.0018
1.407	0.03295	0.0021
1.408	0.03295	0.00135
1.409	0.0329	0.00135
1.41	0.03295	0.00195
1.411	0.03295	0.00195
1.412	0.03305	0.0021
1.413	0.03295	0.00225
1.414	0.03295	0.0018
1.415	0.03285	0.0024
1.416	0.033	0.00255
1.417	0.033	0.0021
1.418	0.03295	0.0015
1.419	0.033	0.0021
1.42	0.033	0.0018
1.421	0.03295	0.00225
1.422	0.03295	0.0018
1.423	0.03295	0.00135
1.424	0.0329	0.00165
1.425	0.03295	0.0018
1.426	0.03295	0.00165
1.427	0.03295	0.0018
1.428	0.03295	0.0018
1.429	0.033	0.00165
1.43	0.0329	0.0021
1.431	0.033	0.00195
1.432	0.033	0.0018
1.433	0.033	0.0027
1.434	0.03295	0.0015
1.435	0.033	0.00165
1.436	0.03295	0.0018
1.437	0.033	0.0018
1.438	0.03295	0.00195
1.439	0.033	0.0015
1.44	0.0329	0.0012
1.441	0.033	0.0018
1.442	0.03295	0.0018
1.443	0.0329	0.00165
1.444	0.033	0.00165
1.445	0.0329	0.00105
1.446	0.03295	0.00135
1.447	0.03295	0.0024
1.448	0.033	0.0021
1.449	0.03295	0.00195
1.45	0.0329	0.0021
1.451	0.03295	0.0015
1.452	0.03295	0.0015
1.453	0.033	0.0018
1.454	0.03295	0.00135
1.455	0.03295	0.00165
1.456	0.03295	0.0015
1.457	0.03305	0.00135
1.458	0.03295	0.00135
1.459	0.03295	0.00105
1.46	0.03295	0.0012
1.461	0.03295	0.00195
1.462	0.033	0.00195
1.463	0.0329	0.00135
1.464	0.033	0.00195
1.465	0.03295	0.0018
1.466	0.0329	0.0021
1.467	0.0329	0.00225
1.468	0.03295	0.0021
1.469	0.03295	0.0012
1.47	0.03295	0.00195
1.471	0.0329	0.00195
1.472	0.03295	0.00225
1.473	0.03295	0.00195
1.474	0.03295	0.00105
1.475	0.03295	0.00135
1.476	0.0329	0.0021
1.477	0.0329	0.0021
1.478	0.03295	0.00225
1.479	0.03295	0.0021
1.48	0.033	0.00135
1.481	0.03295	0.00255
1.482	0.033	0.00285
1.483	0.03295	0.00285
1.484	0.033	0.00285
1.485	0.03295	0.0024
1.486	0.03295	0.00195
1.487	0.03295	0.0021
1.488	0.03295	0.00255
1.489	0.03295	0.00195
1.49	0.03295	0.00225
1.491	0.03295	0.00135
1.492	0.03295	0.0021
1.493	0.03295	0.0024
1.494	0.03295	0.00225
1.495	0.03295	0.00285
1.496	0.03295	0.0021
1.497	0.03295	0.00225
1.498	0.033	0.0027
1.499	0.03295	0.0027
1.5	0.03295	0.0027
1.501	0.03295	0.0024
1.502	0.03295	0.00195
1.503	0.03295	0.0027
1.504	0.03295	0.00225
1.505	0.033	0.0021
1.506	0.03295	0.00225
1.507	0.0329	0.0021
1.508	0.0329	0.0021
1.509	0.03295	0.0024
1.51	0.033	0.0024
1.511	0.033	0.00255
1.512	0.03295	0.0033
1.513	0.03295	0.0024
1.514	0.03295	0.00225
1.515	0.03295	0.00255
1.516	0.03295	0.0024
1.517	0.033	0.003
1.518	0.033	0.00315
1.519	0.03295	0.0027
1.52	0.033	0.0027
1.521	0.03295	0.00225
1.522	0.03295	0.00135
1.523	0.03295	0.0021
1.524	0.03295	0.00195
1.525	0.03295	0.0018
1.526	0.033	0.00195
1.527	0.033	0.0024
1.528	0.0329	0.00225
1.529	0.03295	0.00225
1.53	0.03295	0.00255
1.531	0.03295	0.0021
1.532	0.033	0.00225
1.533	0.03295	0.00315
1.534	0.033	0.0021
1.535	0.0329	0.00255
1.536	0.033	0.00255
1.537	0.03295	0.0018
1.538	0.03295	0.0027
1.539	0.033	0.00195
1.54	0.03295	0.0015
1.541	0.0329	0.00225
1.542	0.03295	0.00195
1.543	0.033	0.00135
1.544	0.03295	0.00255
1.545	0.03295	0.0018
1.546	0.03295	0.0024
1.547	0.03295	0.0027
1.548	0.03295	0.0024
1.549	0.03295	0.0021
1.55	0.033	0.0024
1.551	0.033	0.00255
1.552	0.03295	0.00285
1.553	0.03295	0.0024
1.554	0.03305	0.00255
1.555	0.03295	0.00315
1.556	0.03295	0.0021
1.557	0.03295	0.0021
1.558	0.0329	0.00195
1.559	0.03295	0.00225
1.56	0.03295	0.0015
1.561	0.0329	0.00225
1.562	0.03305	0.0027
1.563	0.033	0.0024
1.564	0.033	0.0024
1.565	0.03295	0.00255
1.566	0.0329	0.003
1.567	0.03295	0.0027
1.568	0.033	0.00225
1.569	0.033	0.00225
1.57	0.033	0.0024
1.571	0.03295	0.0021
1.572	0.03295	0.00195
1.573	0.03295	0.0024
1.574	0.033	0.00195
1.575	0.03295	0.00285
1.576	0.033	0.00195
1.577	0.0329	0.00225
1.578	0.03295	0.0018
1.579	0.03305	0.0024
1.58	0.03295	0.0027
1.581	0.033	0.003
1.582	0.03295	0.00285
1.583	0.033	0.00255
1.584	0.033	0.00255
1.585	0.0329	0.00165
1.586	0.03295	0.0027
1.587	0.03295	0.00195
1.588	0.03295	0.0018
1.589	0.03295	0.00225
1.59	0.03295	0.0027
1.591	0.03295	0.0024
1.592	0.03295	0.00225
1.593	0.03295	0.00225
1.594	0.03295	0.00195
1.595	0.033	0.0027
1.596	0.03295	0.00255
1.597	0.03295	0.0021
1.598	0.03295	0.0027
1.599	0.03305	0.0018
1.6	0.033	0.0027
1.601	0.033	0.00285
1.602	0.03295	0.00255
1.603	0.033	0.00255
1.604	0.033	0.00225
1.605	0.0329	0.0024
1.606	0.03295	0.00165
1.607	0.03295	0.0021
1.608	0.03295	0.00195
1.609	0.03295	0.00255
1.61	0.033	0.00195
1.611	0.03295	0.00195
1.612	0.033	0.00255
1.613	0.0329	0.0027
1.614	0.03295	0.0024
1.615	0.03295	0.0027
1.616	0.033	0.0024
1.617	0.03305	0.0033
1.618	0.03295	0.00315
1.619	0.03285	0.0027
1.62	0.03295	0.0027
1.621	0.03305	0.00225
1.622	0.033	0.0018
1.623	0.033	0.00225
1.624	0.0329	0.00225
1.625	0.03295	0.00225
1.626	0.033	0.0024
1.627	0.0329	0.0015
1.628	0.03295	0.00225
1.629	0.0329	0.00285
1.63	0.033	0.0024
1.631	0.03295	0.00255
1.632	0.033	0.00255
1.633	0.03295	0.0024
1.634	0.0329	0.0024
1.635	0.033	0.00285
1.636	0.03295	0.0024
1.637	0.03295	0.00225
1.638	0.03295	0.00255
1.639	0.0329	0.0021
1.64	0.033	0.0018
1.641	0.033	0.00165
1.642	0.03295	0.00045
1.643	0.03295	0.00225
1.644	0.03295	0.0021
1.645	0.03295	0.00255
1.646	0.03295	0.0024
1.647	0.033	0.0021
1.648	0.0329	0.00165
1.649	0.0329	0.00195
1.65	0.03295	0.00285
1.651	0.033	0.0024
1.652	0.033	0.00285
1.653	0.03295	0.0012
1.654	0.033	0.0021
1.655	0.033	0.00225
1.656	0.0329	0.00165
1.657	0.03295	0.00165
1.658	0.033	0.0012
1.659	0.0329	0.0018
1.66	0.03295	0.00255
1.661	0.033	0.00255
1.662	0.033	0.0021
1.663	0.033	0.00255
1.664	0.0329	0.0021
1.665	0.0329	0.00195
1.666	0.03295	0.00225
1.667	0.03295	0.0021
1.668	0.0329	0.00165
1.669	0.0329	0.00165
1.67	0.033	0.0021
1.671	0.03295	0.0021
1.672	0.03295	0.00225
1.673	0.03295	0.0018
1.674	0.03295	0.00195
1.675	0.03295	0.00195
1.676	0.03295	0.00135
1.677	0.0329	0.0015
1.678	0.03295	0.0021
1.679	0.03295	0.0015
1.68	0.0329	0.00255
1.681	0.03295	0.0024
1.682	0.033	0.0021
1.683	0.03295	0.0024
1.684	0.033	0.00225
1.685	0.03295	0.0015
1.686	0.0329	0.00165
1.687	0.03295	0.00225
1.688	0.0329	0.0015
1.689	0.03295	0.0021
1.69	0.033	0.00135
1.691	0.03295	0.00165
1.692	0.03295	0.00195
1.693	0.033	0.00165
1.694	0.03295	0.00195
1.695	0.033	0.00255
1.696	0.0329	0.0018
1.697	0.03305	0.00225
1.698	0.03295	0.00225
1.699	0.03295	0.00225
1.7	0.0329	0.00225
1.701	0.03295	0.00315
1.702	0.033	0.00255
1.703	0.03295	0.0021
1.704	0.03295	0.00195
1.705	0.03295	0.00195
1.706	0.033	0.00255
1.707	0.03295	0.00135
1.708	0.03295	0.00165
1.709	0.0329	0.0018
1.71	0.03295	0.0018
1.711	0.03295	0.0015
1.712	0.03295	0.00165
1.713	0.03295	0.00195
1.714	0.03295	0.00195
1.715	0.0329	0.00225
1.716	0.033	0.00255
1.717	0.03295	0.003
1.718	0.03295	0.0015
1.719	0.0329	0.0021
1.72	0.03295	0.00165
1.721	0.03295	0.00165
1.722	0.03295	0.00195
1.723	0.0329	0.00225
1.724	0.03295	0.00195
1.725	0.033	0.0015
1.726	0.0329	0.0024
1.727	0.0329	0.0018
1.728	0.03295	0.00225
1.729	0.03295	0.0018
1.73	0.033	0.00255
1.731	0.03295	0.00195
1.732	0.0329	0.0018
1.733	0.03295	0.0024
1.734	0.033	0.0024
1.735	0.03295	0.0018
1.736	0.0329	0.00165
1.737	0.0329	0.00225
1.738	0.033	0.00165
1.739	0.03305	0.0012
1.74	0.033	0.00195
1.741	0.03295	0.0018
1.742	0.0329	0.0015
1.743	0.03295	0.00255
1.744	0.0329	0.0021
1.745	0.0329	0.00195
1.746	0.03295	0.0024
1.747	0.03295	0.0012
1.748	0.03295	0.00225
1.749	0.03295	0.00255
1.75	0.03295	0.0018
1.751	0.033	0.0021
1.752	0.033	0.00225
1.753	0.03295	0.0015
1.754	0.03295	0.0024
1.755	0.03295	0.00225
1.756	0.03295	0.0009
1.757	0.033	0.00225
1.758	0.03295	0.00165
1.759	0.033	0.00195
1.76	0.0329	0.00225
1.761	0.033	0.00135
1.762	0.033	0.00195
1.763	0.0329	0.00225
1.764	0.0329	0.00285
1.765	0.03295	0.0027
1.766	0.033	0.00255
1.767	0.033	0.00225
1.768	0.033	0.00195
1.769	0.03295	0.0024
1.77	0.033	0.0021
1.771	0.03295	0.00195
1.772	0.03295	0.00225
1.773	0.0329	0.0018
1.774	0.03295	0.0012
1.775	0.0329	0.00225
1.776	0.0329	0.00195
1.777	0.033	0.00165
1.778	0.03295	0.00195
1.779	0.03295	0.0015
1.78	0.0329	0.0021
1.781	0.03295	0.0024
1.782	0.03295	0.0024
1.783	0.03295	0.0021
1.784	0.03295	0.00195
1.785	0.0329	0.0021
1.786	0.03295	0.00225
1.787	0.0329	0.00165
1.788	0.03295	0.0015
1.789	0.03295	0.00195
1.79	0.03295	0.0015
1.791	0.033	0.0021
1.792	0.03295	0.00165
1.793	0.0329	0.0006
1.794	0.03295	0.0015
1.795	0.03295	0.00135
1.796	0.0329	0.0018
1.797	0.03295	0.00225
1.798	0.03295	0.00165
1.799	0.0329	0.00225
1.8	0.0329	0.00255
1.801	0.033	0.00165
1.802		0.00135
1.803		0.00195
1.804		0.00165
1.805		0.0021
1.806		0.0021
1.807		0.00165
1.808		0.0018
1.809		0.0021
1.81		0.00165
1.811		0.0015
1.812		0.0021
