MIN=0	-0.1	-0.3
MAX=1.6	0.1	0.3
SCALE=0.1	0.05	0.1
DEC=3	4	4
DEF="Time" t / s	"Current" I_A1 / A	"Voltage" U_B1 / V
0	0	-0.00075
0.001	0	-0.0012
0.002	-5E-05	-0.00045
0.003	0	-0.0003
0.004	0	-0.0003
0.005	0	0
0.006	-5E-05	-0.00045
0.007	0	-0.0006
0.008	0	-0.0003
0.009	-5E-05	-0.00075
0.01	0	-0.0003
0.011	0	-0.00075
0.012	-5E-05	-0.00075
0.013	0	-0.0003
0.014	0	-0.00045
0.015	0	-0.0006
0.016	-5E-05	-0.00045
0.017	0	-0.00075
0.018	0	-0.0006
0.019	0	-0.00015
0.02	-5E-05	-0.0003
0.021	0	-0.00015
0.022	0	-0.00015
0.023	-5E-05	0.00015
0.024	0	-0.00045
0.025	0	0
0.026	0	-0.0003
0.027	0	-0.0003
0.028	0	-0.00015
0.029	0	-0.00045
0.03	0	-0.00045
0.031	0	-0.00045
0.032	0	-0.00045
0.033	0	-0.00045
0.034	-5E-05	-0.00045
0.035	0	-0.0009
0.036	-5E-05	0.0003
0.037	0	-0.0003
0.038	0	-0.0003
0.039	0	0.00015
0.04	0	0
0.041	0	0.00015
0.042	-5E-05	0
0.043	-5E-05	-0.00045
0.044	0	-0.00075
0.045	-5E-05	-0.0003
0.046	-5E-05	-0.00075
0.047	0	-0.00045
0.048	-5E-05	-0.0003
0.049	-5E-05	-0.00075
0.05	0	-0.0003
0.051	0	-0.00015
0.052	0	-0.00015
0.053	0	-0.0003
0.054	0	-0.0003
0.055	0	-0.0003
0.056	-5E-05	0.0003
0.057	0	0.0003
0.058	0	-0.00015
0.059	0	0
0.06	0	-0.0006
0.061	0	-0.00075
0.062	-5E-05	-0.0003
0.063	0	-0.0006
0.064	0	-0.0003
0.065	-5E-05	0
0.066	0	-0.0003
0.067	0	-0.0003
0.068	0	-0.00045
0.069	0	-0.00015
0.07	0	0
0.071	0	-0.00015
0.072	0	-0.00045
0.073	0	0
0.074	0	-0.00015
0.075	0	-0.0003
0.076	-5E-05	0.00015
0.077	-5E-05	-0.00015
0.078	0	-0.0003
0.079	0	0
0.08	0	-0.00075
0.081	0	-0.00075
0.082	0	-0.0003
0.083	0	-0.00045
0.084	0	-0.0003
0.085	0	-0.00045
0.086	-5E-05	-0.00015
0.087	0	-0.00015
0.088	-5E-05	0.00015
0.089	0	-0.0003
0.09	5E-05	-0.00015
0.091	0	-0.00015
0.092	-5E-05	-0.0003
0.093	0	0.00015
0.094	0	-0.0003
0.095	-5E-05	-0.00045
0.096	-5E-05	-0.00015
0.097	-5E-05	-0.00045
0.098	-5E-05	-0.00105
0.099	-5E-05	0
0.1	0	-0.00045
0.101	-5E-05	-0.0003
0.102	0	-0.00045
0.103	0	-0.00015
0.104	0	0
0.105	0	0.00015
0.106	-5E-05	0
0.107	0	-0.00045
0.108	0	-0.00015
0.109	0	-0.0003
0.11	0	0
0.111	0	-0.0006
0.112	0	-0.00015
0.113	-5E-05	0.00015
0.114	0	-0.0006
0.115	-5E-05	-0.0006
0.116	0	-0.0003
0.117	0	0
0.118	-5E-05	0
0.119	0	0.0003
0.12	0	-0.00045
0.121	0	-0.00015
0.122	-5E-05	0.00045
0.123	0	0.0003
0.124	0	-0.00015
0.125	0	-0.0003
0.126	0	-0.0003
0.127	0	0.0003
0.128	-5E-05	0.00015
0.129	-5E-05	-0.00015
0.13	5E-05	-0.00045
0.131	0	-0.00045
0.132	-5E-05	0
0.133	-5E-05	0.00015
0.134	0	-0.00015
0.135	0	0
0.136	0	0.00045
0.137	-5E-05	0.0003
0.138	-5E-05	-0.0003
0.139	5E-05	0.00045
0.14	0	0
0.141	0	-0.00015
0.142	0	0
0.143	0	-0.00045
0.144	-5E-05	0
0.145	0	0
0.146	-5E-05	-0.00045
0.147	0	0.00015
0.148	0	-0.00015
0.149	-5E-05	-0.0006
0.15	0	-0.00045
0.151	-5E-05	-0.00045
0.152	0	-0.00045
0.153	-5E-05	0.00015
0.154	0	-0.0006
0.155	0	-0.0009
0.156	-5E-05	-0.0003
0.157	0	0.00015
0.158	0	0.00015
0.159	0	-0.00015
0.16	-5E-05	-0.00105
0.161	0	-0.0012
0.162	-5E-05	-0.0006
0.163	-5E-05	-0.0006
0.164	0	-0.0009
0.165	-5E-05	-0.0009
0.166	0	-0.00105
0.167	-5E-05	-0.00105
0.168	0	0.0003
0.169	-5E-05	-0.0009
0.17	0	-0.00105
0.171	0	-0.0006
0.172	0	-0.0009
0.173	0	0
0.174	0	-0.00045
0.175	0	-0.00075
0.176	-5E-05	-0.0006
0.177	0	-0.0009
0.178	0	-0.0012
0.179	-5E-05	-0.00045
0.18	0	-0.0015
0.181	0	-0.00135
0.182	0	-0.00075
0.183	-5E-05	-0.0012
0.184	0	-0.00105
0.185	-5E-05	-0.0009
0.186	0	-0.0009
0.187	0	-0.00075
0.188	0	-0.00075
0.189	0	-0.00075
0.19	0	-0.00015
0.191	0	-0.0009
0.192	0	-0.0009
0.193	-5E-05	-0.0006
0.194	0	-0.00105
0.195	-5E-05	-0.0012
0.196	-5E-05	-0.0006
0.197	0	-0.00105
0.198	-5E-05	-0.00105
0.199	0	-0.00045
0.2	-5E-05	-0.00165
0.201	0	-0.00075
0.202	0	-0.0006
0.203	-5E-05	-0.00075
0.204	-5E-05	-0.00045
0.205	0	-0.0006
0.206	0	-0.00075
0.207	0	-0.0006
0.208	0	-0.0003
0.209	0	-0.0003
0.21	0	0
0.211	-5E-05	-0.0018
0.212	0	-0.00075
0.213	-5E-05	-0.00045
0.214	0	-0.00075
0.215	0	-0.00075
0.216	0	-0.0009
0.217	0	-0.0003
0.218	0	-0.0006
0.219	0	-0.00045
0.22	0	-0.00075
0.221	0	-0.00075
0.222	0	-0.00045
0.223	-5E-05	-0.0006
0.224	0	-0.00045
0.225	-5E-05	-0.00045
0.226	0	-0.00045
0.227	0	-0.0003
0.228	0	-0.0003
0.229	0	-0.00075
0.23	0	-0.0009
0.231	-5E-05	-0.0003
0.232	0	-0.0009
0.233	-5E-05	-0.00015
0.234	0	-0.00075
0.235	0	-0.0006
0.236	0	-0.00015
0.237	0	-0.00045
0.238	0	-0.00045
0.239	0	-0.0006
0.24	0	-0.0009
0.241	0	-0.00045
0.242	0	-0.00075
0.243	-5E-05	-0.00075
0.244	-5E-05	0.00015
0.245	0	-0.0006
0.246	0	-0.00075
0.247	0	-0.00075
0.248	0	-0.00075
0.249	-5E-05	-0.0006
0.25	0	-0.00075
0.251	0	-0.0009
0.252	0	-0.00045
0.253	-5E-05	-0.00015
0.254	0	-0.00075
0.255	0	-0.00015
0.256	0	0
0.257	0	-0.00045
0.258	-5E-05	-0.0003
0.259	0	-0.0003
0.26	0	-0.0006
0.261	0	-0.00105
0.262	0	-0.00015
0.263	-5E-05	-0.00105
0.264	0	-0.00045
0.265	0	-0.00105
0.266	0	-0.0006
0.267	0	-0.0003
0.268	0	-0.0003
0.269	-5E-05	-0.00075
0.27	0	-0.0003
0.271	0	-0.00015
0.272	0	0
0.273	0	0.0006
0.274	0	-0.00045
0.275	0	-0.00045
0.276	0	0.0003
0.277	0	-0.0006
0.278	-5E-05	-0.0006
0.279	0	-0.00045
0.28	0	-0.0006
0.281	0	-0.00045
0.282	0	-0.0003
0.283	-5E-05	-0.0006
0.284	0	-0.00075
0.285	-5E-05	-0.0003
0.286	-5E-05	-0.0003
0.287	0	0.00015
0.288	0	-0.00015
0.289	0	-0.0006
0.29	-5E-05	-0.0003
0.291	0	-0.00015
0.292	0	-0.00015
0.293	-5E-05	0.00015
0.294	0	0.0003
0.295	0	-0.0009
0.296	-5E-05	-0.00045
0.297	0	-0.00045
0.298	0	-0.00045
0.299	-5E-05	-0.00045
0.3	0	-0.0003
0.301	0	-0.0003
0.302	0	-0.00045
0.303	-5E-05	-0.0006
0.304	0	0
0.305	0	-0.00045
0.306	0	-0.0006
0.307	-5E-05	-0.00075
0.308	0	-0.00105
0.309	0	0.00015
0.31	-5E-05	-0.00015
0.311	0	-0.0009
0.312	0	-0.0012
0.313	-5E-05	-0.0006
0.314	0	0
0.315	0	0
0.316	0	-0.0006
0.317	0	-0.00105
0.318	0	-0.0003
0.319	0	-0.0003
0.32	-5E-05	-0.0009
0.321	-5E-05	-0.0006
0.322	0	-0.00015
0.323	-5E-05	0.00045
0.324	0	-0.00045
0.325	0	-0.00045
0.326	0	-0.0012
0.327	0	-0.0006
0.328	0	-0.00045
0.329	0	-0.00105
0.33	-5E-05	-0.0006
0.331	0	-0.0009
0.332	-5E-05	-0.0003
0.333	-5E-05	-0.0006
0.334	-5E-05	-0.0009
0.335	-5E-05	-0.00045
0.336	0	0.00075
0.337	0	-0.0006
0.338	0	-0.00075
0.339	0	-0.00045
0.34	0	-0.00045
0.341	-5E-05	0.0003
0.342	-5E-05	-0.00045
0.343	0	-0.0009
0.344	0	-0.0006
0.345	0	-0.0003
0.346	0	-0.00075
0.347	0	-0.0009
0.348	-5E-05	-0.00105
0.349	0	-0.00105
0.35	0	-0.0006
0.351	0	-0.00075
0.352	0	0.00015
0.353	0	-0.0003
0.354	0	-0.00075
0.355	0	-0.00045
0.356	0	0
0.357	0	0
0.358	0	-0.00015
0.359	0	-0.0003
0.36	-5E-05	-0.00015
0.361	0	-0.0006
0.362	0	-0.0009
0.363	0	-0.00075
0.364	0	-0.0006
0.365	0	-0.00015
0.366	-5E-05	-0.0006
0.367	0	-0.00075
0.368	-5E-05	-0.0009
0.369	0	-0.00075
0.37	-5E-05	0
0.371	0	-0.0003
0.372	0	-0.0009
0.373	-5E-05	-0.0003
0.374	-5E-05	-0.0003
0.375	0	-0.00015
0.376	0	-0.0006
0.377	0	-0.00015
0.378	0	0.00015
0.379	-5E-05	-0.0003
0.38	0	-0.00135
0.381	-5E-05	-0.0006
0.382	0	-0.0006
0.383	-5E-05	-0.0006
0.384	0	0.00015
0.385	-5E-05	0
0.386	0	-0.00015
0.387	0	-0.0003
0.388	-5E-05	-0.00015
0.389	0	-0.00105
0.39	-5E-05	-0.00015
0.391	-5E-05	-0.00045
0.392	0	0
0.393	0	-0.0003
0.394	0	-0.00015
0.395	0	0
0.396	0	-0.0003
0.397	0	-0.0006
0.398	0	-0.00105
0.399	-5E-05	0.00015
0.4	-5E-05	-0.00105
0.401	0	-0.00075
0.402	0	-0.0006
0.403	0	0
0.404	0	-0.00045
0.405	0	-0.0006
0.406	0	0.00015
0.407	5E-05	-0.0003
0.408	0	-0.00045
0.409	0	-0.00075
0.41	-5E-05	-0.00075
0.411	0	-0.0009
0.412	0	-0.00045
0.413	-5E-05	-0.0006
0.414	0	-0.00075
0.415	-5E-05	-0.00075
0.416	0	-0.0009
0.417	0	-0.00075
0.418	0	-0.0009
0.419	-5E-05	0
0.42	-5E-05	0
0.421	-5E-05	-0.0006
0.422	0	-0.0006
0.423	0	-0.0006
0.424	0	-0.0003
0.425	0	-0.0006
0.426	-5E-05	-0.0006
0.427	0	-0.00045
0.428	-5E-05	-0.0003
0.429	0	-0.0009
0.43	-0.0001	-0.00045
0.431	-5E-05	-0.0012
0.432	0	-0.00135
0.433	-5E-05	-0.00045
0.434	0	-0.0009
0.435	-5E-05	-0.00045
0.436	-5E-05	-0.0006
0.437	0	-0.00135
0.438	0	-0.0003
0.439	-5E-05	-0.00045
0.44	0	-0.00075
0.441	0	0
0.442	-5E-05	-0.00045
0.443	0	-0.00075
0.444	0	-0.0003
0.445	-5E-05	-0.0006
0.446	-5E-05	-0.00075
0.447	-5E-05	-0.0015
0.448	0	-0.0006
0.449	0	-0.00045
0.45	-5E-05	-0.0006
0.451	0	-0.00075
0.452	0	-0.00105
0.453	0	-0.00075
0.454	-5E-05	-0.0006
0.455	-5E-05	-0.0006
0.456	0	-0.0006
0.457	0	-0.0006
0.458	0	-0.00075
0.459	-5E-05	-0.0009
0.46	0	-0.00045
0.461	-5E-05	-0.0012
0.462	0	0.00015
0.463	-5E-05	-0.0009
0.464	0	-0.00135
0.465	0	-0.0009
0.466	-5E-05	-0.0009
0.467	0	-0.00075
0.468	0	-0.0006
0.469	0	-0.00105
0.47	-5E-05	-0.00075
0.471	0	-0.00045
0.472	-5E-05	-0.00105
0.473	0	-0.00105
0.474	0	-0.0003
0.475	0	-0.0009
0.476	0	-0.0003
0.477	0	-0.00075
0.478	0	-0.0006
0.479	0	-0.00045
0.48	-5E-05	-0.0009
0.481	-5E-05	-0.00135
0.482	0	-0.0015
0.483	-5E-05	0
0.484	0	-0.0012
0.485	0	-0.00075
0.486	-5E-05	-0.0003
0.487	0	-0.00045
0.488	0	-0.00045
0.489	0	-0.00015
0.49	-5E-05	-0.00075
0.491	0	-0.00075
0.492	0	-0.00015
0.493	0	-0.0003
0.494	-5E-05	-0.00105
0.495	-5E-05	-0.0009
0.496	0	-0.00045
0.497	-5E-05	-0.00075
0.498	0	-0.00075
0.499	-5E-05	-0.0009
0.5	0	-0.00105
0.501	0	-0.00105
0.502	0	-0.0006
0.503	0	-0.00015
0.504	0	0.00015
0.505	0	-0.0006
0.506	0	-0.0006
0.507	0	-0.00045
0.508	0	-0.0003
0.509	0	-0.00075
0.51	0	-0.00015
0.511	0	-0.00075
0.512	-5E-05	-0.0012
0.513	5E-05	-0.0009
0.514	0	-0.0003
0.515	0	-0.0009
0.516	-5E-05	-0.00045
0.517	0	-0.00105
0.518	0	-0.00045
0.519	-5E-05	-0.00015
0.52	-5E-05	-0.00075
0.521	0	0
0.522	0	0.00015
0.523	0	-0.0003
0.524	0	-0.00015
0.525	0	0.00045
0.526	0	-0.00075
0.527	-5E-05	-0.0009
0.528	0	0.00015
0.529	0	-0.00075
0.53	-5E-05	-0.00015
0.531	0	-0.00045
0.532	-5E-05	-0.0003
0.533	-5E-05	0.00015
0.534	0	-0.00045
0.535	0	-0.00045
0.536	0	-0.00045
0.537	-5E-05	-0.00015
0.538	0	-0.0003
0.539	-5E-05	0.0003
0.54	0	0
0.541	0	0
0.542	0	-0.0003
0.543	-5E-05	-0.00015
0.544	0	-0.0006
0.545	-5E-05	0.00015
0.546	0	0.0003
0.547	0	0
0.548	0	-0.00045
0.549	0	0.0003
0.55	-5E-05	0.0003
0.551	0	-0.00015
0.552	-5E-05	-0.00015
0.553	0	0.00015
0.554	0	0.0009
0.555	0	0.0003
0.556	0	0.00045
0.557	-5E-05	0.00015
0.558	0	0.00015
0.559	0	0.00045
0.56	-5E-05	-0.00015
0.561	-5E-05	-0.00015
0.562	0	-0.0003
0.563	-5E-05	0.00015
0.564	0	0.0003
0.565	0	0.0003
0.566	0	-0.00045
0.567	-5E-05	-0.0009
0.568	0	0.0003
0.569	0	-0.00045
0.57	-5E-05	0.0003
0.571	0	-0.00015
0.572	-5E-05	-0.00015
0.573	0	-0.0003
0.574	0	0.00015
0.575	0	0.0003
0.576	0	0.00045
0.577	0	-0.0006
0.578	-5E-05	-0.0012
0.579	-5E-05	-0.0006
0.58	0	-0.0003
0.581	-5E-05	-0.0003
0.582	-5E-05	-0.00045
0.583	0	-0.0012
0.584	0	-0.0009
0.585	0	-0.00015
0.586	0	-0.00015
0.587	-5E-05	-0.0003
0.588	0	-0.0006
0.589	0	-0.00105
0.59	-5E-05	-0.0009
0.591	0	0.00015
0.592	0	-0.00015
0.593	0	-0.00015
0.594	0	-0.00045
0.595	0	-0.00105
0.596	0	-0.00075
0.597	-5E-05	-0.0009
0.598	0	-0.0018
0.599	-5E-05	-0.0009
0.6	0	-0.0012
0.601	0	-0.0009
0.602	-5E-05	-0.00075
0.603	0	-0.00045
0.604	-5E-05	-0.00045
0.605	0	-0.00015
0.606	0	-0.0006
0.607	-5E-05	-0.0009
0.608	0	-0.0006
0.609	-5E-05	-0.00105
0.61	0	-0.00045
0.611	0	-0.00165
0.612	0	-0.00135
0.613	-5E-05	-0.0006
0.614	0	-0.00105
0.615	-5E-05	-0.0009
0.616	0	-0.0009
0.617	-5E-05	-0.00075
0.618	0	-0.00105
0.619	0	-0.0006
0.62	-5E-05	-0.00075
0.621	0	-0.00105
0.622	0	-0.00045
0.623	0	-0.0003
0.624	0	-0.0012
0.625	0	-0.0003
0.626	0	-0.0003
0.627	-5E-05	-0.0003
0.628	0	-0.0006
0.629	0	-0.0006
0.63	5E-05	-0.00075
0.631	0	-0.0009
0.632	0	-0.0006
0.633	-5E-05	-0.00045
0.634	0	-0.0006
0.635	0	-0.00075
0.636	0	0.00015
0.637	0	-0.00045
0.638	0	-0.00045
0.639	0	-0.00045
0.64	-5E-05	-0.0003
0.641	0	-0.00045
0.642	-5E-05	-0.00075
0.643	0	-0.00015
0.644	0	-0.00015
0.645	0	-0.00045
0.646	0	-0.00075
0.647	-5E-05	-0.0006
0.648	0	-0.0009
0.649	-5E-05	-0.0009
0.65	0	0
0.651	0	-0.00045
0.652	0	-0.00075
0.653	-5E-05	-0.0006
0.654	0	-0.0003
0.655	0	-0.00045
0.656	0	-0.0003
0.657	0	-0.00045
0.658	0	-0.0003
0.659	0	-0.00015
0.66	-5E-05	-0.00075
0.661	0	-0.0009
0.662	0	-0.00045
0.663	0	-0.0015
0.664	-5E-05	-0.0006
0.665	-5E-05	-0.0003
0.666	0	-0.0009
0.667	-5E-05	-0.0003
0.668	-5E-05	-0.0009
0.669	-5E-05	-0.00075
0.67	0	-0.00015
0.671	5E-05	-0.00075
0.672	0	-0.0003
0.673	0	0.0003
0.674	0	-0.0006
0.675	0	-0.00015
0.676	-5E-05	-0.00045
0.677	-5E-05	-0.0009
0.678	0	-0.0009
0.679	0	-0.00075
0.68	0	-0.0009
0.681	0	-0.00105
0.682	-5E-05	-0.0009
0.683	-5E-05	-0.00135
0.684	0	-0.00075
0.685	-5E-05	-0.00075
0.686	0	-0.0003
0.687	-5E-05	-0.00075
0.688	-5E-05	-0.00015
0.689	0	-0.00045
0.69	0	-0.0006
0.691	0	-0.0012
0.692	0	-0.0009
0.693	0	-0.0006
0.694	-5E-05	-0.0006
0.695	0	-0.0009
0.696	-5E-05	-0.0003
0.697	0	-0.0009
0.698	-5E-05	-0.00075
0.699	-5E-05	-0.00075
0.7	0	-0.00105
0.701	0	-0.00045
0.702	0	-0.0006
0.703	0	-0.0009
0.704	-5E-05	-0.00075
0.705	0	0.00015
0.706	0	-0.00075
0.707	-5E-05	-0.0003
0.708	0	-0.0003
0.709	0	-0.00045
0.71	-5E-05	-0.00045
0.711	0	-0.00105
0.712	0	-0.0006
0.713	0	-0.0006
0.714	-5E-05	-0.00075
0.715	0	-0.00075
0.716	0	-0.0006
0.717	0	-0.0003
0.718	-5E-05	-0.0009
0.719	-5E-05	-0.00075
0.72	0	-0.0006
0.721	5E-05	-0.0003
0.722	0	-0.00015
0.723	-5E-05	0.00015
0.724	-5E-05	-0.0003
0.725	0	-0.0006
0.726	0	-0.00075
0.727	0	-0.0006
0.728	-5E-05	-0.00075
0.729	-5E-05	-0.0012
0.73	0	-0.0006
0.731	0	-0.0006
0.732	0	-0.00045
0.733	-5E-05	-0.00045
0.734	-5E-05	-0.0009
0.735	-5E-05	-0.0009
0.736	0	0
0.737	0	-0.0006
0.738	0	0
0.739	0	-0.00015
0.74	0	-0.0003
0.741	0	-0.00015
0.742	-5E-05	-0.00045
0.743	0	-0.00015
0.744	-5E-05	-0.00015
0.745	0	-0.0006
0.746	0	-0.00135
0.747	0	-0.00075
0.748	0	-0.00075
0.749	0	-0.00015
0.75	0	-0.00045
0.751	0	-0.00045
0.752	0	-0.0006
0.753	0	-0.0003
0.754	0	-0.0003
0.755	0	-0.0003
0.756	0	0
0.757	-5E-05	-0.00075
0.758	0	-0.0003
0.759	0	0.0003
0.76	0	-0.0006
0.761	0	-0.0015
0.762	0	-0.0006
0.763	0	-0.0006
0.764	-5E-05	-0.00045
0.765	0	-0.0003
0.766	0	-0.00075
0.767	0	-0.00075
0.768	0	-0.00015
0.769	0	-0.00015
0.77	0	-0.00015
0.771	0	-0.00045
0.772	0	-0.0003
0.773	0	0.00015
0.774	0	0.00015
0.775	0	-0.0003
0.776	-5E-05	0
0.777	-5E-05	0
0.778	0	0.00015
0.779	-5E-05	-0.0003
0.78	0	-0.00045
0.781	0	-0.0006
0.782	0	-0.0003
0.783	0	-0.00045
0.784	-5E-05	-0.0006
0.785	0	-0.0003
0.786	0	0.0003
0.787	0	0.0003
0.788	0	0
0.789	0	0
0.79	0	-0.00015
0.791	0	-0.00045
0.792	0	0.00015
0.793	0	0
0.794	-5E-05	0
0.795	0	-0.0003
0.796	0	-0.0006
0.797	0	-0.00075
0.798	0	-0.0003
0.799	0	-0.0006
0.8	-5E-05	-0.0006
0.801	0	-0.00045
0.802	0	-0.0006
0.803	0	-0.0003
0.804	-5E-05	0.00015
0.805	0	-0.00015
0.806	-5E-05	-0.0003
0.807	0	0
0.808	-5E-05	-0.00015
0.809	0	0
0.81	0	0.00015
0.811	0	-0.0012
0.812	0	-0.00015
0.813	-5E-05	-0.00015
0.814	-5E-05	-0.0009
0.815	-5E-05	-0.00015
0.816	0	-0.00045
0.817	-5E-05	-0.0009
0.818	0	-0.0006
0.819	0	-0.00015
0.82	0	0
0.821	0	0.0003
0.822	0	0.0003
0.823	0	-0.00075
0.824	-5E-05	-0.00015
0.825	0	-0.0006
0.826	0	-0.0003
0.827	-5E-05	0
0.828	0	-0.00075
0.829	0	-0.00075
0.83	0	-0.00015
0.831	0	-0.0009
0.832	0	-0.00075
0.833	-5E-05	-0.00045
0.834	-5E-05	-0.00105
0.835	0	-0.00045
0.836	-5E-05	0.00045
0.837	0	-0.0003
0.838	-5E-05	-0.0003
0.839	-5E-05	0.00015
0.84	-5E-05	-0.00075
0.841	0	-0.00045
0.842	-5E-05	0
0.843	0	-0.00045
0.844	-5E-05	-0.0006
0.845	0	-0.00075
0.846	0	-0.0006
0.847	-5E-05	-0.00045
0.848	0	-0.0003
0.849	0	-0.0006
0.85	0	0.00015
0.851	0	-0.0006
0.852	0	-0.00045
0.853	0	-0.00045
0.854	-5E-05	-0.0003
0.855	0	-0.0006
0.856	-5E-05	0
0.857	0	-0.0003
0.858	0	-0.0003
0.859	0	0.00015
0.86	0	-0.0003
0.861	0	-0.00135
0.862	0	-0.00045
0.863	-5E-05	-0.0006
0.864	-5E-05	-0.0006
0.865	-5E-05	-0.00045
0.866	-5E-05	-0.0006
0.867	-5E-05	-0.0003
0.868	0	-0.00045
0.869	-5E-05	-0.0009
0.87	0	-0.00015
0.871	0	-0.00045
0.872	0	-0.00045
0.873	0	-0.00015
0.874	0	0.0003
0.875	0	-0.0003
0.876	-5E-05	-0.00045
0.877	0	-0.0006
0.878	0	-0.00045
0.879	0	-0.0003
0.88	0	-0.00105
0.881	0	-0.00075
0.882	0	-0.00075
0.883	0	0
0.884	-5E-05	-0.0003
0.885	0	-0.00015
0.886	0	0.0003
0.887	-5E-05	-0.00015
0.888	-5E-05	-0.00015
0.889	0	-0.0003
0.89	0	-0.00015
0.891	0	-0.0006
0.892	0	0.0003
0.893	-5E-05	-0.00015
0.894	-5E-05	-0.00045
0.895	0	-0.0006
0.896	0	-0.00015
0.897	0	-0.00075
0.898	-5E-05	-0.0009
0.899	-5E-05	-0.00075
0.9	0	-0.00045
0.901	0	-0.0003
0.902	0	-0.00045
0.903	0	-0.0003
0.904	0	-0.00015
0.905	0	-0.0003
0.906	0	-0.0003
0.907	-5E-05	-0.00015
0.908	0	-0.00015
0.909	0	-0.00015
0.91	0	-0.0003
0.911	0	-0.00135
0.912	0	-0.00045
0.913	0	-0.00015
0.914	-5E-05	-0.00045
0.915	0	-0.0006
0.916	0	-0.00015
0.917	0	-0.00075
0.918	0	-0.0003
0.919	0	0.0003
0.92	0	-0.00015
0.921	0	-0.00045
0.922	0	-0.0003
0.923	0	-0.00045
0.924	0	0
0.925	0	0
0.926	0	-0.0006
0.927	0	-0.00045
0.928	0	-0.00045
0.929	-5E-05	-0.0003
0.93	-5E-05	-0.00015
0.931	0	-0.0006
0.932	0	-0.0009
0.933	0	-0.0009
0.934	-5E-05	-0.00045
0.935	0	-0.0003
0.936	0	-0.00045
0.937	-5E-05	-0.00075
0.938	0	-0.00015
0.939	-5E-05	-0.00015
0.94	-5E-05	-0.0009
0.941	0	-0.0006
0.942	0	-0.0006
0.943	-5E-05	-0.0006
0.944	-5E-05	-0.0009
0.945	0	-0.0012
0.946	0	-0.00075
0.947	-5E-05	-0.00075
0.948	0	-0.00105
0.949	0	-0.0012
0.95	-5E-05	-0.0012
0.951	0	-0.0006
0.952	0	-0.00045
0.953	0	-0.0012
0.954	-5E-05	-0.0009
0.955	0	-0.00045
0.956	-5E-05	-0.00015
0.957	-5E-05	-0.00105
0.958	0	-0.0009
0.959	-5E-05	-0.00075
0.96	0	-0.00075
0.961	0	-0.00135
0.962	5E-05	-0.0015
0.963	-5E-05	-0.0015
0.964	-5E-05	-0.0003
0.965	-5E-05	-0.00045
0.966	0	-0.0012
0.967	-5E-05	-0.00105
0.968	0	-0.0009
0.969	0	-0.0006
0.97	0	-0.00015
0.971	0	-0.0009
0.972	0	-0.00195
0.973	0	0.00015
0.974	0	-0.0003
0.975	0	-0.00075
0.976	0	-0.00075
0.977	0	-0.0009
0.978	0	-0.0009
0.979	0	-0.00045
0.98	5E-05	-0.00075
0.981	0	-0.00045
0.982	0	-0.00105
0.983	-5E-05	-0.0012
0.984	-5E-05	-0.00015
0.985	-5E-05	-0.0006
0.986	0	-0.00015
0.987	-5E-05	-0.00045
0.988	0	-0.00105
0.989	5E-05	-0.0003
0.99	-5E-05	0
0.991	0	0
0.992	0	-0.00015
0.993	0	-0.00045
0.994	-5E-05	-0.0006
0.995	0	-0.00075
0.996	0	-0.00045
0.997	0	-0.0003
0.998	0	-0.0003
0.999	0	-0.00015
1	0	-0.00045
1.001	-5E-05	-0.0003
1.002	-5E-05	-0.0003
1.003	0	-0.0006
1.004	-5E-05	-0.00015
1.005	-5E-05	-0.0003
1.006	0	-0.00045
1.007	0	0.00015
1.008	0	0
1.009	0	0
1.01	0	0
1.011	0	-0.0009
1.012	0	-0.00075
1.013	0	-0.00075
1.014	-5E-05	-0.00075
1.015	0	-0.00075
1.016	0	-0.00045
1.017	0	-0.0006
1.018	0	-0.0006
1.019	-5E-05	0.0003
1.02	-5E-05	-0.0003
1.021	0	-0.00045
1.022	0	-0.00015
1.023	0	-0.00045
1.024	0	-0.0003
1.025	5E-05	0.0006
1.026	0.00015	-0.00075
1.027	0.0002	-0.00015
1.028	0.0003	-0.00045
1.029	0.00035	-0.00045
1.03	0.00035	-0.00015
1.031	0.00035	-0.00075
1.032	0.0004	-0.0003
1.033	0.0004	-0.0006
1.034	0.0005	-0.00045
1.035	0.0005	-0.0009
1.036	0.0005	0.00075
1.037	0.00055	-0.00075
1.038	0.00055	-0.00045
1.039	0.0006	0
1.04	0.0006	-0.0003
1.041	0.00065	-0.00015
1.042	0.0006	-0.0006
1.043	0.00065	-0.0003
1.044	0.00065	-0.0003
1.045	0.0007	-0.0003
1.046	0.0007	-0.00015
1.047	0.0007	-0.00015
1.048	0.00075	-0.0003
1.049	0.0007	-0.00075
1.05	0.00075	-0.00045
1.051	0.00075	-0.00075
1.052	0.0008	-0.00015
1.053	0.00085	-0.00015
1.054	0.00085	-0.00015
1.055	0.00095	-0.00015
1.056	0.00115	-0.00015
1.057	0.0013	0.00015
1.058	0.0016	-0.00015
1.059	0.0019	0.00045
1.06	0.00235	-0.00015
1.061	0.00285	0
1.062	0.00335	0.00045
1.063	0.00395	0.0003
1.064	0.00455	0.00015
1.065	0.0051	0.00105
1.066	0.0058	0.00045
1.067	0.00595	0.00135
1.068	0.0062	0.0006
1.069	0.00655	0.0003
1.07	0.0069	0.00105
1.071	0.0072	0.0012
1.072	0.0075	0.0009
1.073	0.00785	0.0012
1.074	0.0082	0.0012
1.075	0.0085	0.0012
1.076	0.00885	0.0015
1.077	0.00915	0.00075
1.078	0.0095	0.0006
1.079	0.0099	0.00105
1.08	0.0102	0.00045
1.081	0.01055	0.00045
1.082	0.0108	0.0009
1.083	0.0112	0.00075
1.084	0.01155	0.00045
1.085	0.0119	0.00105
1.086	0.01225	0.00105
1.087	0.0125	0.0009
1.088	0.01285	0.0015
1.089	0.0132	0.00135
1.09	0.01355	0.0015
1.091	0.0139	0.00105
1.092	0.01425	0.00105
1.093	0.0146	0.0015
1.094	0.0149	0.0015
1.095	0.01525	0.00105
1.096	0.01565	0.00135
1.097	0.01595	0.0009
1.098	0.01635	0.0006
1.099	0.01665	0.00135
1.1	0.0171	0.00165
1.101	0.0175	0.0018
1.102	0.01785	0.0015
1.103	0.0183	0.0018
1.104	0.01865	0.0021
1.105	0.01905	0.00195
1.106	0.01945	0.00165
1.107	0.0199	0.00195
1.108	0.02025	0.0021
1.109	0.02065	0.0024
1.11	0.02105	0.0021
1.111	0.0214	0.00195
1.112	0.0218	0.0018
1.113	0.0222	0.00225
1.114	0.0226	0.0021
1.115	0.023	0.00165
1.116	0.02335	0.0021
1.117	0.02375	0.0024
1.118	0.0241	0.0021
1.119	0.02445	0.00225
1.12	0.02485	0.00225
1.121	0.0252	0.0027
1.122	0.02555	0.003
1.123	0.0259	0.00225
1.124	0.0263	0.0027
1.125	0.0266	0.0027
1.126	0.0269	0.00255
1.127	0.02725	0.0027
1.128	0.02755	0.00285
1.129	0.02785	0.0024
1.13	0.0282	0.00315
1.131	0.02845	0.00315
1.132	0.02875	0.00315
1.133	0.02905	0.003
1.134	0.0293	0.00225
1.135	0.0296	0.00255
1.136	0.02985	0.0036
1.137	0.03015	0.003
1.138	0.03035	0.00285
1.139	0.03065	0.0036
1.14	0.0309	0.0027
1.141	0.03115	0.00345
1.142	0.03135	0.0039
1.143	0.03165	0.0039
1.144	0.03185	0.00345
1.145	0.03205	0.003
1.146	0.03225	0.00285
1.147	0.0325	0.00315
1.148	0.03265	0.00345
1.149	0.0329	0.0027
1.15	0.0331	0.003
1.151	0.0333	0.0039
1.152	0.0335	0.0033
1.153	0.0337	0.00345
1.154	0.03385	0.0036
1.155	0.03365	0.0033
1.156	0.0333	0.0039
1.157	0.0332	0.0039
1.158	0.0332	0.0036
1.159	0.0332	0.00375
1.16	0.0332	0.00345
1.161	0.0332	0.00315
1.162	0.0332	0.00345
1.163	0.03325	0.0033
1.164	0.0332	0.003
1.165	0.0332	0.00315
1.166	0.0332	0.00255
1.167	0.0332	0.003
1.168	0.0332	0.0033
1.169	0.03325	0.00345
1.17	0.03325	0.00345
1.171	0.0332	0.00345
1.172	0.03325	0.00375
1.173	0.0332	0.00375
1.174	0.03325	0.00405
1.175	0.03325	0.0033
1.176	0.0332	0.0033
1.177	0.0332	0.00285
1.178	0.0332	0.00345
1.179	0.0332	0.00375
1.18	0.0332	0.003
1.181	0.0332	0.00255
1.182	0.0332	0.00285
1.183	0.03325	0.0033
1.184	0.03325	0.0033
1.185	0.03325	0.00375
1.186	0.03325	0.00375
1.187	0.03325	0.00345
1.188	0.03325	0.00345
1.189	0.03325	0.00345
1.19	0.03325	0.00375
1.191	0.03325	0.0036
1.192	0.03325	0.00315
1.193	0.0333	0.00405
1.194	0.03325	0.00405
1.195	0.03325	0.00315
1.196	0.03325	0.00345
1.197	0.03325	0.00375
1.198	0.03325	0.00345
1.199	0.03325	0.0033
1.2	0.03325	0.00315
1.201	0.03325	0.00315
1.202	0.03335	0.00375
1.203	0.03335	0.003
1.204	0.0334	0.0036
1.205	0.03345	0.00405
1.206	0.0335	0.00345
1.207	0.03355	0.00375
1.208	0.0336	0.0042
1.209	0.0336	0.0039
1.21	0.0337	0.0039
1.211	0.0337	0.00375
1.212	0.0338	0.00345
1.213	0.0338	0.0036
1.214	0.03385	0.00405
1.215	0.03385	0.0033
1.216	0.03395	0.00315
1.217	0.03395	0.003
1.218	0.034	0.00315
1.219	0.03395	0.0039
1.22	0.0341	0.0036
1.221	0.0341	0.00375
1.222	0.03415	0.0039
1.223	0.0342	0.0036
1.224	0.0342	0.00315
1.225	0.0343	0.00375
1.226	0.03435	0.00345
1.227	0.03435	0.00315
1.228	0.0344	0.00345
1.229	0.0344	0.00345
1.23	0.0345	0.00345
1.231	0.0345	0.00315
1.232	0.0345	0.00345
1.233	0.0345	0.0033
1.234	0.03455	0.0036
1.235	0.0346	0.00375
1.236	0.0346	0.00405
1.237	0.0346	0.00345
1.238	0.03455	0.00375
1.239	0.0346	0.00405
1.24	0.0346	0.0042
1.241	0.03465	0.00405
1.242	0.03455	0.0033
1.243	0.03335	0.0036
1.244	0.03315	0.003
1.245	0.0331	0.003
1.246	0.0331	0.0033
1.247	0.033	0.00345
1.248	0.03305	0.00315
1.249	0.033	0.00315
1.25	0.03305	0.0033
1.251	0.03295	0.0039
1.252	0.03295	0.00375
1.253	0.03295	0.0033
1.254	0.03295	0.00345
1.255	0.03305	0.00345
1.256	0.03305	0.00435
1.257	0.033	0.00435
1.258	0.033	0.00375
1.259	0.0329	0.00405
1.26	0.033	0.00345
1.261	0.033	0.00345
1.262	0.03295	0.00345
1.263	0.033	0.00315
1.264	0.03295	0.00285
1.265	0.0329	0.00345
1.266	0.03305	0.0027
1.267	0.03295	0.00315
1.268	0.03295	0.00375
1.269	0.033	0.00345
1.27	0.033	0.0036
1.271	0.03305	0.00315
1.272	0.03295	0.0033
1.273	0.03295	0.0033
1.274	0.033	0.0036
1.275	0.033	0.0036
1.276	0.03295	0.0036
1.277	0.033	0.00405
1.278	0.03295	0.0036
1.279	0.03295	0.00345
1.28	0.03295	0.00315
1.281	0.033	0.00285
1.282	0.0329	0.00285
1.283	0.03295	0.00285
1.284	0.03295	0.0033
1.285	0.03295	0.00315
1.286	0.03295	0.00345
1.287	0.03295	0.003
1.288	0.03295	0.00405
1.289	0.03305	0.00375
1.29	0.03295	0.00315
1.291	0.03295	0.00375
1.292	0.0329	0.0033
1.293	0.03295	0.00345
1.294	0.03295	0.00405
1.295	0.03295	0.00345
1.296	0.033	0.00285
1.297	0.0329	0.00315
1.298	0.03295	0.00315
1.299	0.0329	0.00285
1.3	0.03295	0.00315
1.301	0.03295	0.003
1.302	0.0329	0.0039
1.303	0.03295	0.00345
1.304	0.03295	0.0033
1.305	0.03295	0.0039
1.306	0.03295	0.00405
1.307	0.03295	0.003
1.308	0.033	0.003
1.309	0.03295	0.00285
1.31	0.03295	0.00345
1.311	0.03295	0.00315
1.312	0.033	0.00285
1.313	0.03295	0.0033
1.314	0.03295	0.003
1.315	0.033	0.00255
1.316	0.033	0.00285
1.317	0.03295	0.00345
1.318	0.033	0.003
1.319	0.0329	0.0036
1.32	0.03295	0.0036
1.321	0.03295	0.0033
1.322	0.03295	0.00375
1.323	0.03295	0.00375
1.324	0.03295	0.00315
1.325	0.0329	0.00285
1.326	0.03305	0.0033
1.327	0.03295	0.0033
1.328	0.033	0.003
1.329	0.03295	0.00255
1.33	0.033	0.00315
1.331	0.03295	0.00345
1.332	0.03295	0.0027
1.333	0.03295	0.00225
1.334	0.033	0.0027
1.335	0.03295	0.003
1.336	0.03295	0.003
1.337	0.03295	0.00345
1.338	0.0329	0.00315
1.339	0.033	0.003
1.34	0.033	0.0045
1.341	0.033	0.0036
1.342	0.0329	0.00285
1.343	0.03295	0.0033
1.344	0.03295	0.003
1.345	0.03295	0.0033
1.346	0.033	0.0027
1.347	0.03295	0.0033
1.348	0.033	0.00405
1.349	0.033	0.00345
1.35	0.03295	0.00195
1.351	0.03295	0.00285
1.352	0.03295	0.0036
1.353	0.033	0.0033
1.354	0.0329	0.0036
1.355	0.033	0.0027
1.356	0.03295	0.0036
1.357	0.0329	0.00405
1.358	0.033	0.00405
1.359	0.03295	0.0033
1.36	0.033	0.00345
1.361	0.033	0.00345
1.362	0.03295	0.0036
1.363	0.03295	0.00315
1.364	0.03295	0.0024
1.365	0.0329	0.0033
1.366	0.03295	0.00315
1.367	0.03295	0.003
1.368	0.03295	0.0027
1.369	0.03295	0.003
1.37	0.03295	0.0033
1.371	0.03295	0.00375
1.372	0.033	0.00345
1.373	0.033	0.00345
1.374	0.033	0.00315
1.375	0.03295	0.0033
1.376	0.033	0.00375
1.377	0.0329	0.00315
1.378	0.03295	0.00315
1.379	0.03295	0.00255
1.38	0.03295	0.0033
1.381	0.03305	0.0033
1.382	0.0329	0.00405
1.383	0.03295	0.003
1.384	0.0329	0.00285
1.385	0.033	0.00315
1.386	0.0329	0.0039
1.387	0.03295	0.00405
1.388	0.0329	0.00405
1.389	0.033	0.00345
1.39	0.03295	0.0036
1.391	0.033	0.00405
1.392	0.03295	0.00405
1.393	0.03295	0.00345
1.394	0.03295	0.00345
1.395	0.0329	0.003
1.396	0.033	0.00315
1.397	0.03295	0.0039
1.398	0.033	0.00375
1.399	0.033	0.00345
1.4	0.033	0.00315
1.401	0.03295	0.003
1.402	0.0329	0.00405
1.403	0.03295	0.00405
1.404	0.03295	0.0039
1.405	0.03295	0.0039
1.406	0.033	0.0039
1.407	0.03295	0.00405
1.408	0.033	0.00465
1.409	0.033	0.0039
1.41	0.03295	0.0039
1.411	0.03295	0.00405
1.412	0.033	0.00375
1.413	0.033	0.00345
1.414	0.033	0.00405
1.415	0.03295	0.00375
1.416	0.0329	0.00315
1.417	0.03295	0.0042
1.418	0.03295	0.0036
1.419	0.033	0.0039
1.42	0.03295	0.00375
1.421	0.0329	0.00405
1.422	0.03295	0.0039
1.423	0.03305	0.00435
1.424	0.03295	0.00405
1.425	0.03295	0.0045
1.426	0.0329	0.00405
1.427	0.03295	0.0039
1.428	0.0329	0.00405
1.429	0.033	0.00345
1.43	0.033	0.00345
1.431	0.033	0.0033
1.432	0.0329	0.00345
1.433	0.033	0.0033
1.434	0.03295	0.00375
1.435	0.0329	0.0033
1.436	0.03295	0.00405
1.437	0.03295	0.0039
1.438	0.033	0.00375
1.439	0.033	0.00405
1.44	0.03295	0.0036
1.441	0.03295	0.00375
1.442	0.03295	0.0039
1.443	0.03295	0.0039
1.444	0.03295	0.0036
1.445	0.033	0.0036
1.446	0.03295	0.00375
1.447	0.0329	0.0027
1.448	0.0329	0.0036
1.449	0.033	0.00375
1.45	0.03295	0.003
1.451	0.033	0.00345
1.452	0.03295	0.0036
1.453	0.033	0.0039
1.454	0.033	0.00405
1.455	0.03295	0.00345
1.456	0.033	0.00435
1.457	0.03295	0.0045
1.458	0.03295	0.0033
1.459	0.033	0.0036
1.46	0.033	0.00405
1.461	0.033	0.0036
1.462	0.03295	0.0039
1.463	0.033	0.00375
1.464	0.03295	0.0033
1.465	0.0329	0.0036
1.466	0.03295	0.0036
1.467	0.03295	0.00375
1.468	0.0329	0.00375
1.469	0.03295	0.0036
1.47	0.033	0.0036
1.471	0.0329	0.0042
1.472	0.033	0.00405
1.473	0.03295	0.0039
1.474	0.033	0.0045
1.475	0.0329	0.0033
1.476	0.033	0.00345
1.477	0.033	0.00375
1.478	0.03295	0.0036
1.479	0.03295	0.0036
1.48	0.0329	0.0036
1.481	0.03295	0.0036
1.482	0.03295	0.0036
1.483	0.033	0.0036
1.484	0.033	0.00315
1.485	0.0329	0.0039
1.486	0.033	0.00375
1.487	0.03295	0.00375
1.488	0.033	0.00435
1.489	0.0329	0.00405
1.49	0.033	0.00405
1.491	0.03295	0.0048
1.492	0.03295	0.0039
1.493	0.033	0.00345
1.494	0.03295	0.00405
1.495	0.03295	0.00345
1.496	0.033	0.00375
1.497	0.0329	0.00345
1.498	0.0329	0.00315
1.499	0.033	0.00345
1.5	0.03295	0.0039
1.501	0.0329	0.00375
1.502	0.03295	0.00345
1.503	0.033	0.00375
1.504	0.03295	0.00345
1.505	0.03295	0.0039
1.506	0.03295	0.0042
1.507	0.033	0.00405
1.508	0.03295	0.0042
1.509	0.03295	0.00405
1.51	0.03295	0.0042
1.511	0.033	0.00405
1.512	0.033	0.0036
1.513	0.033	0.00345
1.514	0.03295	0.00345
1.515	0.03295	0.0036
1.516	0.03295	0.00345
1.517	0.03295	0.00345
1.518	0.03295	0.00375
1.519	0.033	0.0039
1.52	0.03295	0.00375
1.521	0.03295	0.00345
1.522	0.033	0.0039
1.523	0.033	0.0042
1.524	0.03295	0.00375
1.525	0.033	0.00405
1.526	0.03295	0.00405
1.527	0.033	0.00345
1.528	0.03295	0.0042
1.529	0.03295	0.0036
1.53	0.03295	0.0033
1.531	0.03295	0.0036
1.532	0.03295	0.00315
1.533	0.03295	0.00345
1.534	0.033	0.0042
1.535	0.03295	0.00375
1.536	0.03295	0.00405
1.537	0.03295	0.0039
1.538	0.03295	0.00345
1.539	0.033	0.0042
1.54	0.03295	0.0042
1.541	0.03295	0.00375
1.542	0.03295	0.00375
1.543	0.03295	0.00375
1.544	0.0329	
1.545	0.03295	
1.546	0.033	
1.547	0.033	
1.548	0.0329	
1.549	0.03295	
1.55	0.03295	
1.551	0.033	
1.552	0.03295	
1.553	0.033	
