MIN=0	-0.1	-0.3
MAX=4.52548339959391	0.1	0.3
SCALE=0.1	0.05	0.1
DEC=3	4	4
DEF="Time" t / s	"Current" I_A1 / A	"Voltage" U_B1 / V
0	-5E-05	0
0.001	0	-0.0003
0.002	-5E-05	-0.0003
0.003	0	-0.0006
0.004	0	-0.0006
0.005	0	0
0.006	0	-0.00075
0.007	-5E-05	-0.00075
0.008	0	-0.00075
0.009	-5E-05	-0.0006
0.01	0	-0.00105
0.011	0	-0.00105
0.012	0	-0.0006
0.013	0	-0.00105
0.014	0	-0.0003
0.015	5E-05	-0.00045
0.016	0	-0.00015
0.017	0	0.00015
0.018	0	-0.00015
0.019	0	-0.0009
0.02	0	-0.0003
0.021	0	0
0.022	0	-0.00075
0.023	-5E-05	-0.0003
0.024	0	-0.0009
0.025	0	-0.0003
0.026	0	0.00015
0.027	-5E-05	-0.0006
0.028	-5E-05	-0.00135
0.029	-5E-05	-0.0006
0.03	0	-0.0006
0.031	0	-0.0003
0.032	-5E-05	0.00015
0.033	-5E-05	-0.00015
0.034	5E-05	0.00015
0.035	0	0
0.036	0	0
0.037	-5E-05	0
0.038	-5E-05	-0.00075
0.039	0	-0.00075
0.04	0	-0.00015
0.041	0	-0.0009
0.042	0	-0.00105
0.043	0	0.00015
0.044	0	-0.00045
0.045	0	-0.00015
0.046	-5E-05	0
0.047	0	-0.0003
0.048	0	-0.00075
0.049	0	-0.0006
0.05	0	-0.0003
0.051	0	-0.00045
0.052	0	-0.00045
0.053	0	-0.0006
0.054	0	-0.0006
0.055	-5E-05	0.00015
0.056	0	-0.0006
0.057	-5E-05	-0.0006
0.058	0	-0.0006
0.059	0	-0.0009
0.06	-5E-05	-0.00075
0.061	0	-0.00045
0.062	0	-0.00075
0.063	-5E-05	-0.0003
0.064	0	-0.00045
0.065	-5E-05	-0.0006
0.066	-5E-05	-0.0003
0.067	-5E-05	-0.0003
0.068	0	0
0.069	0	-0.0009
0.07	0	-0.0009
0.071	0	0.00015
0.072	0	0.00015
0.073	-5E-05	-0.0006
0.074	0	-0.00075
0.075	-5E-05	-0.00045
0.076	-5E-05	-0.0009
0.077	-5E-05	-0.00075
0.078	0	-0.0006
0.079	0	-0.0006
0.08	-5E-05	-0.00015
0.081	0	-0.0006
0.082	-5E-05	-0.0003
0.083	0	-0.00015
0.084	0	-0.0006
0.085	-5E-05	-0.00075
0.086	0	0.0003
0.087	0	-0.0003
0.088	0	-0.0006
0.089	-5E-05	-0.00075
0.09	-5E-05	-0.0012
0.091	0	-0.0012
0.092	-5E-05	-0.00075
0.093	-5E-05	-0.00075
0.094	0	-0.0009
0.095	-5E-05	-0.00105
0.096	-5E-05	-0.0012
0.097	0	-0.00015
0.098	0	-0.0003
0.099	0	-0.00075
0.1	-5E-05	-0.0003
0.101	0	-0.0006
0.102	-5E-05	-0.00075
0.103	-5E-05	-0.0003
0.104	-5E-05	-0.0006
0.105	-5E-05	-0.0006
0.106	0	-0.00045
0.107	0	-0.00105
0.108	0	-0.0009
0.109	0	-0.00075
0.11	0	-0.00045
0.111	-5E-05	-0.0015
0.112	0	-0.0012
0.113	0	-0.0006
0.114	-5E-05	-0.00045
0.115	0	0
0.116	0	-0.0006
0.117	0	-0.0003
0.118	0	-0.0003
0.119	0	-0.00075
0.12	-5E-05	-0.00045
0.121	-5E-05	-0.0006
0.122	0	-0.0009
0.123	-5E-05	-0.0006
0.124	0	-0.0006
0.125	0	-0.00075
0.126	-5E-05	-0.00015
0.127	0	-0.00105
0.128	0	-0.0012
0.129	0	-0.00075
0.13	-5E-05	-0.00075
0.131	0	-0.0003
0.132	0	-0.00075
0.133	0	-0.0009
0.134	0	-0.0003
0.135	0	0
0.136	0	-0.00075
0.137	5E-05	-0.00045
0.138	-5E-05	-0.0006
0.139	0	-0.00105
0.14	0	-0.00015
0.141	0	-0.0006
0.142	0	-0.0009
0.143	-5E-05	-0.00075
0.144	-5E-05	-0.00045
0.145	-5E-05	-0.00045
0.146	-5E-05	-0.0009
0.147	0	-0.00075
0.148	0	-0.00075
0.149	0	-0.00045
0.15	-5E-05	-0.0003
0.151	0	-0.0003
0.152	0	-0.00015
0.153	-5E-05	-0.0009
0.154	-5E-05	-0.00075
0.155	0	-0.0003
0.156	0	-0.0009
0.157	-5E-05	-0.00105
0.158	0	-0.00045
0.159	0	-0.00135
0.16	0	-0.00105
0.161	0	-0.0012
0.162	-5E-05	-0.00075
0.163	-5E-05	-0.00015
0.164	-5E-05	-0.00015
0.165	0	-0.00045
0.166	0	0
0.167	0	-0.00045
0.168	0	-0.0006
0.169	-5E-05	-0.00015
0.17	5E-05	-0.00075
0.171	0	-0.0003
0.172	0	-0.00015
0.173	-5E-05	-0.00015
0.174	0	-0.00105
0.175	0	-0.0009
0.176	-5E-05	-0.00045
0.177	0	-0.00045
0.178	-5E-05	-0.00105
0.179	0	-0.00075
0.18	0	0
0.181	0	-0.0006
0.182	-5E-05	-0.00045
0.183	-5E-05	0.0003
0.184	0	-0.0003
0.185	-5E-05	-0.00015
0.186	0	-0.00045
0.187	-5E-05	-0.0003
0.188	0	-0.00075
0.189	0	-0.0006
0.19	0	-0.00045
0.191	0	-0.00045
0.192	0	-0.00075
0.193	0	-0.0006
0.194	0	0.0003
0.195	0	-0.0009
0.196	-5E-05	-0.0009
0.197	0	-0.00015
0.198	0	0
0.199	0	0
0.2	0	0.00015
0.201	-5E-05	0
0.202	0	-0.00015
0.203	-5E-05	-0.0006
0.204	5E-05	-0.0003
0.205	-5E-05	-0.00015
0.206	0	0.0003
0.207	0	-0.0003
0.208	-5E-05	-0.0003
0.209	0	0
0.21	0	-0.00015
0.211	0	0
0.212	0	0.00015
0.213	0	-0.0003
0.214	0	0.00015
0.215	0	0.0003
0.216	0	-0.0006
0.217	0	0
0.218	-5E-05	0.00045
0.219	0	0.00015
0.22	0	0.00075
0.221	-5E-05	0.00015
0.222	0	0.00015
0.223	0	0.0003
0.224	0	0.00015
0.225	0	-0.0003
0.226	-5E-05	-0.00045
0.227	0	-0.00015
0.228	-5E-05	0
0.229	0	0.00015
0.23	0	-0.00015
0.231	-5E-05	-0.00045
0.232	0	0.00015
0.233	0	0.0003
0.234	0	0.00045
0.235	-5E-05	0.00015
0.236	-5E-05	0
0.237	-5E-05	-0.00075
0.238	0	-0.00045
0.239	0	-0.00015
0.24	0	0.0003
0.241	-5E-05	-0.00075
0.242	-5E-05	-0.0012
0.243	0	-0.0003
0.244	0	0
0.245	0	-0.00015
0.246	-5E-05	-0.0006
0.247	0	-0.0009
0.248	0	-0.0006
0.249	-5E-05	-0.0003
0.25	0	-0.00015
0.251	-5E-05	-0.0003
0.252	0	-0.00045
0.253	0	-0.00075
0.254	-5E-05	-0.0006
0.255	0	0.00045
0.256	-5E-05	-0.0009
0.257	0	-0.0012
0.258	-5E-05	-0.00135
0.259	-5E-05	-0.00165
0.26	-5E-05	-0.00045
0.261	-5E-05	-0.00045
0.262	0	-0.00105
0.263	0	-0.00075
0.264	-5E-05	-0.00075
0.265	-5E-05	-0.0012
0.266	0	0.00015
0.267	-5E-05	-0.0009
0.268	0	-0.00135
0.269	-5E-05	-0.0009
0.27	-5E-05	-0.00105
0.271	0	-0.00045
0.272	0	-0.0006
0.273	0	-0.0009
0.274	-5E-05	-0.0009
0.275	0	-0.0006
0.276	0	-0.0018
0.277	0	-0.0009
0.278	0	-0.0009
0.279	-5E-05	-0.0006
0.28	0	-0.0009
0.281	0	-0.00045
0.282	-5E-05	-0.00045
0.283	0	-0.00045
0.284	0	0.00015
0.285	0	-0.0009
0.286	0	-0.0003
0.287	0	-0.0006
0.288	0	-0.00045
0.289	0	-0.0003
0.29	0	-0.00015
0.291	-5E-05	-0.00105
0.292	0	-0.00015
0.293	0	-0.00075
0.294	0	-0.00105
0.295	0	0.0003
0.296	0	-0.0006
0.297	0	-0.00045
0.298	-5E-05	-0.00015
0.299	0	-0.00045
0.3	0	-0.00045
0.301	0	-0.0003
0.302	0	-0.0006
0.303	0	-0.0006
0.304	0	-0.0003
0.305	-5E-05	-0.0006
0.306	-5E-05	-0.00045
0.307	0	-0.0006
0.308	0	-0.0012
0.309	-5E-05	-0.0006
0.31	-5E-05	-0.0006
0.311	-5E-05	-0.0012
0.312	-5E-05	-0.00045
0.313	0	-0.00015
0.314	0	-0.00075
0.315	0	0
0.316	-5E-05	-0.0006
0.317	0	0
0.318	0	-0.00015
0.319	0	-0.00015
0.32	-5E-05	0
0.321	0	-0.0006
0.322	-5E-05	-0.00135
0.323	-5E-05	-0.00075
0.324	-5E-05	-0.00075
0.325	0	-0.0006
0.326	0	-0.00045
0.327	0	-0.00045
0.328	-5E-05	-0.00045
0.329	-5E-05	-0.0006
0.33	0	-0.00075
0.331	0	-0.00075
0.332	-5E-05	-0.00045
0.333	-5E-05	-0.0009
0.334	0	-0.00045
0.335	-5E-05	-0.00075
0.336	0	0
0.337	0	-0.0003
0.338	-5E-05	-0.00075
0.339	-5E-05	-0.00105
0.34	0	-0.0009
0.341	0	-0.00105
0.342	-5E-05	-0.0009
0.343	0	-0.00135
0.344	0	-0.0009
0.345	0	-0.0006
0.346	0	-0.0003
0.347	0	-0.00075
0.348	0	-0.0009
0.349	0	-0.00045
0.35	-5E-05	-0.00045
0.351	-5E-05	-0.0009
0.352	-5E-05	-0.00075
0.353	0	-0.00045
0.354	0	-0.00075
0.355	0	-0.00015
0.356	0	-0.0009
0.357	-5E-05	-0.0009
0.358	0	-0.0006
0.359	0	-0.0012
0.36	0	-0.0006
0.361	0	-0.0012
0.362	-5E-05	-0.0009
0.363	0	-0.0009
0.364	0	0
0.365	-5E-05	-0.0006
0.366	0	-0.00015
0.367	-5E-05	-0.00075
0.368	-5E-05	-0.0009
0.369	0	0
0.37	0	-0.00075
0.371	-5E-05	-0.0009
0.372	0	-0.00075
0.373	0	-0.0006
0.374	-5E-05	-0.00045
0.375	0	-0.00015
0.376	-5E-05	-0.0009
0.377	0	-0.00135
0.378	-5E-05	-0.00075
0.379	0	-0.00105
0.38	0	-0.0006
0.381	-5E-05	-0.00015
0.382	0	-0.00045
0.383	0	-0.00015
0.384	0	0
0.385	0	-0.00015
0.386	0	-0.0006
0.387	-5E-05	-0.0006
0.388	0	-0.0009
0.389	0	-0.00075
0.39	-5E-05	-0.00075
0.391	0	-0.0006
0.392	-5E-05	-0.00015
0.393	-5E-05	-0.0006
0.394	0	-0.0012
0.395	0	-0.00015
0.396	0	-0.0006
0.397	0	-0.0003
0.398	0	-0.0003
0.399	-5E-05	-0.0006
0.4	0	-0.0006
0.401	0	0
0.402	0	-0.00045
0.403	0	-0.0006
0.404	0	-0.00045
0.405	-5E-05	-0.0009
0.406	-5E-05	0
0.407	0	-0.0003
0.408	0	-0.00075
0.409	0	-0.0009
0.41	0	-0.0006
0.411	-5E-05	-0.0006
0.412	-5E-05	-0.00045
0.413	0	-0.0006
0.414	0	-0.00075
0.415	-5E-05	0
0.416	0	-0.00045
0.417	0	0
0.418	-5E-05	0
0.419	0	-0.0006
0.42	0	-0.0006
0.421	0	0.00015
0.422	-5E-05	-0.0006
0.423	0	-0.00045
0.424	0	-0.00045
0.425	-5E-05	-0.00105
0.426	0	-0.00045
0.427	0	-0.00045
0.428	0	-0.0006
0.429	0	-0.00045
0.43	0	-0.00045
0.431	-5E-05	-0.0003
0.432	0	0
0.433	0	-0.00045
0.434	0	-0.0003
0.435	0	0.00045
0.436	-5E-05	-0.00045
0.437	0	-0.00015
0.438	0	0.0003
0.439	0	0.0003
0.44	-5E-05	-0.0006
0.441	-5E-05	-0.00015
0.442	0	-0.0009
0.443	-5E-05	-0.0003
0.444	0	-0.0003
0.445	-5E-05	-0.0006
0.446	0	0.0003
0.447	0	-0.00015
0.448	-5E-05	-0.0006
0.449	0	-0.00045
0.45	-5E-05	0.0003
0.451	0	-0.00045
0.452	0	0.00015
0.453	0	0.00015
0.454	0	-0.0003
0.455	-5E-05	0.00015
0.456	0	-0.00015
0.457	0	-0.0009
0.458	0	-0.0003
0.459	0	-0.0006
0.46	0	-0.0006
0.461	0	-0.0006
0.462	0	-0.00045
0.463	0	-0.00045
0.464	0	0.00015
0.465	0	-0.00015
0.466	0	-0.00045
0.467	0	0
0.468	-5E-05	-0.0003
0.469	-5E-05	-0.00015
0.47	0	-0.0003
0.471	-5E-05	-0.0006
0.472	0	-0.0003
0.473	0	0
0.474	0	0
0.475	-5E-05	-0.00075
0.476	0	-0.0006
0.477	-5E-05	-0.00075
0.478	0	-0.00015
0.479	0	-0.00045
0.48	0	-0.00045
0.481	0	-0.0006
0.482	0	-0.00045
0.483	0	-0.0006
0.484	0	-0.00015
0.485	-5E-05	0.00015
0.486	0	-0.00045
0.487	0	-0.0003
0.488	0	-0.0003
0.489	0	-0.0003
0.49	-5E-05	-0.0006
0.491	-5E-05	-0.0009
0.492	0	-0.00105
0.493	0	-0.00075
0.494	0	-0.00075
0.495	-5E-05	-0.00015
0.496	-5E-05	-0.0003
0.497	0	-0.0006
0.498	-5E-05	-0.00045
0.499	0	-0.0006
0.5	0	0
0.501	0	0
0.502	0	-0.00045
0.503	0	-0.00045
0.504	0	-0.00015
0.505	-5E-05	-0.0003
0.506	0	-0.0003
0.507	-5E-05	-0.00075
0.508	-5E-05	-0.0012
0.509	0	-0.00045
0.51	0	-0.0009
0.511	0	-0.00045
0.512	0	-0.00015
0.513	-5E-05	0
0.514	-5E-05	-0.00045
0.515	0	-0.00015
0.516	0	-0.00045
0.517	0	-0.00045
0.518	-5E-05	-0.00045
0.519	0	-0.00075
0.52	0	-0.0006
0.521	-5E-05	0
0.522	0	-0.00015
0.523	-5E-05	-0.00045
0.524	0	-0.0003
0.525	0	-0.0012
0.526	0	-0.0003
0.527	0	-0.00075
0.528	-5E-05	-0.0009
0.529	0	-0.00075
0.53	-5E-05	-0.00015
0.531	0	-0.0003
0.532	0	-0.0003
0.533	0	0
0.534	0	-0.00015
0.535	0	0.00015
0.536	0	-0.00045
0.537	0	-0.0003
0.538	-5E-05	-0.00015
0.539	0	-0.00015
0.54	0	-0.0003
0.541	-5E-05	-0.00015
0.542	0	-0.0006
0.543	0	-0.0003
0.544	0	0.0003
0.545	0	-0.0009
0.546	0	-0.0003
0.547	0	-0.0003
0.548	0	-0.0003
0.549	0	0
0.55	-5E-05	-0.00015
0.551	-5E-05	-0.0003
0.552	0	-0.00045
0.553	-5E-05	-0.0003
0.554	0	-0.0009
0.555	0	-0.00015
0.556	0	-0.00075
0.557	0	-0.00045
0.558	-5E-05	-0.0003
0.559	0	-0.00045
0.56	0	-0.00075
0.561	-5E-05	-0.0003
0.562	-5E-05	-0.00045
0.563	0	-0.0006
0.564	-5E-05	-0.00015
0.565	0	-0.0003
0.566	0	-0.0003
0.567	0	0.0003
0.568	0	0
0.569	0	0.00015
0.57	0	-0.00015
0.571	0	-0.00045
0.572	0	-0.0003
0.573	0	-0.00045
0.574	0	-0.00075
0.575	0	-0.00075
0.576	0	-0.0003
0.577	-5E-05	-0.00015
0.578	0	-0.0003
0.579	0	-0.0009
0.58	0	-0.0006
0.581	-5E-05	0.00015
0.582	-5E-05	-0.00015
0.583	-5E-05	-0.00015
0.584	0	-0.00015
0.585	0	-0.00015
0.586	0	0
0.587	0	-0.00015
0.588	0	-0.0012
0.589	0	-0.00075
0.59	0	-0.00045
0.591	-5E-05	-0.00105
0.592	-5E-05	-0.00105
0.593	0	-0.00045
0.594	0	-0.0003
0.595	0	0
0.596	-5E-05	-0.0006
0.597	0	-0.0015
0.598	0	-0.00015
0.599	0	-0.0003
0.6	0	-0.00075
0.601	-5E-05	-0.00075
0.602	0	-0.0006
0.603	0	-0.0003
0.604	-5E-05	0.00015
0.605	-5E-05	-0.00135
0.606	0	-0.00135
0.607	0	-0.00075
0.608	0	-0.0009
0.609	0	-0.0009
0.61	0	-0.00105
0.611	0	-0.00135
0.612	0	-0.0009
0.613	0	-0.00045
0.614	-5E-05	-0.0015
0.615	0	-0.00135
0.616	-5E-05	-0.00075
0.617	-5E-05	-0.0009
0.618	-5E-05	-0.0012
0.619	0	-0.0009
0.62	0	-0.00135
0.621	-5E-05	-0.0006
0.622	0	-0.0009
0.623	0	-0.00075
0.624	0	-0.00105
0.625	0	-0.0012
0.626	-5E-05	-0.00165
0.627	-5E-05	-0.0009
0.628	5E-05	-0.0012
0.629	0	-0.0012
0.63	0	-0.00105
0.631	0	-0.0012
0.632	-5E-05	-0.00045
0.633	0	-0.0003
0.634	0	-0.00075
0.635	0	-0.0006
0.636	-5E-05	-0.0012
0.637	-5E-05	-0.0009
0.638	0	-0.00045
0.639	0	-0.00045
0.64	-5E-05	-0.0009
0.641	-5E-05	-0.0012
0.642	0	-0.00105
0.643	0	-0.00135
0.644	-5E-05	-0.00045
0.645	-5E-05	-0.00075
0.646	-5E-05	-0.00075
0.647	0	-0.0009
0.648	0	-0.0003
0.649	0	-0.00015
0.65	0	0
0.651	0	-0.0003
0.652	0	-0.00135
0.653	0	-0.0003
0.654	0	0
0.655	0	-0.00015
0.656	0	-0.0006
0.657	0	-0.0006
0.658	0	-0.00015
0.659	0	-0.00045
0.66	-5E-05	-0.00075
0.661	-5E-05	-0.00015
0.662	0	-0.0009
0.663	0	-0.00105
0.664	-5E-05	0.00015
0.665	0	-0.00045
0.666	0	-0.00015
0.667	0	0.00045
0.668	0	-0.00015
0.669	0	0
0.67	0	-0.00015
0.671	-5E-05	-0.0003
0.672	0	-0.0006
0.673	0	0.0003
0.674	-5E-05	-0.0009
0.675	0	-0.00045
0.676	0	-0.00045
0.677	-5E-05	-0.0006
0.678	0	-0.00015
0.679	0	-0.00015
0.68	0	-0.0003
0.681	0	-0.00015
0.682	0	-0.0003
0.683	-5E-05	-0.0006
0.684	-5E-05	0.00075
0.685	0	-0.0006
0.686	0	-0.0003
0.687	-5E-05	-0.0003
0.688	0	-0.00045
0.689	-5E-05	-0.00045
0.69	0	-0.00015
0.691	0	-0.0009
0.692	0	-0.0006
0.693	0	-0.0003
0.694	-5E-05	-0.0003
0.695	0	-0.00015
0.696	-5E-05	-0.0006
0.697	0	-0.00075
0.698	-5E-05	-0.0006
0.699	-5E-05	0
0.7	-5E-05	-0.0003
0.701	0	0.00015
0.702	0	-0.0006
0.703	0	-0.00075
0.704	-5E-05	-0.0006
0.705	0	-0.0003
0.706	0	-0.0012
0.707	-5E-05	-0.0006
0.708	0	-0.00105
0.709	0	-0.0006
0.71	-5E-05	-0.0006
0.711	0	-0.00075
0.712	0	-0.00075
0.713	0	-0.00015
0.714	0	-0.0006
0.715	-5E-05	-0.0003
0.716	0	-0.0003
0.717	-5E-05	-0.0009
0.718	0	0.00015
0.719	-5E-05	-0.00015
0.72	0	-0.0003
0.721	0	-0.00045
0.722	0	-0.00045
0.723	0	-0.00045
0.724	-5E-05	-0.00045
0.725	0	-0.0012
0.726	0	-0.00075
0.727	-5E-05	0
0.728	0	-0.0006
0.729	0	-0.00045
0.73	0	-0.00015
0.731	0	-0.0003
0.732	-5E-05	-0.00045
0.733	0	-0.00015
0.734	0	-0.0006
0.735	0	-0.0003
0.736	0	0.0003
0.737	-5E-05	-0.0003
0.738	0	-0.00015
0.739	0	-0.00015
0.74	-5E-05	-0.00075
0.741	0	-0.0003
0.742	-5E-05	-0.00045
0.743	0	-0.0009
0.744	0	-0.00075
0.745	0	-0.0003
0.746	0	-0.0009
0.747	-5E-05	0.0003
0.748	0	-0.00015
0.749	0	-0.00075
0.75	-5E-05	-0.00015
0.751	0	-0.00015
0.752	-5E-05	-0.00075
0.753	0	-0.0003
0.754	0	-0.0003
0.755	0	0
0.756	0	0.00015
0.757	0	-0.00045
0.758	0	-0.00045
0.759	0	-0.0003
0.76	-5E-05	-0.0015
0.761	0	-0.00045
0.762	-5E-05	-0.0003
0.763	0	-0.00075
0.764	0	0
0.765	0	0
0.766	0	-0.00045
0.767	0	-0.0006
0.768	-5E-05	0
0.769	-5E-05	0.00045
0.77	0	0
0.771	-5E-05	-0.0009
0.772	-5E-05	-0.00045
0.773	0	0
0.774	0	-0.00045
0.775	0	-0.00075
0.776	0	-0.00045
0.777	0	-0.0006
0.778	0	-0.00015
0.779	0	-0.00045
0.78	0	-0.0006
0.781	0	0.00015
0.782	0	-0.00015
0.783	0	-0.00045
0.784	0	-0.00015
0.785	0	0
0.786	0	-0.00045
0.787	-5E-05	-0.00015
0.788	0	-0.0012
0.789	-5E-05	-0.0006
0.79	-5E-05	-0.00015
0.791	0	-0.0003
0.792	0	-0.0003
0.793	0	-0.00045
0.794	0	-0.0006
0.795	0	-0.0003
0.796	-5E-05	-0.0003
0.797	0	-0.0006
0.798	0	-0.0006
0.799	-5E-05	-0.00015
0.8	0	0
0.801	0	0.0003
0.802	0	-0.00045
0.803	0	-0.0006
0.804	0	-0.00015
0.805	0	-0.0006
0.806	-5E-05	-0.0009
0.807	0	-0.00075
0.808	0	-0.0009
0.809	0	-0.00135
0.81	-5E-05	-0.00015
0.811	0	0
0.812	0	-0.00015
0.813	0	-0.0003
0.814	0	-0.00135
0.815	0	-0.00045
0.816	0	-0.00015
0.817	0	-0.00015
0.818	0	-0.00045
0.819	0	-0.0003
0.82	0	-0.0003
0.821	0	-0.0006
0.822	0	-0.00015
0.823	-5E-05	-0.0003
0.824	-5E-05	-0.0003
0.825	0	-0.0012
0.826	-5E-05	-0.0006
0.827	0	-0.0003
0.828	0	-0.0006
0.829	-5E-05	-0.0009
0.83	-5E-05	-0.00105
0.831	0	-0.0003
0.832	0	-0.0006
0.833	-5E-05	-0.00015
0.834	0	-0.00045
0.835	-5E-05	0
0.836	0	-0.0006
0.837	0	-0.0003
0.838	0	-0.00015
0.839	0	-0.00075
0.84	0	-0.00075
0.841	0	-0.0006
0.842	-5E-05	-0.00015
0.843	0	-0.0006
0.844	0	-0.00045
0.845	-5E-05	-0.00075
0.846	0	-0.00075
0.847	0	-0.00045
0.848	0	-0.00045
0.849	-5E-05	-0.0003
0.85	0	-0.00015
0.851	0	-0.0006
0.852	-5E-05	0
0.853	-5E-05	0
0.854	-5E-05	-0.0006
0.855	0	-0.00075
0.856	-5E-05	-0.0003
0.857	0	-0.00105
0.858	0	-0.00075
0.859	0	-0.0006
0.86	0	-0.0006
0.861	0	-0.00045
0.862	0	-0.00015
0.863	0	-0.00015
0.864	0	-0.00045
0.865	-5E-05	-0.00045
0.866	-5E-05	-0.0003
0.867	0	0
0.868	0	-0.00075
0.869	0	-0.0003
0.87	0	-0.0003
0.871	0	-0.0003
0.872	-5E-05	-0.0012
0.873	0	-0.00015
0.874	0	-0.00045
0.875	-5E-05	-0.00105
0.876	0	-0.00015
0.877	0	-0.00015
0.878	-5E-05	0
0.879	-5E-05	-0.00075
0.88	0	-0.0006
0.881	-5E-05	-0.0003
0.882	-5E-05	-0.00015
0.883	0	-0.00015
0.884	0	-0.0003
0.885	0	0
0.886	-5E-05	-0.00045
0.887	-5E-05	0.00015
0.888	-5E-05	0.00015
0.889	0	-0.0003
0.89	0	-0.0006
0.891	0	-0.00075
0.892	0	-0.0006
0.893	-5E-05	-0.00105
0.894	0	0
0.895	0	-0.00045
0.896	-5E-05	-0.0003
0.897	0	-0.00045
0.898	0	-0.00045
0.899	0	0
0.9	0	-0.0003
0.901	0	-0.0003
0.902	-5E-05	-0.0003
0.903	0	-0.0003
0.904	0	-0.00015
0.905	0	0
0.906	-5E-05	-0.00075
0.907	-5E-05	-0.0006
0.908	0	-0.00075
0.909	0	-0.00105
0.91	0	-0.0009
0.911	-5E-05	-0.0009
0.912	0	-0.00105
0.913	0	-0.0003
0.914	-5E-05	-0.0009
0.915	0	-0.0003
0.916	-5E-05	0
0.917	0	-0.0003
0.918	0	-0.00075
0.919	0	-0.00045
0.92	0	0
0.921	0	-0.00015
0.922	0	-0.0012
0.923	0	-0.0006
0.924	0	-0.00075
0.925	0	-0.0003
0.926	0	-0.0009
0.927	0	-0.0009
0.928	-5E-05	-0.00075
0.929	-5E-05	-0.00075
0.93	0	-0.0006
0.931	0	-0.00015
0.932	0	0.00015
0.933	-5E-05	-0.0003
0.934	0	-0.0003
0.935	0	-0.0012
0.936	-5E-05	0
0.937	0	-0.0003
0.938	0	-0.0012
0.939	0	-0.0006
0.94	0	-0.0009
0.941	0	-0.00045
0.942	-5E-05	-0.00045
0.943	-5E-05	-0.0009
0.944	5E-05	-0.00105
0.945	-5E-05	-0.0006
0.946	-5E-05	-0.0009
0.947	0	-0.0003
0.948	-5E-05	-0.00075
0.949	0	-0.0006
0.95	0	-0.0003
0.951	0	-0.00015
0.952	-5E-05	-0.00075
0.953	0	-0.0006
0.954	0	-0.00015
0.955	-5E-05	-0.0012
0.956	-5E-05	-0.0012
0.957	0	-0.00075
0.958	0	-0.00045
0.959	-5E-05	-0.0009
0.96	0	-0.00045
0.961	-5E-05	-0.00075
0.962	0	-0.00105
0.963	0	-0.00075
0.964	0	-0.0009
0.965	0	-0.0009
0.966	-5E-05	-0.0009
0.967	0	-0.00015
0.968	0	-0.00015
0.969	-5E-05	-0.00045
0.97	0	-0.00045
0.971	0	-0.0003
0.972	-5E-05	-0.0012
0.973	0	-0.0012
0.974	0	-0.00045
0.975	-5E-05	-0.00105
0.976	0	-0.0015
0.977	0	-0.00105
0.978	0	-0.00045
0.979	-5E-05	-0.0003
0.98	0	-0.0012
0.981	0	-0.00075
0.982	-5E-05	-0.00045
0.983	0	-0.0003
0.984	-5E-05	-0.00075
0.985	0	-0.00075
0.986	0	0
0.987	0	-0.00075
0.988	0	0
0.989	0	-0.00075
0.99	-5E-05	-0.00135
0.991	-5E-05	-0.0009
0.992	-5E-05	-0.0009
0.993	0	-0.00075
0.994	0	-0.0015
0.995	0	-0.0006
0.996	-5E-05	0
0.997	0	0.00015
0.998	0	-0.0018
0.999	-5E-05	-0.00015
1	0	0
1.001	0	-0.00045
1.002	0	-0.0003
1.003	0	-0.00105
1.004	0	-0.0003
1.005	0	-0.00015
1.006	-5E-05	-0.0003
1.007	0	-0.00105
1.008	0	-0.00105
1.009	-5E-05	-0.00075
1.01	0	-0.00045
1.011	0	-0.0006
1.012	5E-05	-0.0009
1.013	0	-0.00045
1.014	0	-0.0003
1.015	0	-0.00045
1.016	0	-0.00075
1.017	0	0
1.018	0	-0.0006
1.019	-5E-05	-0.00075
1.02	-5E-05	-0.00075
1.021	0	-0.0003
1.022	0	-0.0006
1.023	0	-0.00075
1.024	0	-0.0006
1.025	0	-0.00075
1.026	0	-0.0012
1.027	-5E-05	-0.0009
1.028	0	0.00015
1.029	-5E-05	-0.00075
1.03	0	-0.0006
1.031	0	-0.0003
1.032	-5E-05	-0.0003
1.033	-5E-05	-0.0006
1.034	-5E-05	-0.0003
1.035	0	-0.00075
1.036	-5E-05	-0.0003
1.037	-5E-05	-0.0006
1.038	0	-0.0009
1.039	0	-0.00045
1.04	0	-0.00045
1.041	-5E-05	-0.0009
1.042	-5E-05	-0.00045
1.043	-5E-05	-0.0012
1.044	-5E-05	-0.00135
1.045	0	-0.0006
1.046	0	-0.0006
1.047	0	-0.00075
1.048	-5E-05	-0.00075
1.049	0	-0.00075
1.05	0	-0.00015
1.051	0	0.00105
1.052	-5E-05	-0.0006
1.053	0	-0.00135
1.054	-5E-05	-0.0009
1.055	0	-0.00105
1.056	0	-0.00045
1.057	0	0
1.058	0	-0.00075
1.059	0	-0.00075
1.06	0	-0.0003
1.061	-5E-05	-0.00045
1.062	-5E-05	0
1.063	0	-0.0006
1.064	-5E-05	-0.00135
1.065	0	-0.00045
1.066	-5E-05	-0.00015
1.067	0	0
1.068	0	0.0003
1.069	0	0.00015
1.07	0	-0.00045
1.071	0	0
1.072	0	-0.00045
1.073	0	0
1.074	0	-0.0006
1.075	-5E-05	-0.00075
1.076	0	-0.00015
1.077	0	-0.00015
1.078	0	0
1.079	0	0
1.08	-5E-05	0
1.081	0	-0.0003
1.082	-5E-05	0.00045
1.083	0	0
1.084	0	0.00015
1.085	0	0.0003
1.086	-5E-05	0
1.087	-5E-05	-0.00015
1.088	0	-0.0003
1.089	0	-0.00075
1.09	0	-0.00075
1.091	0	0
1.092	-5E-05	-0.00045
1.093	0	-0.0003
1.094	0	-0.00015
1.095	0	-0.0003
1.096	0	0
1.097	0	0.0003
1.098	0	-0.00045
1.099	0	-0.0006
1.1	-5E-05	0.00015
1.101	0	-0.00015
1.102	0	0.00015
1.103	0	-0.00015
1.104	5E-05	-0.00045
1.105	0	0.0003
1.106	0	-0.0003
1.107	-5E-05	-0.00045
1.108	0	-0.00015
1.109	0	-0.0003
1.11	0	-0.00075
1.111	0	-0.00015
1.112	0	-0.0003
1.113	0	-0.0006
1.114	0	-0.00015
1.115	-5E-05	-0.00015
1.116	0	-0.00015
1.117	-5E-05	0
1.118	0	-0.00015
1.119	0	-0.00015
1.12	0	0
1.121	-5E-05	-0.0003
1.122	0	-0.0003
1.123	0	-0.00015
1.124	0	-0.00075
1.125	-5E-05	-0.00015
1.126	0	-0.00015
1.127	-5E-05	-0.0012
1.128	0	-0.00015
1.129	-5E-05	-0.00045
1.13	-5E-05	-0.0003
1.131	0	0
1.132	0	-0.00045
1.133	0	0
1.134	0	-0.00015
1.135	0	-0.00015
1.136	0	-0.00015
1.137	0	0.00015
1.138	0	-0.00045
1.139	0	0
1.14	0	-0.00045
1.141	0	-0.0006
1.142	0	-0.00045
1.143	0	0
1.144	0	-0.0006
1.145	-5E-05	-0.00075
1.146	0	0
1.147	0	0.0003
1.148	-5E-05	0
1.149	0	0
1.15	0	-0.00015
1.151	-5E-05	0
1.152	0	0.0003
1.153	0	-0.00015
1.154	-5E-05	-0.0003
1.155	-5E-05	-0.0003
1.156	0	-0.0006
1.157	-5E-05	-0.0003
1.158	0	-0.0003
1.159	-5E-05	-0.0006
1.16	0	-0.00045
1.161	-5E-05	-0.00015
1.162	0	-0.00015
1.163	-5E-05	-0.00015
1.164	0	-0.0006
1.165	0	0
1.166	0	0.00015
1.167	0	-0.0003
1.168	-5E-05	0.0003
1.169	0	-0.00075
1.17	-5E-05	0.00045
1.171	0	0.0003
1.172	0	-0.0003
1.173	0	-0.0006
1.174	0	-0.00045
1.175	-5E-05	-0.00045
1.176	0	0
1.177	0	0
1.178	0	-0.0006
1.179	-5E-05	-0.0003
1.18	0	0
1.181	0	-0.0003
1.182	0	-0.00015
1.183	0	-0.00015
1.184	-5E-05	-0.0003
1.185	0	0.0003
1.186	-5E-05	0.0003
1.187	0	0.00015
1.188	-5E-05	0.0003
1.189	0	-0.00015
1.19	0	-0.0009
1.191	0	-0.00045
1.192	0	-0.00045
1.193	-5E-05	-0.0006
1.194	0	-0.0003
1.195	-5E-05	-0.0009
1.196	0	-0.00015
1.197	0	0.00075
1.198	-5E-05	-0.0003
1.199	0	-0.0003
1.2	0	-0.00015
1.201	0	-0.00045
1.202	0	-0.0003
1.203	0	-0.00045
1.204	0	-0.0009
1.205	-5E-05	-0.0003
1.206	0	-0.0003
1.207	0	-0.0009
1.208	-5E-05	-0.0006
1.209	-5E-05	-0.00075
1.21	0	-0.0009
1.211	0	-0.0006
1.212	0	-0.00075
1.213	0	-0.0003
1.214	0	0.00045
1.215	0	-0.0006
1.216	0	-0.0009
1.217	0	-0.00015
1.218	-5E-05	-0.0003
1.219	0	-0.0003
1.22	0	-0.0003
1.221	0	-0.0012
1.222	0	-0.00045
1.223	0	-0.0003
1.224	0	-0.00075
1.225	0	-0.0012
1.226	0	-0.00105
1.227	-5E-05	-0.00105
1.228	0	-0.0006
1.229	0	-0.00045
1.23	-5E-05	-0.0006
1.231	0	-0.00045
1.232	-5E-05	-0.00045
1.233	0	-0.00075
1.234	-5E-05	-0.00045
1.235	0	-0.00075
1.236	0	-0.0006
1.237	0	-0.00075
1.238	-5E-05	-0.00105
1.239	0	-0.00135
1.24	0	-0.00075
1.241	-5E-05	-0.0009
1.242	-5E-05	-0.0012
1.243	-5E-05	-0.0012
1.244	0	-0.00075
1.245	-5E-05	-0.00045
1.246	0	-0.0006
1.247	-5E-05	-0.0012
1.248	0	-0.0003
1.249	0	-0.00045
1.25	0	-0.0009
1.251	-5E-05	-0.0006
1.252	-5E-05	-0.0006
1.253	0	-0.00075
1.254	0	-0.0003
1.255	0	-0.00075
1.256	0	-0.00105
1.257	-5E-05	-0.0009
1.258	0	-0.00075
1.259	-5E-05	-0.00075
1.26	0	-0.00045
1.261	-5E-05	-0.00105
1.262	-5E-05	-0.00105
1.263	-5E-05	-0.0009
1.264	0	-0.00075
1.265	0	-0.00075
1.266	-5E-05	-0.00015
1.267	0	-0.00075
1.268	-5E-05	-0.0003
1.269	0	0
1.27	0	-0.0009
1.271	0	-0.00075
1.272	0	-0.0009
1.273	0	-0.0009
1.274	-5E-05	-0.00105
1.275	0	-0.0009
1.276	0	-0.0012
1.277	-5E-05	-0.00075
1.278	-5E-05	-0.00075
1.279	-5E-05	-0.00075
1.28	0	-0.00045
1.281	-5E-05	-0.00075
1.282	0	-0.00045
1.283	0	-0.0003
1.284	0	-0.00015
1.285	0	-0.0006
1.286	0	0
1.287	0	-0.0009
1.288	-5E-05	-0.0006
1.289	0	-0.0009
1.29	0	-0.00105
1.291	0	-0.0006
1.292	-5E-05	-0.00045
1.293	0	-0.00105
1.294	-5E-05	-0.00075
1.295	0	-0.0003
1.296	0	-0.0009
1.297	0	-0.00015
1.298	0	-0.0009
1.299	-5E-05	-0.00075
1.3	0	-0.0003
1.301	-5E-05	-0.0006
1.302	0	-0.0003
1.303	5E-05	-0.0003
1.304	-5E-05	-0.0006
1.305	0	-0.00105
1.306	-5E-05	-0.00045
1.307	-5E-05	-0.00075
1.308	0	-0.00075
1.309	0	-0.00105
1.31	0	-0.00075
1.311	-5E-05	-0.0006
1.312	0	-0.0003
1.313	-5E-05	-0.0006
1.314	0	-0.0006
1.315	-5E-05	-0.0003
1.316	0	-0.0003
1.317	-5E-05	-0.0003
1.318	0	-0.0003
1.319	0	-0.0003
1.32	-5E-05	-0.00075
1.321	0	-0.0003
1.322	0	-0.0006
1.323	0	-0.00045
1.324	-5E-05	-0.0006
1.325	0	-0.00075
1.326	0	-0.00045
1.327	0	-0.00045
1.328	5E-05	-0.00045
1.329	-5E-05	-0.0006
1.33	0	-0.00045
1.331	0	-0.00015
1.332	0	-0.00015
1.333	0	0.00015
1.334	-5E-05	0.00015
1.335	0	-0.0003
1.336	0	-0.0006
1.337	0	-0.00045
1.338	0	-0.0006
1.339	0	-0.00045
1.34	0	-0.00045
1.341	-5E-05	-0.00075
1.342	0	-0.00075
1.343	-5E-05	-0.0003
1.344	0	-0.00105
1.345	0	-0.00045
1.346	-5E-05	-0.00075
1.347	0	-0.0009
1.348	0	-0.00015
1.349	0	0.00015
1.35	-5E-05	-0.0003
1.351	-5E-05	-0.00015
1.352	0	-0.00015
1.353	0	-0.0006
1.354	0	-0.0003
1.355	0	-0.00075
1.356	0	-0.0006
1.357	-5E-05	-0.0006
1.358	0	-0.0006
1.359	0	-0.0006
1.36	0	0
1.361	-5E-05	-0.00075
1.362	0	0
1.363	0	0
1.364	-5E-05	-0.00075
1.365	0	-0.00075
1.366	-5E-05	-0.00015
1.367	0	-0.00075
1.368	0	-0.00015
1.369	0	-0.00015
1.37	0	-0.0003
1.371	0	0
1.372	0	-0.0006
1.373	0	-0.0009
1.374	0	-0.0006
1.375	-5E-05	-0.00075
1.376	0	-0.0012
1.377	-5E-05	-0.00045
1.378	0	-0.0003
1.379	0	-0.0006
1.38	0	0
1.381	0	-0.0006
1.382	0	-0.00045
1.383	0	-0.0003
1.384	-5E-05	-0.0003
1.385	0	-0.0006
1.386	0	-0.00015
1.387	0	-0.0003
1.388	-5E-05	-0.0003
1.389	0	0.00015
1.39	0	-0.00075
1.391	-5E-05	-0.0006
1.392	0	-0.00045
1.393	0	-0.0006
1.394	-5E-05	-0.0003
1.395	0	-0.00015
1.396	0	-0.00045
1.397	0	0
1.398	0	-0.00015
1.399	0	-0.00015
1.4	0	0.00015
1.401	0	-0.0003
1.402	-5E-05	0
1.403	0	-0.00015
1.404	-5E-05	0
1.405	0	0.00015
1.406	-5E-05	0.00015
1.407	-5E-05	-0.00075
1.408	0	-0.0006
1.409	0	0
1.41	0	-0.00015
1.411	0	0.0003
1.412	0	-0.0003
1.413	0	-0.0006
1.414	-5E-05	0
1.415	0	0.00045
1.416	0	0.00015
1.417	0	0.0003
1.418	0	-0.00015
1.419	0	0
1.42	0	0.0009
1.421	0	-0.00015
1.422	0	0.0003
1.423	0	-0.0003
1.424	-5E-05	-0.0003
1.425	-5E-05	-0.0003
1.426	0	0.00015
1.427	-5E-05	-0.0006
1.428	0	0.00015
1.429	0	0.00015
1.43	-5E-05	0.00015
1.431	5E-05	0.00015
1.432	0	0.00015
1.433	0	0.0003
1.434	0	0.0006
1.435	-5E-05	0
1.436	0	-0.00045
1.437	0	0.00015
1.438	0	-0.00015
1.439	-5E-05	-0.00015
1.44	0	0.00015
1.441	0	-0.00045
1.442	0	-0.00075
1.443	0	-0.00075
1.444	0	-0.0003
1.445	0	0.0003
1.446	-5E-05	-0.0003
1.447	-5E-05	-0.0009
1.448	0	-0.0003
1.449	0	-0.00015
1.45	0	0.0003
1.451	0	-0.00015
1.452	-5E-05	-0.0006
1.453	0	-0.00105
1.454	0	-0.00075
1.455	0	0.00015
1.456	0	-0.00105
1.457	-5E-05	-0.00075
1.458	0	-0.0012
1.459	0	-0.00075
1.46	0	-0.00045
1.461	0	-0.0003
1.462	-5E-05	-0.00105
1.463	-5E-05	-0.00105
1.464	-5E-05	-0.0012
1.465	0	-0.0012
1.466	0	0
1.467	0	-0.00045
1.468	0	-0.0003
1.469	-5E-05	-0.0009
1.47	-5E-05	-0.00075
1.471	0	-0.00075
1.472	-5E-05	-0.00075
1.473	0	-0.00135
1.474	0	-0.0009
1.475	0	-0.00105
1.476	0	-0.00045
1.477	-5E-05	-0.0003
1.478	-5E-05	-0.00105
1.479	0	-0.00075
1.48	0	-0.0006
1.481	0	-0.00075
1.482	-5E-05	-0.00045
1.483	0	-0.0006
1.484	0	-0.0006
1.485	0	-0.00045
1.486	0	-0.00075
1.487	-5E-05	-0.0006
1.488	0	-0.00015
1.489	0	-0.0006
1.49	0	-0.00105
1.491	0	-0.00075
1.492	-5E-05	-0.0012
1.493	0	-0.0015
1.494	0	-0.0006
1.495	0	-0.0006
1.496	0	-0.0003
1.497	0	0.00015
1.498	-5E-05	-0.0012
1.499	0	-0.0006
1.5	-5E-05	0.00015
1.501	0	-0.0006
1.502	0	-0.0003
1.503	0	-0.00015
1.504	5E-05	-0.0009
1.505	0	-0.0006
1.506	-5E-05	-0.00045
1.507	-5E-05	-0.0009
1.508	-5E-05	-0.0009
1.509	0	-0.00075
1.51	-5E-05	-0.00105
1.511	0	0
1.512	-5E-05	-0.00045
1.513	0	-0.0006
1.514	0	-0.00045
1.515	0	0
1.516	-5E-05	-0.00075
1.517	-5E-05	-0.00015
1.518	0	0.00015
1.519	-5E-05	-0.00135
1.52	0	-0.00045
1.521	-5E-05	-0.00075
1.522	0	-0.0009
1.523	0	-0.00075
1.524	-5E-05	-0.00075
1.525	0	-0.0009
1.526	-5E-05	-0.0003
1.527	0	-0.0012
1.528	0	-0.00135
1.529	0	0
1.53	-5E-05	-0.0009
1.531	0	-0.00015
1.532	0	-0.0003
1.533	0	-0.0006
1.534	0	-0.00045
1.535	-5E-05	-0.0003
1.536	0	-0.0009
1.537	-5E-05	-0.0003
1.538	0	-0.0003
1.539	0	-0.00075
1.54	0	-0.0009
1.541	0	-0.0012
1.542	0	-0.0006
1.543	0	-0.00075
1.544	-5E-05	-0.00105
1.545	-5E-05	-0.00135
1.546	-5E-05	-0.00045
1.547	0	-0.0009
1.548	0	-0.0009
1.549	-5E-05	-0.0006
1.55	-5E-05	-0.00045
1.551	0	-0.0006
1.552	0	-0.00135
1.553	-5E-05	-0.00075
1.554	0	-0.00075
1.555	-5E-05	-0.00075
1.556	-5E-05	-0.00105
1.557	0	-0.00075
1.558	0	-0.0009
1.559	0	-0.00105
1.56	0	-0.0006
1.561	0	-0.00135
1.562	-5E-05	-0.00135
1.563	0	-0.00165
1.564	0	-0.0003
1.565	-5E-05	-0.0006
1.566	0	-0.00045
1.567	0	-0.0009
1.568	0	-0.0006
1.569	0	-0.0006
1.57	0	-0.0006
1.571	0	-0.0006
1.572	0	-0.0012
1.573	-5E-05	-0.00105
1.574	0	-0.00075
1.575	-5E-05	-0.00075
1.576	-5E-05	-0.00165
1.577	0	-0.0012
1.578	0	-0.00105
1.579	0	-0.0006
1.58	-5E-05	-0.00045
1.581	0	-0.00015
1.582	0	-0.00105
1.583	-5E-05	-0.0009
1.584	-5E-05	-0.00045
1.585	0	-0.0006
1.586	-5E-05	-0.0006
1.587	0	-0.00075
1.588	-5E-05	-0.00105
1.589	0	-0.0009
1.59	-5E-05	-0.0012
1.591	0	-0.00075
1.592	0	-0.00075
1.593	-5E-05	-0.00135
1.594	0	-0.00165
1.595	0	-0.00135
1.596	0	-0.0006
1.597	0	-0.00045
1.598	0	-0.0003
1.599	-5E-05	-0.0012
1.6	-5E-05	-0.0009
1.601	0	-0.0009
1.602	0	-0.0006
1.603	0	-0.0009
1.604	0	-0.00105
1.605	-5E-05	-0.00165
1.606	-5E-05	-0.0012
1.607	0	-0.0009
1.608	-5E-05	-0.0009
1.609	0	-0.0012
1.61	0	-0.00135
1.611	0	-0.0009
1.612	0	-0.0009
1.613	-5E-05	-0.00075
1.614	0	-0.00075
1.615	-5E-05	-0.0006
1.616	0	-0.0003
1.617	0	-0.0006
1.618	-5E-05	-0.00075
1.619	0	-0.00075
1.62	0	0
1.621	5E-05	-0.0009
1.622	0	-0.00075
1.623	0	-0.0006
1.624	-5E-05	-0.00105
1.625	-5E-05	-0.00105
1.626	0	-0.0009
1.627	0	-0.00105
1.628	-5E-05	-0.0006
1.629	0	-0.00015
1.63	0	-0.0006
1.631	0	-0.00045
1.632	0	-0.0003
1.633	-5E-05	0.00015
1.634	0	-0.00015
1.635	0	-0.00045
1.636	0	-0.00105
1.637	0	-0.00015
1.638	0	-0.00015
1.639	0	-0.00015
1.64	-5E-05	-0.0006
1.641	0	-0.00045
1.642	0	-0.0003
1.643	0	-0.0003
1.644	0	0.00015
1.645	0	-0.00075
1.646	0	-0.00015
1.647	0	-0.0003
1.648	0	-0.00045
1.649	0	-0.00015
1.65	0	0.00075
1.651	0	0.00015
1.652	0	0.00045
1.653	-5E-05	0.00015
1.654	0	-0.0003
1.655	0	-0.00075
1.656	0	-0.0003
1.657	5E-05	-0.0006
1.658	0	0
1.659	-5E-05	-0.00045
1.66	-5E-05	-0.00045
1.661	0	0.00045
1.662	0	-0.00045
1.663	-5E-05	0.00015
1.664	-5E-05	-0.00015
1.665	0	-0.00015
1.666	5E-05	0
1.667	0	-0.00015
1.668	0	0.0006
1.669	-5E-05	0
1.67	0	-0.0003
1.671	0	-0.00015
1.672	0	0.00015
1.673	0	-0.00075
1.674	0	-0.00015
1.675	0	0.00015
1.676	-5E-05	-0.00015
1.677	0	-0.00015
1.678	-5E-05	-0.0003
1.679	0	-0.0003
1.68	0	0.0006
1.681	0	-0.0003
1.682	0	-0.00015
1.683	-5E-05	0.00015
1.684	0	0
1.685	0	-0.00045
1.686	0	0.00045
1.687	-5E-05	-0.0003
1.688	0	-0.00075
1.689	0	0.00015
1.69	0	-0.0006
1.691	-5E-05	-0.0009
1.692	-5E-05	-0.0006
1.693	0	-0.00015
1.694	-5E-05	-0.00075
1.695	0	-0.00045
1.696	-5E-05	-0.00045
1.697	-5E-05	-0.00015
1.698	0	-0.00045
1.699	0	-0.00045
1.7	0	-0.0003
1.701	0	-0.0003
1.702	0	-0.0006
1.703	0	-0.00045
1.704	0	0.0003
1.705	0	-0.0009
1.706	-5E-05	-0.0006
1.707	0	-0.0003
1.708	-5E-05	-0.0012
1.709	-5E-05	-0.00075
1.71	-5E-05	-0.0009
1.711	0	-0.0006
1.712	0	-0.0006
1.713	-5E-05	-0.00015
1.714	0	-0.00075
1.715	0	-0.00015
1.716	0	-0.00075
1.717	-5E-05	-0.00045
1.718	-5E-05	0.00045
1.719	0	-0.00045
1.72	5E-05	-0.00045
1.721	0	0
1.722	0	-0.00045
1.723	0	-0.0006
1.724	-5E-05	-0.00105
1.725	0	-0.0009
1.726	-5E-05	-0.0003
1.727	0	-0.00075
1.728	-5E-05	-0.00075
1.729	0	-0.0009
1.73	0	-0.0003
1.731	0	0.00015
1.732	0	0.00015
1.733	0	-0.00015
1.734	0	-0.0006
1.735	0	-0.0003
1.736	0	-0.0006
1.737	0	-0.00045
1.738	0	-0.0006
1.739	-5E-05	-0.0003
1.74	0	-0.00045
1.741	0	-0.0006
1.742	-5E-05	-0.0006
1.743	-5E-05	-0.00045
1.744	-5E-05	-0.00045
1.745	0	-0.0012
1.746	-5E-05	-0.0003
1.747	0	-0.00015
1.748	-5E-05	-0.00015
1.749	-5E-05	0
1.75	0	-0.00045
1.751	0	-0.00045
1.752	0	-0.00015
1.753	0	-0.00075
1.754	0	-0.0006
1.755	-5E-05	-0.0003
1.756	0	-0.00105
1.757	0	-0.00105
1.758	0	0
1.759	0	-0.00075
1.76	-5E-05	-0.00015
1.761	0	-0.0003
1.762	-5E-05	-0.0009
1.763	0	-0.00015
1.764	0	-0.0003
1.765	0	-0.00075
1.766	-5E-05	0
1.767	0	-0.00015
1.768	0	-0.00045
1.769	-5E-05	0
1.77	0	0
1.771	0	-0.00045
1.772	0	-0.0003
1.773	0	-0.0006
1.774	0	-0.0009
1.775	0	-0.00075
1.776	-5E-05	-0.0006
1.777	-5E-05	-0.00075
1.778	0	0
1.779	0	-0.0003
1.78	0	-0.00045
1.781	0	-0.00015
1.782	0	-0.0006
1.783	0	-0.00045
1.784	0	-0.00015
1.785	0	-0.0006
1.786	-5E-05	0
1.787	0	0
1.788	0	-0.0006
1.789	-5E-05	-0.00015
1.79	0	-0.0003
1.791	0	-0.00045
1.792	-5E-05	-0.00105
1.793	5E-05	-0.00105
1.794	0	-0.00015
1.795	0	0.00015
1.796	-5E-05	-0.0006
1.797	0	-0.00045
1.798	-5E-05	-0.00015
1.799	-5E-05	-0.00075
1.8	0	-0.00015
1.801	-5E-05	0.0003
1.802	0	0
1.803	0	-0.00015
1.804	-5E-05	-0.0003
1.805	0	-0.00045
1.806	0	-0.00045
1.807	0	-0.00045
1.808	0	-0.00075
1.809	0	-0.00015
1.81	-5E-05	-0.00105
1.811	-5E-05	-0.00105
1.812	0	0.0006
1.813	0	-0.00045
1.814	0	-0.0003
1.815	-5E-05	0.00015
1.816	0	-0.00045
1.817	0	0
1.818	0	-0.00015
1.819	-5E-05	-0.00045
1.82	0	-0.00015
1.821	5E-05	-0.00015
1.822	-5E-05	-0.00045
1.823	0	0
1.824	-5E-05	-0.0006
1.825	-5E-05	-0.00105
1.826	0	-0.0003
1.827	0	-0.00045
1.828	0	-0.00045
1.829	-5E-05	0.00045
1.83	0	0
1.831	0	-0.0003
1.832	0	0.00015
1.833	0	0
1.834	0	-0.00045
1.835	0	-0.00015
1.836	0	-0.00045
1.837	0	0
1.838	-5E-05	0.0003
1.839	0	-0.0003
1.84	0	-0.0003
1.841	0	0
1.842	-5E-05	-0.00075
1.843	-5E-05	-0.00015
1.844	-5E-05	-0.00015
1.845	0	-0.00045
1.846	0	-0.0003
1.847	0	0.00015
1.848	-5E-05	0
1.849	-5E-05	-0.00015
1.85	0	0.00015
1.851	0	0
1.852	-5E-05	0.00075
1.853	0	-0.0003
1.854	-5E-05	-0.0009
1.855	0	-0.0006
1.856	0	-0.0006
1.857	-5E-05	-0.00015
1.858	0	-0.0003
1.859	-5E-05	-0.00045
1.86	0	-0.00075
1.861	0	0
1.862	-5E-05	-0.00015
1.863	-5E-05	-0.00045
1.864	0	-0.00045
1.865	0	-0.0015
1.866	0	-0.00045
1.867	0	0.00015
1.868	0	0.00045
1.869	-5E-05	0
1.87	0	-0.0006
1.871	0	-0.00135
1.872	-5E-05	-0.0009
1.873	0	-0.0006
1.874	-5E-05	-0.0009
1.875	0	-0.0009
1.876	0	-0.00135
1.877	-5E-05	-0.0015
1.878	0	-0.00015
1.879	0	-0.0006
1.88	0	-0.0012
1.881	0	-0.0009
1.882	-5E-05	-0.00105
1.883	0	-0.00075
1.884	0	-0.00045
1.885	0	-0.0009
1.886	0	-0.00075
1.887	-5E-05	-0.0009
1.888	0	-0.00135
1.889	0	-0.00075
1.89	0	-0.00135
1.891	0	-0.00135
1.892	-5E-05	-0.0009
1.893	0	-0.0012
1.894	0	-0.00105
1.895	0	-0.00045
1.896	0	-0.00135
1.897	-5E-05	-0.00075
1.898	0	-0.00075
1.899	0	-0.0009
1.9	0	-0.00075
1.901	0	-0.00075
1.902	0	-0.0006
1.903	0	-0.00045
1.904	-5E-05	-0.00075
1.905	-5E-05	-0.0009
1.906	0	-0.00075
1.907	0	-0.00105
1.908	-5E-05	-0.0009
1.909	0	-0.00105
1.91	0	-0.0012
1.911	0	-0.00105
1.912	-5E-05	-0.0009
1.913	0	-0.00045
1.914	0	-0.00045
1.915	-5E-05	-0.0006
1.916	0	-0.0003
1.917	-5E-05	-0.0003
1.918	0	-0.00045
1.919	0	-0.00075
1.92	0	-0.00045
1.921	0	-0.0003
1.922	-5E-05	-0.00075
1.923	0	-0.00075
1.924	-5E-05	-0.00045
1.925	-5E-05	-0.00075
1.926	-5E-05	-0.00105
1.927	-5E-05	-0.00075
1.928	-5E-05	-0.0009
1.929	0	-0.0006
1.93	0	-0.0006
1.931	-5E-05	-0.00045
1.932	0	-0.00045
1.933	-5E-05	-0.00015
1.934	0	-0.00045
1.935	0	-0.0006
1.936	0	-0.0003
1.937	0	-0.0006
1.938	0	-0.0003
1.939	0	-0.00075
1.94	0	-0.0009
1.941	-5E-05	-0.0003
1.942	-5E-05	-0.00075
1.943	0	-0.0009
1.944	0	-0.0006
1.945	0	-0.00105
1.946	-5E-05	-0.0006
1.947	0	-0.00015
1.948	0	-0.0003
1.949	0	-0.00015
1.95	0	-0.00045
1.951	-5E-05	-0.00075
1.952	0	0
1.953	0	-0.00045
1.954	0	-0.0006
1.955	-5E-05	-0.0003
1.956	0	-0.0006
1.957	0	-0.0006
1.958	0	-0.00045
1.959	0	-0.00075
1.96	-5E-05	-0.0006
1.961	0	-0.0009
1.962	-5E-05	-0.0006
1.963	0	-0.0006
1.964	0	-0.0003
1.965	-5E-05	-0.0006
1.966	0	0.00015
1.967	0	0.00015
1.968	0	-0.00045
1.969	0	-0.0003
1.97	0	-0.0003
1.971	-5E-05	-0.0003
1.972	0	-0.00045
1.973	0	-0.00045
1.974	0	-0.00075
1.975	0	-0.00045
1.976	0	-0.00045
1.977	-5E-05	-0.00075
1.978	0	-0.0003
1.979	0	-0.00045
1.98	-5E-05	-0.00045
1.981	-5E-05	0
1.982	0	-0.0003
1.983	0	-0.00015
1.984	0	0
1.985	0	-0.00015
1.986	0	-0.0003
1.987	0	0
1.988	-5E-05	-0.0003
1.989	0	-0.00045
1.99	-5E-05	-0.0006
1.991	0	-0.0009
1.992	0	-0.00015
1.993	0	-0.00075
1.994	0	-0.00015
1.995	-5E-05	-0.0003
1.996	0	-0.0006
1.997	-5E-05	-0.0006
1.998	0	0.00015
1.999	-5E-05	-0.00015
2	-5E-05	0.00015
2.001	0	0.00015
2.002	0	-0.00045
2.003	0	0.00015
2.004	0	0
2.005	-5E-05	-0.00045
2.006	0	-0.0006
2.007	0	-0.0003
2.008	0	-0.0006
2.009	0	-0.00015
2.01	-5E-05	-0.0006
2.011	-5E-05	-0.00045
2.012	0	-0.0006
2.013	0	0.00045
2.014	-5E-05	-0.00015
2.015	-5E-05	-0.00015
2.016	0	0
2.017	0	-0.00015
2.018	0	-0.0003
2.019	-5E-05	-0.0006
2.02	-5E-05	-0.00045
2.021	-5E-05	0.0003
2.022	0	-0.00015
2.023	0	-0.00075
2.024	-5E-05	-0.00045
2.025	-5E-05	-0.00045
2.026	0	-0.0003
2.027	0	-0.00075
2.028	-5E-05	-0.0012
2.029	0	-0.0006
2.03	0	0.00045
2.031	0	-0.00045
2.032	0	-0.00045
2.033	-5E-05	-0.00045
2.034	0	-0.00075
2.035	-5E-05	0.0003
2.036	0	-0.0006
2.037	-5E-05	-0.00075
2.038	0	-0.0006
2.039	0	0.0003
2.04	-5E-05	-0.00075
2.041	0	-0.0006
2.042	0	-0.00105
2.043	0	-0.00075
2.044	-5E-05	-0.00045
2.045	0	-0.0012
2.046	0	-0.00045
2.047	0	-0.0006
2.048	-5E-05	-0.00015
2.049	0	-0.0003
2.05	0	-0.0003
2.051	-5E-05	-0.00045
2.052	0	-0.00045
2.053	-5E-05	-0.0003
2.054	0	-0.00045
2.055	-5E-05	-0.0006
2.056	0	-0.0009
2.057	0	-0.0003
2.058	0	-0.00075
2.059	0	-0.0009
2.06	-5E-05	-0.0009
2.061	0	-0.00015
2.062	0	-0.0006
2.063	0	-0.0003
2.064	0	-0.00015
2.065	0	-0.0003
2.066	0	-0.0003
2.067	0	0
2.068	-5E-05	-0.00045
2.069	-5E-05	-0.0009
2.07	0	-0.00045
2.071	0	-0.0006
2.072	0	-0.00015
2.073	0	-0.0003
2.074	-5E-05	-0.00075
2.075	0	-0.0006
2.076	0	-0.00045
2.077	0	-0.0003
2.078	-5E-05	-0.00045
2.079	0	-0.0003
2.08	-5E-05	-0.0003
2.081	0	0
2.082	0	-0.0003
2.083	-5E-05	-0.0009
2.084	0	-0.0003
2.085	0	-0.00015
2.086	0	0
2.087	-5E-05	-0.0003
2.088	-5E-05	-0.00105
2.089	-5E-05	-0.00015
2.09	0	-0.0003
2.091	0	-0.00075
2.092	0	-0.00105
2.093	0	-0.0006
2.094	0	-0.00075
2.095	-5E-05	-0.0003
2.096	0	0
2.097	0	-0.00045
2.098	-5E-05	-0.0003
2.099	0	-0.00045
2.1	0	-0.00015
2.101	0	-0.0003
2.102	0	-0.00015
2.103	0	-0.00015
2.104	-5E-05	0
2.105	0	-0.00075
2.106	0	-0.00045
2.107	0	-0.00045
2.108	-5E-05	-0.0009
2.109	0	-0.00045
2.11	-5E-05	-0.00075
2.111	0	-0.0009
2.112	0	-0.0006
2.113	0	-0.00015
2.114	0	-0.0006
2.115	-5E-05	-0.00045
2.116	0	-0.00045
2.117	0	-0.00045
2.118	-5E-05	-0.0003
2.119	-5E-05	-0.00015
2.12	0	-0.00045
2.121	0	-0.0006
2.122	0	-0.00075
2.123	-5E-05	-0.0006
2.124	-5E-05	-0.0006
2.125	0	-0.0012
2.126	0	-0.00105
2.127	0	-0.00105
2.128	-5E-05	-0.0003
2.129	0	-0.0006
2.13	0	-0.0006
2.131	0	-0.0006
2.132	0	-0.0006
2.133	-5E-05	0.00015
2.134	0	-0.0006
2.135	0	-0.0003
2.136	0	-0.0006
2.137	0	-0.0006
2.138	0	-0.00075
2.139	0	-0.00075
2.14	0	-0.00075
2.141	-5E-05	-0.0006
2.142	-5E-05	-0.0009
2.143	-5E-05	-0.00075
2.144	0	0
2.145	0	-0.00075
2.146	0	-0.0006
2.147	-5E-05	-0.00045
2.148	0	-0.0006
2.149	0	-0.0006
2.15	0	-0.00015
2.151	-5E-05	-0.0006
2.152	0	-0.00075
2.153	-5E-05	-0.00045
2.154	-5E-05	-0.00105
2.155	0	-0.00075
2.156	-5E-05	-0.0009
2.157	0	-0.00105
2.158	0	-0.0009
2.159	0	-0.00045
2.16	0	-0.00075
2.161	0	-0.0003
2.162	0	-0.0009
2.163	-5E-05	-0.0012
2.164	0	-0.00045
2.165	0	-0.00045
2.166	0	-0.00075
2.167	0	-0.0003
2.168	0	-0.0006
2.169	0	-0.0009
2.17	0	-0.0003
2.171	0	-0.00075
2.172	0	-0.0009
2.173	-5E-05	-0.00075
2.174	0	-0.00135
2.175	0	-0.00105
2.176	0	-0.00075
2.177	0	-0.0009
2.178	-5E-05	-0.0006
2.179	-5E-05	-0.00015
2.18	0	-0.00105
2.181	-5E-05	-0.00105
2.182	0	-0.00045
2.183	0	-0.00045
2.184	0	-0.00075
2.185	0	-0.0006
2.186	0	-0.00075
2.187	-5E-05	-0.0003
2.188	0	-0.0009
2.189	0	-0.0012
2.19	0	-0.0009
2.191	-5E-05	-0.0012
2.192	0	-0.0009
2.193	-5E-05	-0.00045
2.194	0	-0.00105
2.195	0	-0.0006
2.196	0	-0.00045
2.197	-5E-05	-0.00135
2.198	0	-0.00075
2.199	0	-0.00045
2.2	0	-0.00045
2.201	-5E-05	-0.0003
2.202	0	-0.0009
2.203	0	-0.00075
2.204	0	-0.00045
2.205	5E-05	-0.00045
2.206	-5E-05	-0.0009
2.207	0	-0.00105
2.208	0	-0.0009
2.209	0	-0.0012
2.21	0	-0.00105
2.211	0	-0.00075
2.212	0	-0.0006
2.213	-5E-05	-0.0006
2.214	0	-0.00045
2.215	-5E-05	-0.0009
2.216	0	-0.0003
2.217	0	0
2.218	0	-0.00075
2.219	0	-0.0009
2.22	-5E-05	-0.0012
2.221	0	-0.0006
2.222	0	-0.0006
2.223	-5E-05	-0.00105
2.224	-5E-05	-0.0015
2.225	-5E-05	-0.0012
2.226	0	-0.0009
2.227	-5E-05	-0.0006
2.228	0	-0.0012
2.229	0	-0.00105
2.23	0	-0.0009
2.231	0	-0.0012
2.232	-5E-05	-0.00075
2.233	0	-0.00045
2.234	0	-0.0009
2.235	0	-0.00045
2.236	0	-0.0009
2.237	0	-0.00105
2.238	0	-0.0012
2.239	0	-0.0009
2.24	0	-0.0009
2.241	-5E-05	-0.0009
2.242	0	-0.0015
2.243	-5E-05	-0.0009
2.244	0	-0.00105
2.245	0	-0.00105
2.246	-5E-05	-0.0012
2.247	-5E-05	-0.00045
2.248	0	-0.00045
2.249	0	-0.0003
2.25	0	0
2.251	-5E-05	-0.0006
2.252	-5E-05	-0.00075
2.253	0	-0.0006
2.254	0	-0.00105
2.255	0	-0.00075
2.256	0	-0.0006
2.257	-5E-05	-0.0006
2.258	0	-0.00045
2.259	-5E-05	-0.00165
2.26	0	-0.0012
2.261	-5E-05	-0.0006
2.262	0	-0.00015
2.263	0	-0.00045
2.264	-5E-05	-0.00045
2.265	0	-0.00045
2.266	0	0
2.267	5E-05	0.0003
2.268	0	-0.0003
2.269	0	-0.00075
2.27	-5E-05	-0.0012
2.271	0	-0.00015
2.272	0	-0.00045
2.273	-5E-05	-0.0003
2.274	-5E-05	-0.00045
2.275	-5E-05	-0.0009
2.276	0	-0.0006
2.277	0	0
2.278	0	0.00015
2.279	0	0
2.28	-5E-05	-0.00105
2.281	0	-0.00015
2.282	0	-0.00015
2.283	0	0
2.284	-5E-05	0.0006
2.285	0	0.00015
2.286	0	0
2.287	0	0
2.288	0	0.00015
2.289	0	0
2.29	0	-0.00015
2.291	0	-0.0003
2.292	0	0
2.293	-5E-05	0.00015
2.294	-5E-05	-0.00015
2.295	0	0.0003
2.296	-5E-05	0.0003
2.297	0	0.00045
2.298	0	0
2.299	0	-0.00015
2.3	0	-0.0006
2.301	-5E-05	-0.00045
2.302	0	-0.00015
2.303	-5E-05	-0.0003
2.304	0	0
2.305	0	-0.00015
2.306	-5E-05	0
2.307	0	0.0003
2.308	0	-0.00045
2.309	0	-0.0006
2.31	0	-0.00045
2.311	0	-0.0006
2.312	0	-0.00015
2.313	0	-0.0006
2.314	-5E-05	-0.0003
2.315	0	-0.00015
2.316	0	0
2.317	-5E-05	-0.0003
2.318	0	-0.00015
2.319	0	0
2.32	-5E-05	-0.00045
2.321	-5E-05	0
2.322	0	-0.0009
2.323	0	-0.00045
2.324	-5E-05	-0.0009
2.325	0	-0.0006
2.326	-5E-05	-0.0006
2.327	0	-0.0003
2.328	0	-0.0003
2.329	0	-0.0006
2.33	0	0.00015
2.331	0	-0.00045
2.332	0	-0.0006
2.333	0	0.00015
2.334	-5E-05	0.00015
2.335	-5E-05	-0.0003
2.336	-5E-05	0.00015
2.337	-5E-05	-0.00105
2.338	0	-0.0006
2.339	0	-0.0003
2.34	-5E-05	-0.0009
2.341	0	-0.0009
2.342	0	-0.00045
2.343	0	-0.00105
2.344	-5E-05	-0.00015
2.345	0	0
2.346	0	-0.00045
2.347	0	0.00015
2.348	0	-0.00015
2.349	-5E-05	-0.0006
2.35	0	-0.00045
2.351	0	-0.00045
2.352	0	-0.00015
2.353	-5E-05	0.00015
2.354	-5E-05	0.00015
2.355	0	-0.0003
2.356	0	-0.0003
2.357	0	-0.00045
2.358	0	-0.0009
2.359	0	-0.00045
2.36	0	-0.00075
2.361	0	-0.0003
2.362	0	-0.00045
2.363	-5E-05	0.00045
2.364	-5E-05	-0.0006
2.365	0	0
2.366	-5E-05	-0.00015
2.367	0	-0.00075
2.368	0	0.00015
2.369	0	-0.0003
2.37	0	0.00015
2.371	0	-0.00045
2.372	-5E-05	-0.00045
2.373	0	-0.00045
2.374	-5E-05	-0.00045
2.375	0	0
2.376	0	-0.0003
2.377	-5E-05	0.0003
2.378	0	-0.00075
2.379	-5E-05	-0.0003
2.38	0	-0.0003
2.381	0	-0.0003
2.382	0	-0.0003
2.383	-5E-05	0
2.384	0	0
2.385	0	-0.00075
2.386	0	0.0003
2.387	0	0.0003
2.388	-5E-05	-0.00015
2.389	-5E-05	-0.0006
2.39	-5E-05	-0.00075
2.391	0	-0.0006
2.392	-5E-05	-0.0003
2.393	-5E-05	-0.0003
2.394	0	-0.0003
2.395	0	-0.00045
2.396	0	0.0003
2.397	-5E-05	-0.0003
2.398	-5E-05	0.00015
2.399	-5E-05	0.00015
2.4	0	-0.00015
2.401	0	0
2.402	0	-0.00015
2.403	0	-0.00015
2.404	-5E-05	-0.00015
2.405	0	-0.0003
2.406	0	-0.00135
2.407	-5E-05	-0.00045
2.408	-5E-05	-0.00075
2.409	0	-0.00045
2.41	0	-0.00075
2.411	0	-0.0006
2.412	0	-0.00075
2.413	0	0.0003
2.414	0	-0.0003
2.415	0	-0.0006
2.416	-5E-05	-0.00045
2.417	0	0
2.418	0	-0.00015
2.419	-5E-05	0.00015
2.42	-5E-05	-0.00075
2.421	0	-0.00165
2.422	-5E-05	-0.00075
2.423	0	-0.0006
2.424	-5E-05	-0.00045
2.425	-5E-05	-0.00075
2.426	0	-0.0009
2.427	0	-0.00105
2.428	0	-0.0003
2.429	0	-0.00045
2.43	0	-0.00045
2.431	0	-0.00045
2.432	0	-0.0012
2.433	0	0.00015
2.434	0	-0.00075
2.435	0	-0.00015
2.436	0	-0.00015
2.437	0	-0.0009
2.438	0	-0.0009
2.439	0	-0.00045
2.44	-5E-05	-0.0006
2.441	0	-0.0006
2.442	0	-0.00045
2.443	-5E-05	-0.0009
2.444	0	-0.00045
2.445	-5E-05	-0.00075
2.446	0	-0.0006
2.447	-5E-05	-0.0009
2.448	0	-0.00075
2.449	0	-0.00075
2.45	0	-0.00015
2.451	0	-0.0009
2.452	0	-0.0006
2.453	0	0.00015
2.454	-5E-05	-0.00075
2.455	0	-0.00075
2.456	0	-0.0006
2.457	-5E-05	-0.00075
2.458	-5E-05	-0.0012
2.459	-5E-05	-0.00075
2.46	0	-0.0009
2.461	0	-0.0006
2.462	0	-0.00045
2.463	-5E-05	-0.0009
2.464	0	-0.0006
2.465	0	-0.0006
2.466	0	-0.00045
2.467	0	-0.0006
2.468	-5E-05	-0.0003
2.469	-5E-05	-0.00135
2.47	0	0.00015
2.471	0	-0.0006
2.472	0	-0.0009
2.473	-5E-05	-0.0006
2.474	0	-0.0009
2.475	-5E-05	-0.00135
2.476	0	-0.00105
2.477	-5E-05	-0.0009
2.478	-5E-05	-0.00105
2.479	0	-0.00015
2.48	0	-0.00045
2.481	0	-0.00015
2.482	-5E-05	-0.0003
2.483	0	-0.00045
2.484	0	-0.00045
2.485	0	-0.0003
2.486	0	-0.0018
2.487	-5E-05	-0.0006
2.488	0	-0.00075
2.489	0	-0.00075
2.49	0	-0.00105
2.491	0	-0.00075
2.492	0	-0.0006
2.493	0	-0.0009
2.494	0	-0.00045
2.495	0	-0.0003
2.496	-5E-05	-0.0003
2.497	0	-0.0009
2.498	0	-0.0003
2.499	-5E-05	-0.00015
2.5	-5E-05	-0.00045
2.501	0	-0.0003
2.502	0	-0.0006
2.503	-5E-05	-0.00015
2.504	0	-0.0009
2.505	-5E-05	-0.0006
2.506	0	-0.0006
2.507	-5E-05	-0.00015
2.508	0	-0.0006
2.509	-5E-05	-0.00105
2.51	0	-0.00045
2.511	0	-0.0012
2.512	-5E-05	-0.00045
2.513	0	-0.00045
2.514	0	-0.00075
2.515	0	-0.0006
2.516	0	0
2.517	-5E-05	-0.0003
2.518	0	-0.00105
2.519	-5E-05	-0.00015
2.52	0	-0.0006
2.521	0	-0.0009
2.522	-5E-05	-0.00045
2.523	0	-0.0006
2.524	0	-0.00045
2.525	0	-0.00075
2.526	-5E-05	-0.0006
2.527	-5E-05	-0.00015
2.528	-5E-05	-0.00015
2.529	0	-0.0012
2.53	-5E-05	-0.0003
2.531	0	-0.0003
2.532	0	-0.00075
2.533	0	0
2.534	5E-05	-0.00015
2.535	0	-0.0003
2.536	0	-0.00015
2.537	0	0
2.538	0	0.00015
2.539	-5E-05	-0.00015
2.54	-5E-05	-0.0009
2.541	0	-0.0006
2.542	0	-0.00045
2.543	-5E-05	-0.0009
2.544	5E-05	-0.00015
2.545	0	-0.00015
2.546	0	-0.00045
2.547	0	-0.0003
2.548	0	-0.00045
2.549	-5E-05	-0.00015
2.55	-5E-05	0.0003
2.551	-5E-05	-0.0003
2.552	-5E-05	-0.00045
2.553	0	-0.0006
2.554	0	-0.0003
2.555	0	-0.00045
2.556	-5E-05	-0.0009
2.557	0	-0.0012
2.558	-5E-05	-0.00075
2.559	0	-0.0003
2.56	-5E-05	-0.00075
2.561	-5E-05	-0.0003
2.562	0	-0.0003
2.563	-5E-05	-0.0006
2.564	5E-05	0.00015
2.565	0	-0.00015
2.566	0	-0.00045
2.567	0	-0.0006
2.568	0	-0.00045
2.569	0	-0.0006
2.57	-5E-05	0.0003
2.571	0	-0.00045
2.572	0	-0.00165
2.573	0	-0.0003
2.574	0	-0.00135
2.575	0	-0.00045
2.576	-5E-05	-0.0003
2.577	0	-0.0006
2.578	0	-0.00045
2.579	0	-0.00015
2.58	0	-0.00075
2.581	0	-0.00045
2.582	-5E-05	0.00015
2.583	0	-0.0012
2.584	-5E-05	-0.00015
2.585	0	-0.00015
2.586	0	-0.00015
2.587	-5E-05	-0.00015
2.588	0	-0.00015
2.589	-5E-05	-0.0006
2.59	-5E-05	-0.00045
2.591	-5E-05	-0.0009
2.592	0	-0.00045
2.593	0	0.0003
2.594	0	-0.0006
2.595	0	-0.00075
2.596	0	0
2.597	0	-0.0003
2.598	0	-0.00075
2.599	0	0.0003
2.6	0	-0.0003
2.601	0	-0.0006
2.602	0	-0.0003
2.603	0	0
2.604	0	0.0003
2.605	-5E-05	-0.00045
2.606	0	-0.0006
2.607	0	-0.0003
2.608	5E-05	0.00015
2.609	0	-0.0009
2.61	0	-0.00015
2.611	-5E-05	-0.00075
2.612	0	-0.00075
2.613	0	0.00045
2.614	0.0002	-0.00015
2.615	0.0005	-0.00015
2.616	0.00055	0
2.617	0.0006	0.00045
2.618	0.00065	0
2.619	0.0006	-0.00045
2.62	0.00065	-0.0006
2.621	0.0006	0.0003
2.622	0.0006	-0.00015
2.623	0.0006	-0.00075
2.624	0.0006	-0.0003
2.625	0.0006	-0.00015
2.626	0.00055	-0.0015
2.627	0.0006	-0.0003
2.628	0.0006	0.00015
2.629	0.0006	-0.00015
2.63	0.0006	-0.0003
2.631	0.00065	0
2.632	0.0006	-0.00045
2.633	0.00065	0
2.634	0.00065	-0.00015
2.635	0.00065	-0.00015
2.636	0.00065	0
2.637	0.00065	-0.00105
2.638	0.00065	-0.0003
2.639	0.00075	-0.00045
2.64	0.0008	-0.0006
2.641	0.0009	-0.0006
2.642	0.00105	-0.0006
2.643	0.0012	-0.00075
2.644	0.0014	-0.0003
2.645	0.00165	0.00015
2.646	0.00195	0.0003
2.647	0.0022	0.00015
2.648	0.0025	0
2.649	0.00285	0.0003
2.65	0.0032	0.0006
2.651	0.00355	0.0006
2.652	0.0039	-0.00045
2.653	0.0042	0.0003
2.654	0.00455	0.0009
2.655	0.0049	0.00015
2.656	0.0052	0.00045
2.657	0.0055	0.00045
2.658	0.0055	0.00075
2.659	0.00565	0.00105
2.66	0.00575	0.0006
2.661	0.0059	-0.0009
2.662	0.00605	0.00075
2.663	0.0062	0.0009
2.664	0.00635	0.0009
2.665	0.00645	0.00075
2.666	0.0066	0.00045
2.667	0.0067	0.00105
2.668	0.0069	0.00165
2.669	0.00695	0.00135
2.67	0.0071	0.00045
2.671	0.0072	0.0006
2.672	0.0073	0.00045
2.673	0.0074	0.00045
2.674	0.0075	0.0009
2.675	0.00765	0.00075
2.676	0.0077	0.00075
2.677	0.00785	0.00075
2.678	0.00795	0.00045
2.679	0.00805	0.0012
2.68	0.0081	0.0015
2.681	0.00825	0.0009
2.682	0.00835	0.00045
2.683	0.0084	0.0009
2.684	0.00855	0.00135
2.685	0.0086	0.00195
2.686	0.00875	0.00165
2.687	0.0088	0.0006
2.688	0.00885	0.0009
2.689	0.00895	0.00135
2.69	0.009	0.0015
2.691	0.0091	0.00105
2.692	0.00915	0.0006
2.693	0.00925	0.00045
2.694	0.0093	0.0012
2.695	0.0094	0.0012
2.696	0.0095	0.0015
2.697	0.00955	0.0015
2.698	0.00965	0.0012
2.699	0.0097	0.0015
2.7	0.00975	0.0018
2.701	0.00985	0.00165
2.702	0.0099	0.0018
2.703	0.01	0.00105
2.704	0.01005	0.0012
2.705	0.01015	0.00195
2.706	0.0103	0.0009
2.707	0.01035	0.00105
2.708	0.0105	0.00105
2.709	0.01065	0.0009
2.71	0.0108	0.0015
2.711	0.0109	0.0012
2.712	0.01105	0.00105
2.713	0.0113	0.0015
2.714	0.01145	0.00165
2.715	0.01165	0.0012
2.716	0.0119	0.00135
2.717	0.0121	0.00105
2.718	0.01235	0.0015
2.719	0.01255	0.0018
2.72	0.01275	0.0012
2.721	0.01295	0.0012
2.722	0.0132	0.00135
2.723	0.0134	0.00165
2.724	0.0136	0.00135
2.725	0.01385	0.0015
2.726	0.0141	0.0015
2.727	0.0143	0.0012
2.728	0.0146	0.00165
2.729	0.0148	0.0012
2.73	0.0151	0.00165
2.731	0.0154	0.00195
2.732	0.0156	0.0015
2.733	0.01595	0.0021
2.734	0.01625	0.00195
2.735	0.01655	0.00165
2.736	0.01685	0.00225
2.737	0.01715	0.00195
2.738	0.01745	0.0018
2.739	0.0177	0.0021
2.74	0.01805	0.00165
2.741	0.0183	0.0018
2.742	0.01855	0.00195
2.743	0.01885	0.00195
2.744	0.0191	0.00225
2.745	0.01935	0.0024
2.746	0.0197	0.00225
2.747	0.01995	0.0024
2.748	0.0202	0.00285
2.749	0.0205	0.0024
2.75	0.0207	0.00285
2.751	0.021	0.003
2.752	0.0212	0.00225
2.753	0.02145	0.003
2.754	0.0217	0.0036
2.755	0.0219	0.0027
2.756	0.02215	0.00225
2.757	0.02235	0.00285
2.758	0.02255	0.00195
2.759	0.02275	0.00315
2.76	0.023	0.003
2.761	0.0232	0.00255
2.762	0.0234	0.00345
2.763	0.0236	0.0027
2.764	0.0238	0.0033
2.765	0.024	0.0042
2.766	0.0242	0.0033
2.767	0.02445	0.00285
2.768	0.02455	0.0036
2.769	0.02475	0.00285
2.77	0.02495	0.0036
2.771	0.0251	0.0033
2.772	0.0253	0.00285
2.773	0.02545	0.0033
2.774	0.0256	0.00315
2.775	0.02575	0.0033
2.776	0.0259	0.00375
2.777	0.02605	0.0033
2.778	0.02625	0.0036
2.779	0.02635	0.00375
2.78	0.0265	0.0033
2.781	0.02665	0.0033
2.782	0.0268	0.0039
2.783	0.02695	0.00405
2.784	0.0271	0.00375
2.785	0.0272	0.0036
2.786	0.02735	0.0039
2.787	0.0275	0.00345
2.788	0.0276	0.0036
2.789	0.0277	0.00375
2.79	0.02785	0.00375
2.791	0.02795	0.00345
2.792	0.028	0.0033
2.793	0.02815	0.0039
2.794	0.02825	0.00405
2.795	0.0284	0.00375
2.796	0.0285	0.00375
2.797	0.0286	0.0039
2.798	0.0287	0.00375
2.799	0.0288	0.00435
2.8	0.0289	0.0039
2.801	0.02905	0.00375
2.802	0.02915	0.00375
2.803	0.0292	0.00435
2.804	0.0293	0.0039
2.805	0.0294	0.0042
2.806	0.0295	0.00375
2.807	0.02955	0.00375
2.808	0.0296	0.0036
2.809	0.0297	0.0039
2.81	0.0298	0.0039
2.811	0.02985	0.00345
2.812	0.0299	0.00405
2.813	0.03	0.00375
2.814	0.03005	0.0042
2.815	0.0302	0.00405
2.816	0.03025	0.0045
2.817	0.03035	0.0045
2.818	0.0304	0.00435
2.819	0.0306	0.00435
2.82	0.0307	0.00435
2.821	0.03085	0.0039
2.822	0.031	0.00405
2.823	0.0312	0.00405
2.824	0.0314	0.00375
2.825	0.0316	0.00435
2.826	0.0318	0.0042
2.827	0.03195	0.00405
2.828	0.0322	0.00405
2.829	0.0324	0.0042
2.83	0.03265	0.0042
2.831	0.03285	0.00495
2.832	0.03305	0.0045
2.833	0.03335	0.0045
2.834	0.03355	0.00465
2.835	0.03375	0.00465
2.836	0.0339	0.00495
2.837	0.03375	0.0051
2.838	0.0333	0.00435
2.839	0.03325	0.0039
2.84	0.03325	0.00405
2.841	0.03325	0.00405
2.842	0.03325	0.00435
2.843	0.03325	0.00405
2.844	0.03325	0.00405
2.845	0.0332	0.0042
2.846	0.03325	0.0045
2.847	0.03325	0.00435
2.848	0.0333	0.0048
2.849	0.0333	0.00435
2.85	0.03325	0.0042
2.851	0.03325	0.0051
2.852	0.0333	0.0045
2.853	0.03325	0.00465
2.854	0.0333	0.0048
2.855	0.03325	0.00435
2.856	0.03325	0.0042
2.857	0.03325	0.00435
2.858	0.03325	0.00375
2.859	0.03325	0.00405
2.86	0.03325	0.00435
2.861	0.0333	0.0039
2.862	0.0333	0.00465
2.863	0.03325	0.0048
2.864	0.03325	0.00435
2.865	0.03325	0.00465
2.866	0.0333	0.00495
2.867	0.03325	0.0045
2.868	0.0333	0.00495
2.869	0.0333	0.00465
2.87	0.0333	0.00435
2.871	0.0333	0.0048
2.872	0.0333	0.0045
2.873	0.0333	0.0045
2.874	0.03325	0.00435
2.875	0.03325	0.0039
2.876	0.0333	0.0039
2.877	0.03325	0.00405
2.878	0.03325	0.00375
2.879	0.03325	0.00435
2.88	0.0333	0.0048
2.881	0.03335	0.0042
2.882	0.0333	0.0048
2.883	0.0333	0.00495
2.884	0.03325	0.0045
2.885	0.0333	0.0045
2.886	0.0333	0.0045
2.887	0.0333	0.0042
2.888	0.0333	0.0045
2.889	0.0333	0.0042
2.89	0.0333	0.00405
2.891	0.0333	0.0048
2.892	0.0333	0.00405
2.893	0.0333	0.0039
2.894	0.0333	0.00435
2.895	0.03335	0.0042
2.896	0.03335	0.00405
2.897	0.0333	0.00465
2.898	0.0333	0.00465
2.899	0.03335	0.00465
2.9	0.03335	0.0048
2.901	0.0333	0.00465
2.902	0.0333	0.0048
2.903	0.0333	0.00465
2.904	0.0333	0.0042
2.905	0.0333	0.00465
2.906	0.0333	0.0042
2.907	0.0333	0.0039
2.908	0.0333	0.0045
2.909	0.03335	0.00435
2.91	0.03335	0.00435
2.911	0.0333	0.0045
2.912	0.0333	0.00465
2.913	0.03335	0.0045
2.914	0.03335	0.0048
2.915	0.03335	0.00465
2.916	0.0333	0.00465
2.917	0.03335	0.0051
2.918	0.03335	0.0048
2.919	0.03335	0.00495
2.92	0.03335	0.00525
2.921	0.0333	0.00435
2.922	0.0333	0.0045
2.923	0.03335	0.0045
2.924	0.0333	0.0042
2.925	0.03335	0.00435
2.926	0.03335	0.0045
2.927	0.0333	0.00435
2.928	0.0334	0.00495
2.929	0.03335	0.0045
2.93	0.03335	0.00435
2.931	0.03335	0.0048
2.932	0.03335	0.0048
2.933	0.03335	0.00465
2.934	0.03335	0.0051
2.935	0.0334	0.00465
2.936	0.0334	0.0045
2.937	0.0334	0.00525
2.938	0.0334	0.0045
2.939	0.03335	0.0045
2.94	0.03335	0.0045
2.941	0.0334	0.0042
2.942	0.0334	0.00435
2.943	0.03335	0.00405
2.944	0.03335	0.00435
2.945	0.0334	0.00495
2.946	0.03335	0.00525
2.947	0.0334	0.0045
2.948	0.03335	0.00465
2.949	0.03335	0.00495
2.95	0.03335	0.00495
2.951	0.0334	0.00525
2.952	0.0334	0.0048
2.953	0.0334	0.0045
2.954	0.03335	0.0045
2.955	0.03335	0.00465
2.956	0.0334	0.00435
2.957	0.03335	0.00465
2.958	0.0334	0.0045
2.959	0.0334	0.0042
2.96	0.03335	0.00465
2.961	0.0334	0.0042
2.962	0.03335	0.0048
2.963	0.03335	0.0048
2.964	0.0334	0.0045
2.965	0.0334	0.00435
2.966	0.0334	0.0048
2.967	0.0334	0.0051
2.968	0.0334	0.00495
2.969	0.0334	0.00465
2.97	0.0334	0.00465
2.971	0.0334	0.0045
2.972	0.0334	0.00465
2.973	0.0334	0.0042
2.974	0.0334	0.00435
2.975	0.0334	0.0042
2.976	0.03345	0.00405
2.977	0.0334	0.0048
2.978	0.0334	0.0045
2.979	0.0334	0.0045
2.98	0.03345	0.00495
2.981	0.03345	0.0045
2.982	0.0334	0.0048
2.983	0.03345	0.00495
2.984	0.0334	0.0048
2.985	0.03345	0.0045
2.986	0.0334	0.00465
2.987	0.0334	0.0045
2.988	0.033	0.00435
2.989	0.033	0.00435
2.99	0.033	0.0039
2.991	0.033	0.0042
2.992	0.03295	0.0042
2.993	0.03295	0.00375
2.994	0.033	0.00435
2.995	0.033	0.0045
2.996	0.033	0.0045
2.997	0.03295	0.00495
2.998	0.03295	0.00465
2.999	0.033	0.0045
3	0.03295	0.0048
3.001	0.033	0.00465
3.002	0.033	0.0042
3.003	0.03295	0.00465
3.004	0.03295	0.00435
3.005	0.033	0.00465
3.006	0.033	0.0045
3.007	0.033	0.0042
3.008	0.03295	0.00405
3.009	0.033	0.0042
3.01	0.03295	0.00405
3.011	0.033	0.00405
3.012	0.0329	0.0045
3.013	0.0329	0.0045
3.014	0.033	0.00465
3.015	0.0329	0.00465
3.016	0.03295	0.0045
3.017	0.0329	0.00465
3.018	0.033	0.00495
3.019	0.03295	0.00405
3.02	0.0329	0.0045
3.021	0.03295	0.0042
3.022	0.0329	0.0042
3.023	0.033	0.0045
3.024	0.03295	0.00435
3.025	0.033	0.0039
3.026	0.03295	0.0042
3.027	0.033	0.0045
3.028	0.033	0.0039
3.029	0.03295	0.00465
3.03	0.03295	0.00435
3.031	0.03295	0.0045
3.032	0.03295	0.0048
3.033	0.03295	0.00465
3.034	0.033	0.0051
3.035	0.03295	0.0048
3.036	0.03295	0.00405
3.037	0.03295	0.00465
3.038	0.03295	0.0051
3.039	0.03295	0.0045
3.04	0.03295	0.0045
3.041	0.0329	0.00375
3.042	0.03295	0.00405
3.043	0.03295	0.00465
3.044	0.033	0.00465
3.045	0.033	0.00435
3.046	0.03295	0.0048
3.047	0.03295	0.00465
3.048	0.033	0.0048
3.049	0.03295	0.00495
3.05	0.033	0.00495
3.051	0.03305	0.00525
3.052	0.033	0.00525
3.053	0.0329	0.0048
3.054	0.03295	0.00435
3.055	0.03295	0.00495
3.056	0.03295	0.0048
3.057	0.0329	0.0051
3.058	0.0329	0.0042
3.059	0.03295	0.00405
3.06	0.03295	0.0051
3.061	0.033	0.00495
3.062	0.0329	0.00465
3.063	0.03295	0.00525
3.064	0.03295	0.00495
3.065	0.03295	0.0048
3.066	0.03295	0.00525
3.067	0.03295	0.00435
3.068	0.0329	0.00555
3.069	0.03295	0.0054
3.07	0.03295	0.00435
3.071	0.03295	0.0039
3.072	0.0329	0.0045
3.073	0.03295	0.00495
3.074	0.033	0.00495
3.075	0.033	0.00435
3.076	0.03295	0.0039
3.077	0.03295	0.0048
3.078	0.03295	0.00495
3.079	0.03295	0.00525
3.08	0.03295	0.0042
3.081	0.033	0.00465
3.082	0.03295	0.00435
3.083	0.0329	0.0048
3.084	0.033	0.0054
3.085	0.033	0.00435
3.086	0.0329	0.0045
3.087	0.03295	0.0042
3.088	0.0329	0.00405
3.089	0.03295	0.00465
3.09	0.03305	0.00435
3.091	0.03295	0.0039
3.092	0.033	0.00435
3.093	0.03295	0.0033
3.094	0.033	0.00465
3.095	0.033	0.00495
3.096	0.0329	0.00405
3.097	0.03295	0.0045
3.098	0.03295	0.00465
3.099	0.033	0.00435
3.1	0.033	0.00465
3.101	0.0329	0.00465
3.102	0.03295	0.0042
3.103	0.0329	0.00465
3.104	0.033	0.00465
3.105	0.03295	0.00405
3.106	0.0329	0.0045
3.107	0.03295	0.00465
3.108	0.03295	0.00405
3.109	0.033	0.0042
3.11	0.033	0.00405
3.111	0.03295	0.00465
3.112	0.033	0.00465
3.113	0.033	0.00435
3.114	0.033	0.00465
3.115	0.03295	0.00525
3.116	0.03295	0.00375
3.117	0.0329	0.00465
3.118	0.03295	0.0051
3.119	0.033	0.0048
3.12	0.033	0.00495
3.121	0.03295	0.00435
3.122	0.03295	0.00405
3.123	0.0329	0.00435
3.124	0.03295	0.00465
3.125	0.0329	0.0039
3.126	0.03295	0.00435
3.127	0.03295	0.00435
3.128	0.0329	0.00405
3.129	0.03295	0.0051
3.13	0.03295	0.00465
3.131	0.033	0.00465
3.132	0.03295	0.0048
3.133	0.03295	0.00495
3.134	0.03295	0.0045
3.135	0.033	0.0048
3.136	0.033	0.00495
3.137	0.03295	0.0042
3.138	0.033	0.00465
3.139	0.03295	0.00435
3.14	0.03295	0.00435
3.141	0.0329	0.0042
3.142	0.0329	0.00375
3.143	0.03295	0.0042
3.144	0.03295	0.00435
3.145	0.03295	0.00435
3.146	0.03295	0.0051
3.147	0.0329	0.00435
3.148	0.03295	0.00435
3.149	0.03295	0.0054
3.15	0.03295	0.0048
3.151	0.03295	0.0045
3.152	0.03295	0.00465
3.153	0.03295	0.00495
3.154	0.03295	0.00435
3.155	0.033	0.0045
3.156	0.033	0.0045
3.157	0.033	0.0045
3.158	0.0329	0.00405
3.159	0.033	0.0036
3.16	0.033	0.0045
3.161	0.03295	0.0042
3.162	0.0329	0.0042
3.163	0.0329	0.0042
3.164	0.03295	0.0045
3.165	0.0329	0.00465
3.166	0.03295	0.0051
3.167	0.033	0.00495
3.168	0.03295	0.00465
3.169	0.03295	0.00495
3.17	0.0329	0.0042
3.171	0.03295	0.00345
3.172	0.0329	0.00435
3.173	0.03295	0.0045
3.174	0.033	0.0042
3.175	0.03295	0.00465
3.176	0.03295	0.0042
3.177	0.03295	0.0039
3.178	0.03295	0.0048
3.179	0.03295	0.0042
3.18	0.0329	0.0045
3.181	0.03295	0.00525
3.182	0.0329	0.00495
3.183	0.033	0.0048
3.184	0.03295	0.00495
3.185	0.03295	0.0045
3.186	0.033	0.00435
3.187	0.03295	0.00465
3.188	0.03295	0.0042
3.189	0.0329	0.0045
3.19	0.03295	0.0042
3.191	0.03295	0.00435
3.192	0.0329	0.0048
3.193	0.0329	0.00435
3.194	0.033	0.0042
3.195	0.033	0.00495
3.196	0.03295	0.0048
3.197	0.03295	0.00465
3.198	0.03295	0.0045
3.199	0.0329	0.00495
3.2	0.033	0.00465
3.201	0.03295	0.00465
3.202	0.033	0.00435
3.203	0.03295	0.00525
3.204	0.03295	0.00495
3.205	0.03295	0.00435
3.206	0.03305	0.00435
3.207	0.033	0.00435
3.208	0.0329	0.00435
3.209	0.03295	0.00435
3.21	0.03295	0.00465
3.211	0.033	0.00435
3.212	0.0329	0.00405
3.213	0.033	0.00435
3.214	0.03295	0.0048
3.215	0.0329	0.0048
3.216	0.03295	0.00525
3.217	0.033	0.00495
3.218	0.03295	0.0048
3.219	0.03295	0.00495
3.22	0.03295	0.00465
3.221	0.0329	0.0045
3.222	0.03295	0.0042
3.223	0.03295	0.0039
3.224	0.033	0.0042
3.225	0.03305	0.00465
3.226	0.0329	0.00405
3.227	0.033	0.00435
3.228	0.03295	0.00405
3.229	0.03295	0.0048
3.23	0.03295	0.00495
3.231	0.033	0.0048
3.232	0.03295	0.00465
3.233	0.03295	0.00405
3.234	0.033	0.00495
3.235	0.03295	0.00525
3.236	0.033	
3.237	0.033	
3.238	0.0329	
3.239	0.033	
3.24	0.03295	
3.241	0.0329	
3.242	0.03295	
3.243	0.03295	
3.244	0.03295	
