MIN=0	-0.1	-0.3
MAX=3.2	0.1	0.3
SCALE=0.1	0.05	0.1
DEC=3	4	4
DEF="Time" t / s	"Current" I_A1 / A	"Voltage" U_B1 / V
0	0	-0.00075
0.001	-5E-05	-0.0006
0.002	0	-0.00045
0.003	0	-0.0003
0.004	-5E-05	-0.0009
0.005	0	-0.0006
0.006	0	-0.00045
0.007	0	-0.00075
0.008	0	-0.00015
0.009	0	-0.00045
0.01	0	-0.00075
0.011	-5E-05	-0.0006
0.012	0	-0.00075
0.013	0	-0.0006
0.014	-5E-05	-0.00045
0.015	0	-0.0009
0.016	0	-0.00105
0.017	-5E-05	-0.00045
0.018	0	-0.00075
0.019	0	-0.0003
0.02	-5E-05	-0.0006
0.021	0	-0.00075
0.022	0	-0.0003
0.023	-5E-05	-0.00015
0.024	-5E-05	-0.00015
0.025	0	-0.0006
0.026	-5E-05	0.00015
0.027	0	-0.00105
0.028	0	-0.00045
0.029	0	-0.00075
0.03	0	-0.00105
0.031	-5E-05	-0.00075
0.032	0	-0.0009
0.033	-5E-05	-0.0009
0.034	0	0
0.035	-5E-05	-0.00075
0.036	0	-0.00075
0.037	-5E-05	-0.00015
0.038	0	-0.00045
0.039	0	-0.00045
0.04	-5E-05	-0.0003
0.041	0	-0.00075
0.042	0	-0.0006
0.043	-5E-05	-0.0003
0.044	-5E-05	-0.00075
0.045	-5E-05	-0.00015
0.046	0	-0.0006
0.047	-5E-05	-0.00075
0.048	0	-0.00105
0.049	-5E-05	-0.0006
0.05	0	-0.00075
0.051	0	-0.0006
0.052	0	-0.00015
0.053	0	-0.0006
0.054	0	-0.00045
0.055	0	-0.00015
0.056	0	-0.00015
0.057	0	-0.00045
0.058	0	-0.0003
0.059	-5E-05	-0.00075
0.06	0	-0.0003
0.061	0	0
0.062	0	-0.00075
0.063	0	-0.00045
0.064	-5E-05	-0.0006
0.065	0	-0.0003
0.066	-5E-05	-0.00015
0.067	-5E-05	-0.00075
0.068	0	-0.00045
0.069	-5E-05	-0.0003
0.07	0	-0.0006
0.071	0	-0.00015
0.072	0	-0.0006
0.073	0	-0.00015
0.074	-5E-05	0
0.075	0	-0.0003
0.076	0	-0.00045
0.077	-5E-05	-0.0003
0.078	-5E-05	-0.00075
0.079	0	-0.0009
0.08	0	-0.0003
0.081	0	-0.00075
0.082	0	-0.00075
0.083	-5E-05	-0.0003
0.084	0	-0.0006
0.085	0	-0.0003
0.086	0	-0.00045
0.087	-5E-05	-0.0003
0.088	0	-0.00045
0.089	0	-0.00045
0.09	0	0
0.091	0	0
0.092	0	-0.00045
0.093	0	-0.00075
0.094	-5E-05	-0.0003
0.095	0	-0.00045
0.096	0	-0.0003
0.097	-5E-05	-0.0006
0.098	0	-0.00105
0.099	0	-0.00015
0.1	0	-0.00045
0.101	0	-0.00075
0.102	0	-0.0006
0.103	0	-0.0003
0.104	-5E-05	-0.00015
0.105	0	-0.00015
0.106	0	-0.00015
0.107	-5E-05	-0.00045
0.108	0	0
0.109	0	-0.0003
0.11	0	-0.0006
0.111	0	-0.0003
0.112	0	-0.0003
0.113	-5E-05	-0.0006
0.114	0	-0.0009
0.115	-5E-05	-0.0009
0.116	0	-0.00105
0.117	0	-0.00015
0.118	-5E-05	-0.00045
0.119	0	-0.00045
0.12	-5E-05	-0.0003
0.121	0	-0.00015
0.122	0	0
0.123	0	0.00015
0.124	0	-0.00075
0.125	0	-0.00045
0.126	0	0.00015
0.127	0	-0.00045
0.128	0	-0.00045
0.129	0	-0.00045
0.13	-5E-05	-0.00075
0.131	-5E-05	-0.0003
0.132	-5E-05	-0.0006
0.133	0	-0.0006
0.134	0	-0.0009
0.135	0	0
0.136	0	-0.00045
0.137	-5E-05	0
0.138	0	-0.0003
0.139	0	-0.00045
0.14	0	0.00015
0.141	0	-0.00045
0.142	0	-0.00075
0.143	0	-0.0006
0.144	0	-0.00045
0.145	0	-0.00075
0.146	-5E-05	-0.00075
0.147	0	-0.0006
0.148	0	-0.0006
0.149	0	-0.0006
0.15	0	-0.0009
0.151	-5E-05	-0.00075
0.152	0	-0.00045
0.153	0	-0.00075
0.154	0	-0.0003
0.155	0	-0.0003
0.156	0	-0.00045
0.157	0	-0.0003
0.158	0	-0.00015
0.159	0	-0.0003
0.16	-5E-05	-0.00015
0.161	-5E-05	-0.0003
0.162	-5E-05	-0.00075
0.163	-5E-05	-0.0003
0.164	0	-0.00075
0.165	0	-0.0006
0.166	0	0
0.167	0	-0.0006
0.168	0	-0.0003
0.169	-5E-05	-0.00045
0.17	-5E-05	-0.00045
0.171	0	-0.0006
0.172	-5E-05	0
0.173	0	-0.00045
0.174	0	-0.00015
0.175	-5E-05	-0.00015
0.176	0	-0.0003
0.177	0	0.0003
0.178	-5E-05	-0.00045
0.179	-5E-05	-0.0003
0.18	-5E-05	-0.0009
0.181	0	-0.00075
0.182	-5E-05	-0.0012
0.183	0	-0.00075
0.184	-5E-05	-0.00105
0.185	0	-0.00045
0.186	-5E-05	0.00015
0.187	0	-0.0003
0.188	0	-0.0003
0.189	-5E-05	-0.00015
0.19	0	-0.00045
0.191	0	-0.0006
0.192	0	-0.00045
0.193	-5E-05	-0.00075
0.194	0	-0.00015
0.195	0	-0.0006
0.196	-5E-05	-0.00105
0.197	0	-0.0006
0.198	-5E-05	-0.00075
0.199	-5E-05	-0.0012
0.2	0	-0.00075
0.201	0	-0.0003
0.202	0	-0.0009
0.203	-5E-05	0
0.204	0	-0.00015
0.205	0	-0.0006
0.206	-5E-05	-0.00015
0.207	0	-0.0006
0.208	-5E-05	-0.0006
0.209	0	-0.00045
0.21	0	-0.00045
0.211	0	-0.0012
0.212	0	-0.00075
0.213	-5E-05	-0.0009
0.214	0	-0.0009
0.215	0	-0.00045
0.216	0	-0.00075
0.217	-5E-05	-0.0009
0.218	-5E-05	-0.0009
0.219	-5E-05	-0.00135
0.22	0	-0.0006
0.221	0	-0.0006
0.222	0	-0.0012
0.223	0	-0.0012
0.224	0	-0.0006
0.225	0	-0.0003
0.226	-5E-05	-0.00015
0.227	0	-0.0009
0.228	0	-0.00135
0.229	0	-0.00105
0.23	0	-0.0012
0.231	0	-0.00105
0.232	-5E-05	-0.0012
0.233	0	-0.00135
0.234	0	-0.00105
0.235	0	-0.00105
0.236	0	-0.00045
0.237	0	-0.00075
0.238	-5E-05	-0.00045
0.239	0	-0.0006
0.24	0	-0.00075
0.241	-5E-05	-0.00075
0.242	-5E-05	-0.00105
0.243	0	-0.00045
0.244	0	-0.0006
0.245	0	-0.00045
0.246	-5E-05	-0.0009
0.247	-5E-05	-0.00135
0.248	0	-0.00075
0.249	-5E-05	-0.00075
0.25	0	-0.00045
0.251	0	-0.0009
0.252	0	-0.0009
0.253	0	-0.00075
0.254	0	-0.00075
0.255	0	0
0.256	0	-0.00015
0.257	0	-0.0006
0.258	-5E-05	-0.0009
0.259	0	-0.0003
0.26	0	-0.0003
0.261	0	0
0.262	0	-0.00075
0.263	0	-0.0012
0.264	0	-0.0006
0.265	-5E-05	-0.0003
0.266	-5E-05	-0.00015
0.267	0	-0.0003
0.268	0	-0.00135
0.269	0	-0.0003
0.27	0	0
0.271	0	0
0.272	0	0.00045
0.273	0	-0.00015
0.274	0	0
0.275	0	0.00015
0.276	0	-0.00015
0.277	0	-0.00015
0.278	0	0
0.279	0	-0.00105
0.28	0	-0.00015
0.281	0	-0.0006
0.282	0	0
0.283	0	0.00015
0.284	-5E-05	0
0.285	0	-0.0006
0.286	-5E-05	0.0003
0.287	0	-0.0006
0.288	0	-0.00045
0.289	-0.0001	-0.0006
0.29	0	-0.0006
0.291	0	0.00015
0.292	0	0.0003
0.293	-5E-05	-0.00045
0.294	0	-0.00015
0.295	0	0.00015
0.296	0	-0.00075
0.297	0	-0.00075
0.298	0	-0.00105
0.299	-5E-05	-0.00075
0.3	0	0.00015
0.301	-5E-05	-0.0003
0.302	0	-0.0009
0.303	0	-0.00075
0.304	0	-0.00015
0.305	0	-0.0003
0.306	0	0.0003
0.307	0	-0.00045
0.308	-5E-05	-0.0003
0.309	0	-0.0003
0.31	-5E-05	-0.0006
0.311	0	0
0.312	0	-0.00045
0.313	0	-0.0006
0.314	-5E-05	-0.00075
0.315	-5E-05	0
0.316	0	-0.00075
0.317	-5E-05	-0.00045
0.318	-5E-05	-0.0006
0.319	0	-0.00015
0.32	0	-0.00045
0.321	0	0.00045
0.322	-5E-05	-0.0003
0.323	0	-0.00015
0.324	0	-0.00015
0.325	-5E-05	-0.0009
0.326	0	-0.0003
0.327	-5E-05	-0.0006
0.328	0	-0.0006
0.329	0	-0.0006
0.33	0	-0.0003
0.331	0	-0.00135
0.332	-5E-05	-0.00015
0.333	-5E-05	-0.00135
0.334	0	-0.0003
0.335	-5E-05	-0.0003
0.336	0	-0.00015
0.337	0	-0.0003
0.338	0	-0.00015
0.339	0	0
0.34	0	-0.00045
0.341	0	0
0.342	-5E-05	-0.00015
0.343	0	-0.00015
0.344	-5E-05	-0.0009
0.345	0	-0.00045
0.346	0	-0.0006
0.347	-5E-05	-0.0003
0.348	0	-0.0006
0.349	0	-0.0003
0.35	0	0
0.351	0	-0.00045
0.352	-5E-05	-0.00045
0.353	0	-0.0003
0.354	0	0
0.355	0	-0.00045
0.356	0	0
0.357	0	0
0.358	5E-05	0.00015
0.359	0	-0.00075
0.36	0	-0.0003
0.361	0	0.0003
0.362	0	-0.00045
0.363	-5E-05	0
0.364	0	0
0.365	0	-0.00015
0.366	-5E-05	-0.0003
0.367	0	-0.0003
0.368	0	-0.0006
0.369	0	-0.00045
0.37	0	0.00015
0.371	-5E-05	-0.0003
0.372	0	0
0.373	0	-0.00045
0.374	-5E-05	-0.0006
0.375	0	0.0003
0.376	0	0.0003
0.377	0	-0.0003
0.378	-5E-05	0
0.379	0	-0.00045
0.38	0	-0.00045
0.381	-5E-05	-0.00015
0.382	0	-0.0009
0.383	0	-0.0009
0.384	0	0.00015
0.385	-5E-05	0.00015
0.386	0	-0.0003
0.387	0	-0.00015
0.388	0	-0.00015
0.389	0	0.00015
0.39	-5E-05	0
0.391	0	-0.0006
0.392	-5E-05	-0.0003
0.393	0	0
0.394	0	-0.0012
0.395	-5E-05	-0.0003
0.396	0	-0.00015
0.397	-5E-05	-0.00075
0.398	-5E-05	-0.00105
0.399	-5E-05	-0.00045
0.4	0	-0.0006
0.401	-5E-05	0
0.402	0	-0.0006
0.403	0	-0.00075
0.404	-5E-05	-0.0003
0.405	-5E-05	0
0.406	0	0.00015
0.407	-5E-05	0.00015
0.408	0	0.00015
0.409	-5E-05	-0.0006
0.41	0	0.0003
0.411	0	-0.00015
0.412	0	-0.00045
0.413	-5E-05	-0.00075
0.414	-5E-05	-0.0009
0.415	0	-0.00105
0.416	0	-0.00015
0.417	0	-0.0003
0.418	-5E-05	0.0003
0.419	0	0.0006
0.42	0	-0.00015
0.421	-5E-05	-0.00045
0.422	0	-0.00045
0.423	0	-0.0003
0.424	-5E-05	-0.00015
0.425	5E-05	-0.00045
0.426	0	0.00015
0.427	0	0
0.428	0	-0.00015
0.429	0	-0.0006
0.43	0	-0.0009
0.431	-5E-05	-0.00105
0.432	0	-0.00075
0.433	0	-0.00075
0.434	-5E-05	-0.00075
0.435	0	-0.00045
0.436	-5E-05	-0.00105
0.437	0	-0.0006
0.438	-5E-05	-0.0003
0.439	0	-0.0003
0.44	-5E-05	-0.00075
0.441	0	-0.00075
0.442	0	-0.0006
0.443	0	-0.00015
0.444	0	-0.00015
0.445	0	-0.0009
0.446	-5E-05	-0.0006
0.447	-5E-05	-0.00015
0.448	-5E-05	-0.0006
0.449	0	-0.0006
0.45	0	-0.0003
0.451	-5E-05	-0.0009
0.452	-5E-05	-0.00105
0.453	-5E-05	-0.0003
0.454	0	-0.00075
0.455	0	0.00015
0.456	0	-0.00015
0.457	-5E-05	-0.00075
0.458	0	-0.00045
0.459	0	0.00015
0.46	-5E-05	-0.0009
0.461	-5E-05	0
0.462	-5E-05	-0.0006
0.463	-5E-05	-0.00135
0.464	-5E-05	-0.0006
0.465	-5E-05	-0.0009
0.466	0	-0.00045
0.467	-5E-05	-0.00045
0.468	5E-05	-0.00045
0.469	0	-0.0006
0.47	0	-0.0003
0.471	-5E-05	-0.00075
0.472	0	0
0.473	0	0
0.474	-5E-05	-0.00075
0.475	0	-0.00045
0.476	-5E-05	-0.00045
0.477	0	-0.0003
0.478	0	-0.0009
0.479	-5E-05	-0.00045
0.48	0	-0.00075
0.481	-5E-05	-0.0006
0.482	0	-0.00045
0.483	0	-0.0009
0.484	0	-0.00015
0.485	-5E-05	0
0.486	-5E-05	-0.00015
0.487	0	-0.00015
0.488	0	-0.0003
0.489	0	-0.00015
0.49	0	0.00075
0.491	-5E-05	-0.0003
0.492	0	-0.0003
0.493	0	0.00045
0.494	0	-0.00015
0.495	0	-0.00045
0.496	-5E-05	-0.0003
0.497	0	-0.00045
0.498	0	-0.0003
0.499	-5E-05	-0.0009
0.5	0	-0.00075
0.501	0	0.0003
0.502	0	-0.00045
0.503	0	-0.0003
0.504	0	0.00045
0.505	-5E-05	0
0.506	0	-0.00045
0.507	0	0.00045
0.508	0	-0.0003
0.509	0	-0.00015
0.51	-5E-05	0.0003
0.511	0	0
0.512	0	-0.0006
0.513	0	-0.0003
0.514	-5E-05	-0.00045
0.515	0	0.00015
0.516	0	0.0003
0.517	0	-0.0006
0.518	0	-0.00015
0.519	0	0.00015
0.52	-5E-05	-0.00075
0.521	0	-0.00015
0.522	0	0.00015
0.523	0	-0.00015
0.524	-5E-05	0.00015
0.525	0	-0.0003
0.526	0	0.00015
0.527	0	0.00075
0.528	0	-0.00015
0.529	-5E-05	-0.0006
0.53	0	-0.00075
0.531	0	-0.00075
0.532	0	0.00015
0.533	-5E-05	-0.0003
0.534	-5E-05	-0.0015
0.535	0	-0.0006
0.536	0	0.0003
0.537	0	-0.00045
0.538	-5E-05	-0.00045
0.539	0	-0.00045
0.54	0	-0.0003
0.541	0	-0.00015
0.542	0	-0.00045
0.543	-5E-05	-0.0006
0.544	-5E-05	-0.00075
0.545	0	-0.00015
0.546	0	-0.0009
0.547	0	-0.00105
0.548	0	-0.0009
0.549	0	-0.00135
0.55	-5E-05	0.00015
0.551	0	-0.00105
0.552	-5E-05	-0.0006
0.553	0	0
0.554	0	-0.00045
0.555	0	-0.00045
0.556	0	-0.0006
0.557	-5E-05	-0.00105
0.558	0	0.00015
0.559	0	0.0003
0.56	-5E-05	-0.0015
0.561	0	-0.0009
0.562	-5E-05	-0.00105
0.563	0	-0.00075
0.564	-5E-05	-0.00045
0.565	0	-0.00075
0.566	0	-0.0009
0.567	-5E-05	-0.0003
0.568	0	-0.0006
0.569	0	-0.00045
0.57	0	-0.0003
0.571	0	-0.0006
0.572	0	-0.00075
0.573	0	-0.00015
0.574	0	-0.0003
0.575	0	-0.0003
0.576	0	-0.00045
0.577	0	-0.0006
0.578	0	-0.0006
0.579	-5E-05	-0.00075
0.58	-5E-05	-0.00075
0.581	0	-0.00075
0.582	-5E-05	-0.00045
0.583	0	-0.0015
0.584	-5E-05	-0.00075
0.585	0	-0.00075
0.586	0	-0.00075
0.587	0	0.00015
0.588	0	-0.0006
0.589	0	-0.00075
0.59	-5E-05	-0.00045
0.591	0	-0.0006
0.592	0	-0.0006
0.593	0	-0.0003
0.594	0	-0.00045
0.595	0	-0.0006
0.596	0	-0.00045
0.597	0	-0.00075
0.598	0	-0.0009
0.599	-5E-05	-0.0006
0.6	-5E-05	-0.0009
0.601	-5E-05	-0.0006
0.602	-5E-05	-0.0006
0.603	0	-0.00105
0.604	0	-0.00075
0.605	0	-0.00015
0.606	0	0
0.607	-5E-05	-0.00045
0.608	-5E-05	-0.0006
0.609	-5E-05	-0.00045
0.61	-5E-05	-0.00015
0.611	-5E-05	-0.00075
0.612	-5E-05	-0.0006
0.613	-5E-05	0
0.614	0	-0.0015
0.615	0	-0.0003
0.616	-5E-05	-0.0003
0.617	0	-0.00045
0.618	0	-0.0006
0.619	0	0
0.62	0	-0.0006
0.621	0	-0.0003
0.622	0	-0.0006
0.623	0	-0.00045
0.624	0	0
0.625	-5E-05	-0.0012
0.626	0	-0.00045
0.627	0	-0.00045
0.628	0	-0.00075
0.629	-5E-05	-0.00075
0.63	-5E-05	-0.00075
0.631	0	-0.0015
0.632	-5E-05	-0.0009
0.633	0	-0.00045
0.634	0	-0.0009
0.635	-5E-05	-0.0006
0.636	0	-0.00045
0.637	0	-0.00075
0.638	-5E-05	-0.0006
0.639	-5E-05	-0.00045
0.64	-5E-05	-0.0012
0.641	0	-0.0009
0.642	-5E-05	-0.0009
0.643	0	-0.00105
0.644	-5E-05	-0.0009
0.645	-5E-05	-0.0012
0.646	0	-0.00165
0.647	-5E-05	-0.00075
0.648	0	-0.0006
0.649	0	-0.00165
0.65	-5E-05	-0.00075
0.651	0	-0.00135
0.652	-5E-05	-0.0015
0.653	-5E-05	-0.00105
0.654	-5E-05	-0.00135
0.655	0	-0.00105
0.656	0	-0.00075
0.657	0	-0.0006
0.658	0	-0.0009
0.659	0	-0.00045
0.66	0	-0.0015
0.661	0	-0.0015
0.662	-5E-05	-0.0006
0.663	0	-0.00135
0.664	-5E-05	-0.00135
0.665	0	-0.00135
0.666	-5E-05	-0.00105
0.667	0	-0.0003
0.668	-5E-05	-0.00045
0.669	-5E-05	-0.00105
0.67	0	-0.0015
0.671	-5E-05	-0.00045
0.672	0	-0.00045
0.673	0	0
0.674	0	-0.0006
0.675	0	-0.0012
0.676	0	-0.0003
0.677	0	-0.0003
0.678	-5E-05	-0.00015
0.679	0	-0.0006
0.68	0	-0.00165
0.681	0	-0.00135
0.682	0	-0.00075
0.683	0	-0.00045
0.684	0	-0.0003
0.685	5E-05	0
0.686	-5E-05	-0.00075
0.687	0	0
0.688	-5E-05	0.00015
0.689	-5E-05	-0.00015
0.69	0	-0.00015
0.691	0	-0.00105
0.692	0	-0.00045
0.693	-5E-05	-0.00015
0.694	0	-0.00045
0.695	0	-0.0003
0.696	-5E-05	-0.00015
0.697	0	-0.0006
0.698	-5E-05	-0.0006
0.699	0	0
0.7	0	-0.0003
0.701	0	-0.00015
0.702	0	-0.0003
0.703	-5E-05	-0.0003
0.704	0	-0.0006
0.705	0	-0.0003
0.706	-5E-05	-0.00015
0.707	0	0
0.708	-5E-05	-0.00015
0.709	0	-0.00045
0.71	0	-0.0006
0.711	0	0.00015
0.712	-5E-05	-0.0006
0.713	0	-0.00015
0.714	0	-0.00045
0.715	0	-0.00075
0.716	-5E-05	-0.0003
0.717	0	0
0.718	-5E-05	-0.0006
0.719	0	0
0.72	-5E-05	-0.00015
0.721	0	-0.00015
0.722	0	0
0.723	0	-0.00015
0.724	0	-0.00015
0.725	-5E-05	-0.00015
0.726	-5E-05	-0.0006
0.727	-5E-05	-0.0003
0.728	0	-0.00015
0.729	0	-0.0009
0.73	0	-0.0009
0.731	0	-0.00045
0.732	0	-0.00045
0.733	0	-0.00045
0.734	0	-0.00075
0.735	-5E-05	-0.0006
0.736	0	0
0.737	0	0
0.738	0	-0.0006
0.739	-5E-05	-0.00015
0.74	0	-0.00045
0.741	0	-0.0003
0.742	0	0
0.743	5E-05	-0.00045
0.744	0	-0.0006
0.745	0	-0.00015
0.746	-5E-05	-0.0006
0.747	0	-0.00075
0.748	0	-0.00075
0.749	-5E-05	-0.0009
0.75	0	-0.0006
0.751	0	-0.00075
0.752	-5E-05	-0.0003
0.753	0	0
0.754	0	-0.0003
0.755	0	0.00015
0.756	0	-0.0003
0.757	0	0
0.758	0	-0.00015
0.759	0	0.0003
0.76	0	-0.00015
0.761	0	-0.00075
0.762	0	-0.0006
0.763	0	-0.0003
0.764	0	-0.00045
0.765	0	-0.0003
0.766	-5E-05	-0.00045
0.767	0	-0.0003
0.768	0	0.00015
0.769	-5E-05	-0.0006
0.77	0	-0.00015
0.771	0	-0.0003
0.772	0	-0.0003
0.773	0	0.00015
0.774	-5E-05	0
0.775	-5E-05	-0.00015
0.776	-5E-05	0.0003
0.777	0	-0.00015
0.778	0	-0.00045
0.779	-5E-05	0
0.78	0	-0.0003
0.781	-5E-05	-0.0006
0.782	0	0.00015
0.783	0	-0.0003
0.784	0	-0.00045
0.785	-5E-05	0.00045
0.786	0	-0.0003
0.787	0	-0.00015
0.788	0	-0.00015
0.789	-5E-05	-0.00015
0.79	0	-0.0003
0.791	-5E-05	0.00015
0.792	0	-0.0003
0.793	0	0.0003
0.794	0	0.00015
0.795	-5E-05	-0.0003
0.796	5E-05	-0.00045
0.797	-5E-05	-0.00045
0.798	-5E-05	-0.00045
0.799	0	-0.00015
0.8	0	-0.0003
0.801	0	-0.00045
0.802	-5E-05	0.00015
0.803	0	-0.00015
0.804	0	0
0.805	-5E-05	0
0.806	0	-0.0003
0.807	0	-0.0003
0.808	0	0.0003
0.809	0	-0.00015
0.81	0	-0.00015
0.811	0	-0.00105
0.812	-5E-05	-0.00045
0.813	0	-0.0006
0.814	0	-0.0003
0.815	0	-0.0006
0.816	0	-0.00045
0.817	-5E-05	-0.0003
0.818	0	-0.0003
0.819	-5E-05	0.0003
0.82	0	-0.00015
0.821	0	-0.00045
0.822	0	-0.00015
0.823	0	0.00015
0.824	0	0
0.825	0	0
0.826	0	-0.00015
0.827	0	-0.0003
0.828	0	-0.0003
0.829	0	-0.0006
0.83	0	-0.0009
0.831	0	-0.00075
0.832	-5E-05	-0.0006
0.833	0	-0.0006
0.834	-5E-05	-0.0003
0.835	0	-0.00045
0.836	-5E-05	0.00075
0.837	-5E-05	-0.00045
0.838	0	-0.0009
0.839	0	-0.00015
0.84	0	-0.00015
0.841	-5E-05	-0.0003
0.842	0	-0.0003
0.843	0	-0.00045
0.844	0	-0.0006
0.845	0	-0.00015
0.846	-5E-05	-0.00045
0.847	0	-0.0006
0.848	0	-0.0009
0.849	0	-0.0009
0.85	0	-0.00045
0.851	-5E-05	-0.00045
0.852	0	-0.00075
0.853	0	-0.0006
0.854	0	-0.00045
0.855	-5E-05	-0.00075
0.856	-5E-05	-0.0003
0.857	0	-0.0006
0.858	-5E-05	-0.0009
0.859	0	-0.0009
0.86	0	-0.0009
0.861	0	-0.00105
0.862	-5E-05	-0.00075
0.863	0	-0.0006
0.864	0	-0.00105
0.865	-5E-05	-0.00105
0.866	0	-0.00105
0.867	-5E-05	-0.0009
0.868	-5E-05	-0.00075
0.869	0	-0.0006
0.87	0	-0.00075
0.871	-5E-05	-0.0003
0.872	0	-0.0012
0.873	0	-0.0006
0.874	-5E-05	-0.00045
0.875	-5E-05	-0.0009
0.876	0	-0.00075
0.877	0	-0.00075
0.878	0	-0.0009
0.879	0	-0.00075
0.88	0	-0.0009
0.881	0	-0.00135
0.882	-5E-05	-0.00075
0.883	0	-0.00075
0.884	0	-0.0015
0.885	-5E-05	-0.00075
0.886	0	-0.0006
0.887	0	-0.0009
0.888	0	-0.00045
0.889	0	-0.00075
0.89	-5E-05	-0.0009
0.891	-5E-05	-0.00045
0.892	0	-0.00075
0.893	-5E-05	-0.00105
0.894	0	-0.0012
0.895	-5E-05	-0.00135
0.896	-5E-05	-0.00105
0.897	0	-0.00105
0.898	-5E-05	-0.00105
0.899	0	-0.00105
0.9	0	-0.0006
0.901	-5E-05	-0.0012
0.902	0	-0.00105
0.903	-5E-05	-0.00105
0.904	0	-0.00135
0.905	-5E-05	-0.00105
0.906	0	-0.0006
0.907	0	-0.00045
0.908	-5E-05	-0.00045
0.909	0	-0.0009
0.91	-5E-05	-0.0012
0.911	-5E-05	-0.00105
0.912	0	-0.0009
0.913	0	-0.0012
0.914	0	-0.00135
0.915	-5E-05	-0.00105
0.916	0	-0.00075
0.917	0	-0.0006
0.918	0	-0.0009
0.919	0	-0.0009
0.92	-5E-05	-0.00045
0.921	-5E-05	-0.00075
0.922	0	-0.00075
0.923	0	-0.00075
0.924	0	-0.00075
0.925	-5E-05	-0.0003
0.926	0	-0.00075
0.927	-5E-05	-0.00105
0.928	0	-0.00015
0.929	0	-0.00045
0.93	-5E-05	-0.00105
0.931	0	-0.00135
0.932	0	-0.00135
0.933	0	-0.00105
0.934	-5E-05	-0.0003
0.935	0	-0.00075
0.936	0	-0.0009
0.937	0	0.00015
0.938	-5E-05	-0.00015
0.939	-5E-05	-0.0003
0.94	0	-0.0012
0.941	-5E-05	-0.00075
0.942	0	-0.00045
0.943	0	-0.00015
0.944	-5E-05	-0.00075
0.945	0	-0.00045
0.946	0	-0.0006
0.947	0	-0.00045
0.948	-5E-05	-0.00045
0.949	-5E-05	-0.00105
0.95	0	-0.0003
0.951	0	-0.00045
0.952	0	-0.0006
0.953	0	-0.0009
0.954	-5E-05	0.00015
0.955	0	0.00015
0.956	0	0.00015
0.957	0	0.0003
0.958	-5E-05	-0.0006
0.959	0	0
0.96	-5E-05	-0.0003
0.961	0	-0.0006
0.962	0	-0.00045
0.963	0	-0.0003
0.964	0	-0.00075
0.965	0	0
0.966	0	-0.00015
0.967	0	0
0.968	-5E-05	-0.00015
0.969	0	-0.0003
0.97	-5E-05	-0.00015
0.971	0	-0.00015
0.972	-5E-05	-0.00015
0.973	-5E-05	-0.0003
0.974	0	0
0.975	0	-0.00045
0.976	0	0.0003
0.977	-5E-05	0.00015
0.978	-5E-05	-0.0006
0.979	0	-0.00045
0.98	0	-0.0003
0.981	-5E-05	-0.0009
0.982	0	-0.0006
0.983	0	0
0.984	0	-0.00015
0.985	0	-0.00015
0.986	0	0.0003
0.987	0	-0.0003
0.988	0	0.00015
0.989	0	0
0.99	0	-0.00075
0.991	0	-0.00045
0.992	-5E-05	-0.00015
0.993	0	0.00015
0.994	-5E-05	0.00015
0.995	0	-0.0003
0.996	0	-0.0003
0.997	-5E-05	0
0.998	0	-0.00075
0.999	-5E-05	-0.0006
1	0	-0.00075
1.001	0	-0.0009
1.002	-5E-05	-0.00045
1.003	0	-0.00015
1.004	-5E-05	-0.0003
1.005	0	-0.00015
1.006	0	0.0003
1.007	0	-0.0006
1.008	0	-0.0003
1.009	0	-0.0003
1.01	0	-0.00075
1.011	-5E-05	-0.0003
1.012	0	-0.00045
1.013	0	-0.00045
1.014	-5E-05	-0.00045
1.015	0	0.00015
1.016	-5E-05	-0.0003
1.017	-5E-05	-0.0003
1.018	0	-0.00075
1.019	0	-0.0006
1.02	0	-0.00045
1.021	-5E-05	-0.0003
1.022	0	0.00015
1.023	0	0.00015
1.024	-5E-05	-0.00015
1.025	0	0.00015
1.026	0	0.00015
1.027	0	-0.0003
1.028	0	-0.0003
1.029	-5E-05	-0.0009
1.03	0	-0.00075
1.031	-5E-05	-0.00015
1.032	0	0.00015
1.033	0	-0.00015
1.034	0	-0.00015
1.035	0	0
1.036	0	-0.00015
1.037	0	0.0003
1.038	0	0.00015
1.039	0	0
1.04	0	0.00045
1.041	0	0.00015
1.042	0	0
1.043	0	0.00045
1.044	0	-0.00015
1.045	-5E-05	-0.00075
1.046	0	0.00015
1.047	0	-0.0003
1.048	0	-0.00015
1.049	0	-0.0003
1.05	0	-0.00015
1.051	0	0.00015
1.052	0	0
1.053	-5E-05	-0.0003
1.054	-5E-05	0.00045
1.055	-5E-05	0.00045
1.056	0	0.00015
1.057	0	0.00045
1.058	0	0
1.059	0	-0.00015
1.06	-5E-05	0
1.061	0	0.00045
1.062	0	-0.00015
1.063	0	0
1.064	-5E-05	-0.0003
1.065	-5E-05	-0.00045
1.066	0	0
1.067	0	0
1.068	0	-0.0003
1.069	0	-0.00045
1.07	-5E-05	-0.00045
1.071	0	-0.00045
1.072	0	0.00075
1.073	0	0
1.074	-5E-05	-0.0006
1.075	0	-0.00015
1.076	-5E-05	-0.00015
1.077	0	0.0003
1.078	0	-0.00045
1.079	-5E-05	-0.00105
1.08	0	-0.00135
1.081	0	-0.0012
1.082	0	-0.0003
1.083	-5E-05	0
1.084	-5E-05	-0.00075
1.085	0	-0.0006
1.086	0	-0.00045
1.087	-5E-05	-0.0006
1.088	-5E-05	-0.00045
1.089	-5E-05	-0.0006
1.09	0	-0.00075
1.091	0	-0.00075
1.092	0	-0.0009
1.093	-5E-05	-0.00015
1.094	-5E-05	-0.0003
1.095	0	-0.00075
1.096	-5E-05	-0.0012
1.097	0	-0.0009
1.098	-5E-05	-0.0006
1.099	-5E-05	-0.00105
1.1	0	-0.0009
1.101	0	-0.00075
1.102	0	-0.0006
1.103	-5E-05	-0.0003
1.104	-5E-05	-0.00045
1.105	0	-0.00075
1.106	0	-0.00015
1.107	0	-0.0006
1.108	-5E-05	-0.0006
1.109	0	-0.0012
1.11	0	-0.0003
1.111	0	-0.00045
1.112	-5E-05	-0.0003
1.113	0	-0.00075
1.114	0	-0.0009
1.115	0	-0.0009
1.116	0	-0.00075
1.117	-5E-05	-0.00015
1.118	0	-0.00105
1.119	0	-0.00075
1.12	-5E-05	-0.0003
1.121	0	-0.00015
1.122	-5E-05	-0.00015
1.123	0	0
1.124	0	-0.0006
1.125	0	-0.00135
1.126	0	0.00015
1.127	-5E-05	-0.0006
1.128	0	-0.0003
1.129	0	-0.0003
1.13	0	-0.00075
1.131	-5E-05	-0.0006
1.132	0	-0.0009
1.133	0	-0.00045
1.134	0	-0.0003
1.135	0	0
1.136	0	-0.00105
1.137	-5E-05	-0.0003
1.138	0	-0.00045
1.139	0	-0.00045
1.14	0	-0.00015
1.141	-5E-05	-0.00045
1.142	0	-0.0003
1.143	-5E-05	-0.00015
1.144	0	-0.00045
1.145	0	-0.00045
1.146	0	-0.0009
1.147	0	-0.0015
1.148	0	-0.0009
1.149	-5E-05	-0.00075
1.15	-5E-05	-0.00135
1.151	-5E-05	-0.00045
1.152	-5E-05	-0.00015
1.153	0	-0.00075
1.154	0	-0.0006
1.155	0	-0.00075
1.156	-5E-05	-0.0003
1.157	0	-0.0003
1.158	0	-0.0003
1.159	0	-0.00075
1.16	-5E-05	-0.0003
1.161	0	-0.0006
1.162	0	-0.0009
1.163	-5E-05	-0.0009
1.164	0	-0.00135
1.165	0	-0.0009
1.166	0	-0.00075
1.167	0	-0.0015
1.168	0	-0.0006
1.169	0	0.0003
1.17	-5E-05	-0.00075
1.171	0	-0.0006
1.172	-5E-05	-0.00075
1.173	-5E-05	-0.0006
1.174	0	-0.00045
1.175	-5E-05	-0.00045
1.176	0	-0.00105
1.177	0	-0.00075
1.178	-5E-05	-0.0006
1.179	0	-0.0012
1.18	-5E-05	-0.00075
1.181	0	-0.00105
1.182	-5E-05	-0.0012
1.183	0	-0.00105
1.184	-5E-05	-0.00135
1.185	-5E-05	-0.00135
1.186	0	-0.00045
1.187	0	-0.0003
1.188	0	-0.0009
1.189	-5E-05	-0.00105
1.19	0	-0.0012
1.191	0	-0.00015
1.192	-5E-05	-0.0006
1.193	-5E-05	-0.0009
1.194	-5E-05	-0.00105
1.195	0	-0.0006
1.196	0	-0.0009
1.197	0	-0.0009
1.198	-5E-05	-0.00105
1.199	0	-0.00105
1.2	0	-0.0009
1.201	-5E-05	-0.00105
1.202	0	-0.00105
1.203	-5E-05	-0.00015
1.204	0	-0.0006
1.205	0	-0.0006
1.206	0	-0.0003
1.207	0	-0.0006
1.208	-5E-05	-0.00015
1.209	0	-0.0006
1.21	0	-0.0006
1.211	0	-0.0009
1.212	-5E-05	-0.00015
1.213	-5E-05	-0.00075
1.214	0	-0.0009
1.215	0	-0.00075
1.216	0	-0.0009
1.217	0	-0.00045
1.218	0	-0.0006
1.219	0	-0.0009
1.22	0	-0.00075
1.221	0	-0.00075
1.222	0	-0.0009
1.223	0	0.0003
1.224	0	-0.0003
1.225	0	-0.00045
1.226	-5E-05	-0.0003
1.227	-5E-05	-0.00075
1.228	0	-0.0009
1.229	0	-0.0003
1.23	0	-0.00105
1.231	0	-0.00165
1.232	-5E-05	-0.00075
1.233	-5E-05	-0.00075
1.234	-5E-05	-0.00045
1.235	0	-0.00015
1.236	0	-0.00075
1.237	0	-0.00015
1.238	0	-0.00015
1.239	0	-0.00015
1.24	0	-0.00075
1.241	0	-0.0003
1.242	-5E-05	-0.0006
1.243	-5E-05	-0.0003
1.244	0	-0.00075
1.245	0	-0.0003
1.246	-5E-05	-0.0003
1.247	0	-0.00045
1.248	0	-0.0009
1.249	0	-0.00075
1.25	0	-0.00015
1.251	-5E-05	-0.0012
1.252	0	-0.0009
1.253	0	-0.0006
1.254	0	-0.0003
1.255	-5E-05	-0.00045
1.256	-5E-05	-0.0003
1.257	0	-0.00045
1.258	0	-0.0006
1.259	0	-0.0003
1.26	0	-0.0006
1.261	-5E-05	0
1.262	0	-0.00045
1.263	0	-0.00045
1.264	0	-0.00075
1.265	0	-0.0003
1.266	-5E-05	0
1.267	0	-0.0003
1.268	0	-0.0003
1.269	0	-0.00075
1.27	0	-0.0003
1.271	-5E-05	0
1.272	0	-0.00015
1.273	0	-0.00015
1.274	0	0.0003
1.275	-5E-05	-0.00045
1.276	-5E-05	-0.0006
1.277	-5E-05	0
1.278	0	-0.0006
1.279	-5E-05	-0.00075
1.28	-5E-05	-0.00045
1.281	0	-0.00045
1.282	0	0
1.283	0	-0.00045
1.284	-5E-05	-0.00045
1.285	0	-0.00015
1.286	-5E-05	-0.00045
1.287	0	-0.00075
1.288	0	-0.0003
1.289	-5E-05	0
1.29	0	-0.0006
1.291	0	-0.00015
1.292	0	0.0003
1.293	0	-0.00045
1.294	0	-0.00105
1.295	0	-0.00015
1.296	0	-0.00075
1.297	-5E-05	-0.00075
1.298	-5E-05	-0.00075
1.299	-5E-05	-0.0009
1.3	0	-0.00045
1.301	0	-0.0006
1.302	0	-0.0009
1.303	0	0
1.304	-5E-05	0
1.305	0	-0.0006
1.306	0	0.00015
1.307	0	-0.00045
1.308	0	-0.00015
1.309	-5E-05	0
1.31	0	-0.00075
1.311	-5E-05	-0.00075
1.312	0	-0.00045
1.313	0	-0.0003
1.314	0	-0.00105
1.315	0	-0.00075
1.316	0	-0.00075
1.317	0	0.00015
1.318	-5E-05	-0.0006
1.319	0	-0.0006
1.32	0	-0.0003
1.321	0	-0.00015
1.322	-5E-05	-0.0003
1.323	-5E-05	-0.0003
1.324	0	0.00015
1.325	-5E-05	-0.00075
1.326	0	-0.0006
1.327	0	-0.00015
1.328	-5E-05	-0.0003
1.329	0	-0.00075
1.33	0	-0.0003
1.331	0	-0.00045
1.332	-5E-05	-0.00045
1.333	0	-0.0006
1.334	-5E-05	-0.0006
1.335	0	-0.00045
1.336	0	-0.0006
1.337	0	-0.00015
1.338	-5E-05	-0.0003
1.339	0	-0.00015
1.34	0	-0.0012
1.341	0	-0.0006
1.342	-5E-05	-0.00015
1.343	0	-0.0003
1.344	0	-0.00015
1.345	-5E-05	-0.00075
1.346	0	-0.00075
1.347	-5E-05	-0.0009
1.348	0	-0.00075
1.349	0	-0.0012
1.35	0	-0.00045
1.351	0	-0.00075
1.352	-5E-05	-0.00075
1.353	0	-0.00015
1.354	0	-0.0006
1.355	0	-0.00015
1.356	0	-0.0006
1.357	-5E-05	-0.00045
1.358	0	0.00015
1.359	-5E-05	0.00015
1.36	0	-0.0003
1.361	-5E-05	-0.0006
1.362	0	-0.0009
1.363	-5E-05	-0.0006
1.364	0	-0.0006
1.365	0	-0.0009
1.366	-5E-05	-0.0003
1.367	0	-0.00045
1.368	0	-0.0009
1.369	-5E-05	-0.0009
1.37	0	-0.00015
1.371	0	-0.00045
1.372	0	-0.00015
1.373	-5E-05	-0.00045
1.374	0	0.00015
1.375	0	-0.0003
1.376	-5E-05	0
1.377	0	-0.0009
1.378	-5E-05	-0.00045
1.379	0	-0.00045
1.38	0	-0.0009
1.381	-5E-05	-0.0006
1.382	0	-0.0009
1.383	0	-0.00105
1.384	0	-0.00015
1.385	-5E-05	0
1.386	0	-0.0003
1.387	0	0.00015
1.388	0	-0.0003
1.389	0	-0.0003
1.39	-5E-05	-0.00015
1.391	0	-0.00075
1.392	-5E-05	-0.0003
1.393	0	-0.00045
1.394	0	-0.00105
1.395	-5E-05	-0.0009
1.396	0	-0.0003
1.397	0	-0.00075
1.398	0	-0.00075
1.399	0	-0.00075
1.4	0	-0.0009
1.401	0	-0.00075
1.402	-5E-05	-0.00075
1.403	0	-0.00045
1.404	0	-0.0006
1.405	-5E-05	-0.00045
1.406	0	-0.00075
1.407	0	-0.00015
1.408	0	-0.00015
1.409	-5E-05	-0.00045
1.41	-5E-05	-0.00045
1.411	0	-0.0012
1.412	0	-0.00075
1.413	0	-0.0006
1.414	0	-0.0003
1.415	0	-0.0006
1.416	0	-0.00045
1.417	-5E-05	-0.0006
1.418	0	-0.00045
1.419	0	-0.00105
1.42	-5E-05	-0.00135
1.421	0	-0.0003
1.422	0	0
1.423	0	-0.00015
1.424	-5E-05	0
1.425	0	-0.00015
1.426	0	-0.0003
1.427	0	-0.00045
1.428	0	-0.00015
1.429	-5E-05	-0.0006
1.43	0	-0.0009
1.431	0	-0.00105
1.432	0	-0.0003
1.433	0	-0.00045
1.434	0	-0.0006
1.435	0	-0.00045
1.436	0	-0.0003
1.437	-5E-05	-0.00075
1.438	-5E-05	-0.0006
1.439	0	0.0003
1.44	0	-0.00075
1.441	-5E-05	-0.0006
1.442	0	-0.0003
1.443	0	-0.00015
1.444	0	0
1.445	0	-0.0006
1.446	0	-0.00045
1.447	0	-0.00045
1.448	-5E-05	-0.00105
1.449	-5E-05	-0.00075
1.45	0	0.00015
1.451	0	-0.00015
1.452	0	-0.0003
1.453	0	0
1.454	0	-0.00015
1.455	0	0.0006
1.456	0	0.0003
1.457	0	0.00015
1.458	0	0.00015
1.459	0	0
1.46	0	-0.00045
1.461	-5E-05	-0.00015
1.462	-5E-05	-0.00045
1.463	0	-0.0003
1.464	0	0.00045
1.465	0	-0.00045
1.466	-5E-05	-0.0003
1.467	-5E-05	0.00045
1.468	0	0.0003
1.469	0	0
1.47	0	0.00015
1.471	-5E-05	-0.0006
1.472	-5E-05	0.00015
1.473	0	0.00015
1.474	-5E-05	-0.00015
1.475	0	0.00015
1.476	-5E-05	-0.00015
1.477	-5E-05	-0.00045
1.478	0	0.00015
1.479	0	0.00015
1.48	0	-0.0009
1.481	-5E-05	-0.00045
1.482	0	-0.0012
1.483	0	-0.0003
1.484	0	0.0003
1.485	0	0.00015
1.486	-5E-05	-0.00045
1.487	0	-0.0009
1.488	-5E-05	-0.00045
1.489	0	-0.00045
1.49	0	0.0003
1.491	-5E-05	-0.00105
1.492	0	-0.0006
1.493	-5E-05	-0.00015
1.494	-5E-05	-0.0006
1.495	0	-0.00045
1.496	-5E-05	-0.00075
1.497	0	-0.0015
1.498	0	-0.0015
1.499	0	-0.00075
1.5	-5E-05	-0.00135
1.501	-5E-05	-0.0003
1.502	0	-0.0012
1.503	0	-0.00105
1.504	-5E-05	-0.0009
1.505	-5E-05	-0.00075
1.506	-5E-05	-0.0006
1.507	-5E-05	-0.00075
1.508	0	-0.00105
1.509	0	-0.00165
1.51	-5E-05	-0.0006
1.511	0	-0.00135
1.512	0	-0.00105
1.513	0	-0.00105
1.514	-5E-05	-0.00135
1.515	0	-0.0012
1.516	0	-0.0009
1.517	0	-0.00105
1.518	0	-0.00165
1.519	-5E-05	-0.00045
1.52	0	-0.00075
1.521	0	-0.00075
1.522	-5E-05	-0.00075
1.523	-5E-05	-0.0009
1.524	0	-0.0006
1.525	0	-0.0015
1.526	-5E-05	-0.00135
1.527	0	-0.0006
1.528	0	-0.0009
1.529	0	-0.0009
1.53	0	-0.0006
1.531	0	-0.0012
1.532	0	-0.00105
1.533	-5E-05	-0.00075
1.534	-5E-05	-0.00135
1.535	-5E-05	-0.0009
1.536	-5E-05	-0.0012
1.537	-5E-05	-0.0009
1.538	0	-0.0009
1.539	0	-0.0006
1.54	0	-0.0003
1.541	0	-0.00045
1.542	0	-0.0009
1.543	-5E-05	-0.00105
1.544	0	-0.00015
1.545	-5E-05	-0.00165
1.546	0	-0.0012
1.547	-5E-05	-0.0006
1.548	-5E-05	-0.0012
1.549	0	-0.00105
1.55	-5E-05	-0.0006
1.551	-5E-05	-0.00105
1.552	0	-0.0006
1.553	0	0
1.554	-5E-05	-0.00075
1.555	-5E-05	-0.00075
1.556	0	-0.00105
1.557	-5E-05	-0.00075
1.558	0	0
1.559	0	-0.00045
1.56	0	-0.0012
1.561	-5E-05	-0.00045
1.562	0	0
1.563	0	-0.0012
1.564	-5E-05	-0.0012
1.565	0	-0.00075
1.566	0	-0.00075
1.567	-5E-05	-0.00075
1.568	0	-0.00075
1.569	-5E-05	-0.00075
1.57	0	0
1.571	0	0
1.572	-5E-05	-0.0006
1.573	0	-0.0006
1.574	0	-0.0006
1.575	0	-0.00015
1.576	0	0.00015
1.577	0	-0.00135
1.578	0	-0.0009
1.579	0	0
1.58	-5E-05	-0.00075
1.581	-5E-05	-0.0009
1.582	0	-0.0012
1.583	0	-0.00075
1.584	0	-0.00045
1.585	0	-0.0003
1.586	-5E-05	-0.00045
1.587	0	-0.0003
1.588	0	-0.0003
1.589	0	0
1.59	-5E-05	-0.00015
1.591	-5E-05	-0.0006
1.592	-5E-05	-0.00045
1.593	0	-0.0003
1.594	0	-0.00045
1.595	-5E-05	-0.0006
1.596	0	-0.00045
1.597	-5E-05	-0.00075
1.598	0	0
1.599	-5E-05	-0.0006
1.6	-5E-05	-0.0003
1.601	0	-0.00015
1.602	-5E-05	-0.0009
1.603	-5E-05	-0.0006
1.604	0	0.00015
1.605	-5E-05	0
1.606	0	-0.0006
1.607	0	0
1.608	0	-0.00015
1.609	0	-0.0003
1.61	-5E-05	-0.00015
1.611	-5E-05	-0.00075
1.612	-5E-05	-0.00075
1.613	0	-0.00045
1.614	-5E-05	-0.0006
1.615	0	-0.00045
1.616	-5E-05	-0.00015
1.617	0	-0.0003
1.618	0	-0.0003
1.619	-5E-05	-0.0006
1.62	0	-0.00075
1.621	0	-0.00015
1.622	0	-0.0003
1.623	-5E-05	-0.00045
1.624	0	-0.00015
1.625	0	-0.0003
1.626	0	-0.00015
1.627	0	-0.0006
1.628	0	-0.00075
1.629	0	-0.0009
1.63	-5E-05	-0.00015
1.631	0	-0.0003
1.632	0	-0.00075
1.633	0	-0.00045
1.634	-5E-05	-0.00075
1.635	-5E-05	-0.00045
1.636	-5E-05	-0.00045
1.637	0	-0.0006
1.638	0	-0.00045
1.639	0	-0.00015
1.64	0	-0.00045
1.641	0	-0.00015
1.642	0	-0.00015
1.643	-5E-05	-0.00075
1.644	0	-0.00045
1.645	-5E-05	-0.00045
1.646	-5E-05	-0.0006
1.647	0	-0.0006
1.648	0	-0.00045
1.649	0	-0.0009
1.65	-5E-05	-0.0006
1.651	0	-0.0009
1.652	0	-0.00045
1.653	-5E-05	-0.0003
1.654	0	-0.00015
1.655	0	0
1.656	0	-0.00015
1.657	0	0
1.658	-5E-05	-0.0006
1.659	0	0
1.66	0	-0.00075
1.661	0	-0.0006
1.662	0	-0.0003
1.663	0	-0.00015
1.664	0	-0.00045
1.665	-5E-05	-0.0006
1.666	-5E-05	-0.0009
1.667	0	-0.0006
1.668	0	-0.00015
1.669	0	-0.0009
1.67	0	0.00015
1.671	0	-0.0003
1.672	-5E-05	0
1.673	-5E-05	0.00045
1.674	-5E-05	0
1.675	0	-0.0009
1.676	0	0
1.677	0	0.00015
1.678	0	-0.00045
1.679	-5E-05	-0.00015
1.68	0	-0.0006
1.681	0	-0.0006
1.682	0	0
1.683	-5E-05	-0.0003
1.684	0	-0.0003
1.685	0	0.00015
1.686	-5E-05	-0.0003
1.687	0	-0.00015
1.688	0	0.00015
1.689	0	0
1.69	0	0
1.691	-5E-05	0.0003
1.692	0	-0.00015
1.693	-5E-05	-0.0003
1.694	0	-0.00045
1.695	0	-0.00075
1.696	-5E-05	-0.00015
1.697	0	-0.0003
1.698	0	-0.0003
1.699	0	0
1.7	-5E-05	-0.0003
1.701	0	-0.00015
1.702	-5E-05	0.0003
1.703	0	0
1.704	0	-0.0003
1.705	0	0.00015
1.706	-5E-05	-0.0003
1.707	-5E-05	0.00015
1.708	0	0.00015
1.709	5E-05	0
1.71	0.00015	0.00015
1.711	0.00035	-0.0003
1.712	0.0005	-0.0003
1.713	0.00055	0
1.714	0.0006	-0.00015
1.715	0.0006	-0.0006
1.716	0.00065	-0.00015
1.717	0.00065	-0.00045
1.718	0.00065	-0.0003
1.719	0.00065	0.0003
1.72	0.00065	-0.00015
1.721	0.00065	-0.0006
1.722	0.0006	0.00015
1.723	0.00065	0.00015
1.724	0.00065	0.00015
1.725	0.0006	0.0003
1.726	0.00065	-0.00015
1.727	0.0006	-0.00045
1.728	0.0006	-0.0003
1.729	0.0006	-0.00075
1.73	0.0006	-0.00075
1.731	0.00065	-0.00015
1.732	0.00065	-0.00075
1.733	0.0006	-0.0006
1.734	0.0007	-0.00015
1.735	0.0007	-0.0003
1.736	0.00075	0
1.737	0.00085	0.00015
1.738	0.00095	-0.0006
1.739	0.0011	-0.0003
1.74	0.0013	0.0003
1.741	0.0015	0.00015
1.742	0.00175	0.0003
1.743	0.002	0.0003
1.744	0.0023	0.00015
1.745	0.0026	0.0003
1.746	0.0029	0.00045
1.747	0.00325	-0.00045
1.748	0.00355	0.00015
1.749	0.0039	0.0009
1.75	0.0042	0.0009
1.751	0.00455	0.0009
1.752	0.0049	0.00105
1.753	0.0052	0.00105
1.754	0.0055	0.0015
1.755	0.0055	0.00135
1.756	0.00565	0.00105
1.757	0.0058	0.00165
1.758	0.00595	0.0012
1.759	0.00605	0.0012
1.76	0.00615	0.0018
1.761	0.00635	0.0015
1.762	0.00645	0.0012
1.763	0.00655	0.0015
1.764	0.00665	0.00105
1.765	0.00675	0.0009
1.766	0.0069	0.00105
1.767	0.00705	0.0012
1.768	0.00715	0.0015
1.769	0.00725	0.00135
1.77	0.00735	0.00135
1.771	0.0075	0.00165
1.772	0.0076	0.0021
1.773	0.00765	0.0018
1.774	0.00775	0.00135
1.775	0.0079	0.00165
1.776	0.008	0.00165
1.777	0.0081	0.0018
1.778	0.0082	0.0015
1.779	0.00825	0.00135
1.78	0.0084	0.00135
1.781	0.0085	0.00135
1.782	0.00855	0.0012
1.783	0.0086	0.0018
1.784	0.00865	0.0012
1.785	0.00875	0.00135
1.786	0.00885	0.0015
1.787	0.00895	0.00105
1.788	0.009	0.00165
1.789	0.0091	0.0018
1.79	0.00925	0.0015
1.791	0.0093	0.0015
1.792	0.0094	0.0018
1.793	0.0094	0.00165
1.794	0.0095	0.00165
1.795	0.00955	0.0015
1.796	0.00965	0.0012
1.797	0.00975	0.0012
1.798	0.0098	0.0015
1.799	0.00985	0.0012
1.8	0.0099	0.00135
1.801	0.01	0.0012
1.802	0.01005	0.00165
1.803	0.01015	0.00195
1.804	0.01015	0.0012
1.805	0.01025	0.0015
1.806	0.0103	0.00165
1.807	0.0104	0.00135
1.808	0.0105	0.0015
1.809	0.01045	0.0012
1.81	0.0105	0.0015
1.811	0.0106	0.00165
1.812	0.0106	0.0012
1.813	0.0107	0.00105
1.814	0.01065	0.0012
1.815	0.01075	0.0012
1.816	0.0108	0.00105
1.817	0.01085	0.00135
1.818	0.01095	0.00105
1.819	0.01095	0.00135
1.82	0.011	0.0018
1.821	0.01105	0.00165
1.822	0.0111	0.0018
1.823	0.01115	0.0015
1.824	0.0113	0.00105
1.825	0.0114	0.0015
1.826	0.0115	0.0015
1.827	0.0117	0.0015
1.828	0.0118	0.00165
1.829	0.012	0.00135
1.83	0.0122	0.00105
1.831	0.01235	0.0015
1.832	0.01255	0.00135
1.833	0.0127	0.0015
1.834	0.01295	0.00135
1.835	0.0131	0.00135
1.836	0.0133	0.00135
1.837	0.0135	0.0018
1.838	0.01365	0.0018
1.839	0.01385	0.00225
1.84	0.014	0.00195
1.841	0.01415	0.00135
1.842	0.01435	0.0018
1.843	0.0145	0.00195
1.844	0.01465	0.0018
1.845	0.0148	0.0018
1.846	0.01495	0.0015
1.847	0.0151	0.00135
1.848	0.0152	0.00195
1.849	0.01535	0.00225
1.85	0.0155	0.0015
1.851	0.0156	0.0018
1.852	0.01575	0.00165
1.853	0.0159	0.0018
1.854	0.016	0.00255
1.855	0.01615	0.0021
1.856	0.0163	0.0021
1.857	0.0164	0.00285
1.858	0.01655	0.0024
1.859	0.01665	0.0024
1.86	0.0168	0.00225
1.861	0.0168	0.0021
1.862	0.017	0.00195
1.863	0.0171	0.0021
1.864	0.0172	0.00195
1.865	0.01735	0.00195
1.866	0.01745	0.00225
1.867	0.0176	0.0024
1.868	0.0178	0.0024
1.869	0.018	0.0024
1.87	0.0183	0.00225
1.871	0.01845	0.00285
1.872	0.01875	0.00285
1.873	0.019	0.00315
1.874	0.0193	0.00315
1.875	0.0195	0.00255
1.876	0.0197	0.0024
1.877	0.01995	0.00315
1.878	0.02015	0.003
1.879	0.0204	0.003
1.88	0.0206	0.00315
1.881	0.0208	0.0021
1.882	0.02105	0.00285
1.883	0.02125	0.0036
1.884	0.0215	0.00345
1.885	0.02165	0.00375
1.886	0.02185	0.0027
1.887	0.02205	0.00345
1.888	0.0223	0.0042
1.889	0.0225	0.00435
1.89	0.02265	0.00375
1.891	0.0228	0.0036
1.892	0.023	0.00375
1.893	0.0232	0.0042
1.894	0.02335	0.0045
1.895	0.02355	0.0042
1.896	0.0237	0.00405
1.897	0.02385	0.0036
1.898	0.024	0.00435
1.899	0.02415	0.0045
1.9	0.0243	0.0045
1.901	0.02445	0.0045
1.902	0.0246	0.0045
1.903	0.0248	0.00495
1.904	0.02495	0.00465
1.905	0.0251	0.00495
1.906	0.0252	0.00495
1.907	0.02535	0.0042
1.908	0.0255	0.00465
1.909	0.02565	0.00525
1.91	0.02575	0.0045
1.911	0.02585	0.0051
1.912	0.026	0.00525
1.913	0.0261	0.0048
1.914	0.0262	0.0051
1.915	0.0263	0.00495
1.916	0.0264	0.00495
1.917	0.02655	0.0054
1.918	0.02665	0.00525
1.919	0.0268	0.0048
1.92	0.0269	0.0051
1.921	0.0269	0.0051
1.922	0.0271	0.0054
1.923	0.0272	0.0057
1.924	0.02725	0.00525
1.925	0.0274	0.00525
1.926	0.0275	0.00555
1.927	0.02755	0.0051
1.928	0.02765	0.00465
1.929	0.0277	0.0054
1.93	0.02785	0.00495
1.931	0.0279	0.0051
1.932	0.028	0.00525
1.933	0.0281	0.0051
1.934	0.02815	0.00585
1.935	0.0282	0.00525
1.936	0.0283	0.00555
1.937	0.0284	0.00555
1.938	0.0285	0.00525
1.939	0.02855	0.00555
1.94	0.02865	0.00585
1.941	0.02875	0.0054
1.942	0.0288	0.0054
1.943	0.02885	0.00555
1.944	0.0289	0.00525
1.945	0.029	0.0054
1.946	0.02905	0.0054
1.947	0.0291	0.00495
1.948	0.0292	0.0054
1.949	0.02925	0.0048
1.95	0.02935	0.00645
1.951	0.0294	0.00525
1.952	0.02945	0.00525
1.953	0.0295	0.00525
1.954	0.02955	0.006
1.955	0.02965	0.0057
1.956	0.0297	0.0051
1.957	0.02975	0.0054
1.958	0.02985	0.00555
1.959	0.0299	0.00615
1.96	0.0299	0.00585
1.961	0.03	0.00525
1.962	0.03	0.0045
1.963	0.03005	0.006
1.964	0.0301	0.0051
1.965	0.03015	0.00495
1.966	0.0302	0.00495
1.967	0.03025	0.00525
1.968	0.0303	0.00585
1.969	0.03035	0.00525
1.97	0.03035	0.00435
1.971	0.0305	0.00585
1.972	0.0305	0.00675
1.973	0.03055	0.0054
1.974	0.03055	0.00585
1.975	0.03065	0.0051
1.976	0.03065	0.0057
1.977	0.0307	0.00555
1.978	0.03075	0.00525
1.979	0.03075	0.0051
1.98	0.0308	0.0054
1.981	0.0309	0.0057
1.982	0.0309	0.00525
1.983	0.0309	0.00585
1.984	0.03095	0.00525
1.985	0.0311	0.006
1.986	0.0311	0.00555
1.987	0.03115	0.0051
1.988	0.03135	0.0054
1.989	0.03155	0.00585
1.99	0.03175	0.00585
1.991	0.0319	0.00555
1.992	0.03215	0.006
1.993	0.0324	0.00555
1.994	0.0326	0.00675
1.995	0.0329	0.0054
1.996	0.0331	0.00525
1.997	0.03335	0.0057
1.998	0.03355	0.00555
1.999	0.0338	0.00525
2	0.034	0.006
2.001	0.0339	0.00585
2.002	0.03325	0.00585
2.003	0.0333	0.0063
2.004	0.0333	0.0057
2.005	0.03325	0.00555
2.006	0.0333	0.006
2.007	0.03325	0.0057
2.008	0.0333	0.00585
2.009	0.03335	0.00615
2.01	0.0333	0.006
2.011	0.03325	0.00555
2.012	0.03325	0.0051
2.013	0.0333	0.0057
2.014	0.0333	0.00585
2.015	0.03325	0.00555
2.016	0.0333	0.00435
2.017	0.0333	0.006
2.018	0.0333	0.00585
2.019	0.03335	0.006
2.02	0.03325	0.0066
2.021	0.0333	0.00615
2.022	0.0333	0.006
2.023	0.0333	0.00675
2.024	0.03335	0.006
2.025	0.0333	0.0057
2.026	0.03335	0.0066
2.027	0.0333	0.0057
2.028	0.03335	0.00585
2.029	0.03335	0.006
2.03	0.0333	0.00555
2.031	0.03335	0.00555
2.032	0.0333	0.0054
2.033	0.0333	0.0048
2.034	0.0333	0.0057
2.035	0.0333	0.006
2.036	0.03335	0.0057
2.037	0.03335	0.0063
2.038	0.03335	0.00555
2.039	0.03335	0.00615
2.04	0.0333	0.00645
2.041	0.0333	0.00585
2.042	0.03335	0.0057
2.043	0.03335	0.00615
2.044	0.03335	0.00585
2.045	0.03335	0.00585
2.046	0.03335	0.00585
2.047	0.0333	0.0051
2.048	0.03335	0.00525
2.049	0.03335	0.00525
2.05	0.0333	0.00555
2.051	0.03335	0.00585
2.052	0.03335	0.006
2.053	0.03335	0.0057
2.054	0.03335	0.0051
2.055	0.03335	0.0063
2.056	0.03335	0.0057
2.057	0.0334	0.00645
2.058	0.0334	0.006
2.059	0.03335	0.0051
2.06	0.03335	0.006
2.061	0.03335	0.00585
2.062	0.0334	0.0054
2.063	0.03335	0.0054
2.064	0.03335	0.0057
2.065	0.03335	0.00495
2.066	0.03335	0.00555
2.067	0.03345	0.00555
2.068	0.0334	0.00555
2.069	0.03335	0.00615
2.07	0.0334	0.0051
2.071	0.03335	0.0057
2.072	0.0334	0.0057
2.073	0.0334	0.00525
2.074	0.0334	0.00585
2.075	0.0334	0.00525
2.076	0.0334	0.00555
2.077	0.0334	0.00585
2.078	0.0334	0.00585
2.079	0.03335	0.00555
2.08	0.0334	0.0057
2.081	0.0334	0.00495
2.082	0.0334	0.0048
2.083	0.03335	0.00555
2.084	0.03335	0.0054
2.085	0.0334	0.0054
2.086	0.0334	0.00585
2.087	0.0334	0.00585
2.088	0.0334	0.0057
2.089	0.0334	0.00585
2.09	0.0334	0.00615
2.091	0.0334	0.00615
2.092	0.0334	0.00585
2.093	0.0334	0.0054
2.094	0.0334	0.0054
2.095	0.0334	0.00555
2.096	0.0334	0.0045
2.097	0.0334	0.00525
2.098	0.0334	0.00555
2.099	0.0334	0.00525
2.1	0.0334	0.00585
2.101	0.03345	0.0057
2.102	0.0334	0.00465
2.103	0.0334	0.0054
2.104	0.0334	0.0057
2.105	0.0334	0.00555
2.106	0.03345	0.00585
2.107	0.03345	0.0063
2.108	0.03345	0.00555
2.109	0.0334	0.00585
2.11	0.03345	0.00585
2.111	0.03345	0.00555
2.112	0.0334	0.00525
2.113	0.03345	0.00495
2.114	0.0335	0.0054
2.115	0.03345	0.0054
2.116	0.03345	0.00495
2.117	0.03345	0.0048
2.118	0.03345	0.00555
2.119	0.03345	0.00615
2.12	0.0335	0.0054
2.121	0.0335	0.0057
2.122	0.03345	0.00585
2.123	0.0335	0.0066
2.124	0.0335	0.0054
2.125	0.0335	0.006
2.126	0.03345	0.0057
2.127	0.0335	0.0054
2.128	0.0335	0.00585
2.129	0.0335	0.00585
2.13	0.03345	0.0054
2.131	0.0335	0.00495
2.132	0.0335	0.0054
2.133	0.03355	0.0057
2.134	0.03355	0.0063
2.135	0.0335	0.0057
2.136	0.03305	0.00555
2.137	0.033	0.00585
2.138	0.033	0.0057
2.139	0.033	0.0057
2.14	0.033	0.0063
2.141	0.03295	0.00585
2.142	0.033	0.00555
2.143	0.033	0.006
2.144	0.033	0.00555
2.145	0.033	0.0051
2.146	0.033	0.00585
2.147	0.033	0.00555
2.148	0.033	0.0054
2.149	0.03295	0.00525
2.15	0.03295	0.00555
2.151	0.03295	0.00555
2.152	0.033	0.0057
2.153	0.03295	0.0057
2.154	0.0329	0.00585
2.155	0.033	0.00615
2.156	0.03295	0.0057
2.157	0.033	0.00585
2.158	0.0329	0.006
2.159	0.03295	0.0051
2.16	0.03295	0.00615
2.161	0.03295	0.00615
2.162	0.03295	0.0051
2.163	0.03295	0.0057
2.164	0.033	0.00555
2.165	0.033	0.0057
2.166	0.0329	0.0057
2.167	0.033	0.0051
2.168	0.03295	0.0054
2.169	0.03295	0.00615
2.17	0.03295	0.00585
2.171	0.03295	0.00585
2.172	0.03295	0.0063
2.173	0.033	0.00585
2.174	0.033	0.0057
2.175	0.0329	0.0063
2.176	0.03295	0.0063
2.177	0.033	0.00645
2.178	0.03295	0.0054
2.179	0.03295	0.0054
2.18	0.033	0.00525
2.181	0.0329	0.0063
2.182	0.0329	0.0057
2.183	0.033	0.0057
2.184	0.03295	0.0057
2.185	0.033	0.00585
2.186	0.033	0.00615
2.187	0.03295	0.006
2.188	0.03295	0.00615
2.189	0.03295	0.0063
2.19	0.03295	0.00645
2.191	0.033	0.0063
2.192	0.03285	0.00645
2.193	0.03295	0.006
2.194	0.03295	0.00615
2.195	0.03295	0.00645
2.196	0.03295	0.0054
2.197	0.03295	0.00555
2.198	0.03295	0.00585
2.199	0.03295	0.0057
2.2	0.033	0.00585
2.201	0.0329	0.00525
2.202	0.0329	0.00585
2.203	0.033	0.0063
2.204	0.03295	0.00675
2.205	0.033	0.00615
2.206	0.03295	0.0063
2.207	0.033	0.006
2.208	0.033	0.00615
2.209	0.03295	0.00645
2.21	0.033	0.00555
2.211	0.03295	0.00585
2.212	0.03295	0.0063
2.213	0.033	0.006
2.214	0.03295	0.00555
2.215	0.033	0.00585
2.216	0.03295	0.0054
2.217	0.03295	0.0057
2.218	0.03295	0.00585
2.219	0.03295	0.00615
2.22	0.033	0.006
2.221	0.03295	0.0057
2.222	0.0329	0.00525
2.223	0.03295	0.00615
2.224	0.0329	0.00675
2.225	0.03295	0.00525
2.226	0.03295	0.006
2.227	0.033	0.00615
2.228	0.033	0.0057
2.229	0.03305	0.0057
2.23	0.03295	0.006
2.231	0.0329	0.006
2.232	0.03295	0.00555
2.233	0.033	0.00615
2.234	0.03295	0.0054
2.235	0.03295	0.0063
2.236	0.033	0.0057
2.237	0.03295	0.00615
2.238	0.03295	0.006
2.239	0.03295	0.00615
2.24	0.03295	0.006
2.241	0.033	0.00645
2.242	0.033	0.0063
2.243	0.03295	0.0051
2.244	0.033	0.00585
2.245	0.0329	0.00585
2.246	0.03295	0.0054
2.247	0.0329	0.0057
2.248	0.033	0.0051
2.249	0.0329	0.00525
2.25	0.03295	0.00585
2.251	0.03295	0.00555
2.252	0.03295	0.0063
2.253	0.033	0.0057
2.254	0.03295	0.00555
2.255	0.03295	0.00615
2.256	0.033	0.006
2.257	0.03295	0.00525
2.258	0.033	0.0057
2.259	0.03295	0.00555
2.26	0.03295	0.00525
2.261	0.03295	0.006
2.262	0.033	0.00555
2.263	0.033	0.0054
2.264	0.03295	0.00495
2.265	0.0329	0.00525
2.266	0.03295	0.00555
2.267	0.03295	0.00555
2.268	0.033	0.00525
2.269	0.03295	0.0054
2.27	0.033	0.00585
2.271	0.033	0.0054
2.272	0.03295	0.0057
2.273	0.03305	0.00615
2.274	0.03295	0.006
2.275	0.0329	0.0057
2.276	0.03295	0.0057
2.277	0.033	0.0054
2.278	0.03295	0.00525
2.279	0.0329	0.0051
2.28	0.033	0.00525
2.281	0.03295	0.00525
2.282	0.033	0.0048
2.283	0.03295	
2.284	0.03295	
2.285	0.03295	
2.286	0.03295	
2.287	0.03295	
2.288	0.0329	
2.289	0.03295	
2.29	0.033	
2.291	0.03295	
