MIN=0	-0.1	-0.3
MAX=4.52548339959391	0.1	0.3
SCALE=0.1	0.05	0.1
DEC=3	4	4
DEF="Time" t / s	"Current" I_A1 / A	"Voltage" U_B1 / V
0	0	-0.00045
0.001	-5E-05	-0.0009
0.002	0	0
0.003	0	0
0.004	0	-0.0006
0.005	0	-0.00045
0.006	-5E-05	0.0003
0.007	0	0.0003
0.008	-5E-05	-0.00045
0.009	0	-0.0006
0.01	0	0
0.011	0	0.0003
0.012	0	0.0003
0.013	0	-0.00045
0.014	0	0.00015
0.015	0	-0.00015
0.016	0	0.00015
0.017	-5E-05	-0.00045
0.018	0	-0.0003
0.019	0	-0.00015
0.02	0	0
0.021	-5E-05	-0.0003
0.022	0	-0.0012
0.023	0	-0.0006
0.024	0	0.00015
0.025	0	0
0.026	0	-0.0003
0.027	0	-0.00045
0.028	0	0
0.029	0	0.0003
0.03	-5E-05	-0.00015
0.031	0	-0.0003
0.032	-5E-05	-0.00045
0.033	0	-0.0003
0.034	-5E-05	-0.0006
0.035	-5E-05	-0.00045
0.036	0	-0.0006
0.037	0	-0.0006
0.038	0	-0.00045
0.039	-5E-05	-0.0009
0.04	0	-0.0006
0.041	0	-0.00075
0.042	-5E-05	-0.00075
0.043	0	-0.0006
0.044	0	-0.0003
0.045	-5E-05	-0.00075
0.046	-5E-05	-0.0003
0.047	0	-0.0003
0.048	5E-05	-0.00045
0.049	-5E-05	-0.0003
0.05	0	-0.00075
0.051	-5E-05	-0.00135
0.052	0	-0.00045
0.053	0	-0.00105
0.054	0	-0.0009
0.055	0	-0.0006
0.056	0	-0.0006
0.057	0	-0.00045
0.058	-5E-05	-0.0003
0.059	-5E-05	-0.00105
0.06	0	-0.00045
0.061	-5E-05	-0.00045
0.062	0	-0.0006
0.063	-5E-05	-0.00045
0.064	-5E-05	-0.00045
0.065	0	-0.00075
0.066	0	0.00015
0.067	0	-0.00015
0.068	0	-0.00105
0.069	0	-0.00075
0.07	-5E-05	-0.0009
0.071	0	-0.0012
0.072	0	-0.0003
0.073	0	-0.0009
0.074	0	-0.00075
0.075	0	-0.00045
0.076	0	-0.0003
0.077	0	-0.00075
0.078	-5E-05	-0.0003
0.079	-5E-05	-0.00075
0.08	0	-0.00075
0.081	0	-0.00075
0.082	-5E-05	-0.00075
0.083	0	-0.0003
0.084	0	-0.00045
0.085	-5E-05	-0.00075
0.086	0	-0.00105
0.087	-5E-05	-0.00045
0.088	0	-0.00075
0.089	0	-0.0009
0.09	0	-0.0003
0.091	0	-0.00075
0.092	-5E-05	-0.0003
0.093	-5E-05	-0.0003
0.094	0	-0.0006
0.095	0	-0.00015
0.096	-5E-05	0
0.097	0	-0.0006
0.098	-5E-05	0
0.099	0	-0.0003
0.1	0	-0.0003
0.101	0	-0.00075
0.102	-5E-05	-0.0009
0.103	0	-0.0009
0.104	-5E-05	-0.00075
0.105	0	-0.00075
0.106	0	-0.00105
0.107	0	-0.0003
0.108	-5E-05	-0.00075
0.109	0	-0.00045
0.11	0	-0.0003
0.111	0	-0.00075
0.112	0	-0.00045
0.113	0	-0.00015
0.114	0	-0.00075
0.115	-5E-05	-0.0003
0.116	0	-0.00015
0.117	-5E-05	-0.0006
0.118	-5E-05	-0.00045
0.119	0	-0.0009
0.12	-5E-05	-0.00075
0.121	0	-0.00075
0.122	0	-0.0012
0.123	0	-0.00105
0.124	0	-0.0009
0.125	-5E-05	-0.00075
0.126	0	-0.0003
0.127	0	-0.00015
0.128	-5E-05	-0.00045
0.129	0	-0.00045
0.13	-5E-05	-0.0003
0.131	0	-0.00075
0.132	-5E-05	-0.00045
0.133	0	-0.0003
0.134	0	-0.0006
0.135	-5E-05	-0.0006
0.136	0	-0.0006
0.137	-5E-05	-0.0009
0.138	0	-0.0006
0.139	-5E-05	-0.0009
0.14	0	-0.00075
0.141	0	-0.0009
0.142	0	-0.00075
0.143	0	-0.00075
0.144	0	-0.0003
0.145	-5E-05	-0.00075
0.146	5E-05	-0.00045
0.147	0	-0.0006
0.148	-5E-05	-0.00105
0.149	0	-0.00045
0.15	-5E-05	-0.00075
0.151	0	-0.0012
0.152	0	-0.0012
0.153	0	-0.0009
0.154	0	-0.0006
0.155	-5E-05	-0.0006
0.156	-5E-05	-0.00105
0.157	0	-0.0015
0.158	-5E-05	-0.00105
0.159	-5E-05	-0.00135
0.16	0	-0.00075
0.161	-5E-05	-0.00015
0.162	0	-0.00075
0.163	0	-0.00075
0.164	0	-0.00015
0.165	0	-0.00075
0.166	0	-0.0006
0.167	0	-0.0006
0.168	-5E-05	-0.0012
0.169	0	-0.00135
0.17	0	-0.0009
0.171	-5E-05	-0.00105
0.172	0	-0.0009
0.173	-5E-05	-0.00135
0.174	0	-0.0015
0.175	0	-0.00105
0.176	0	-0.0006
0.177	0	-0.0009
0.178	-5E-05	-0.00075
0.179	0	-0.00075
0.18	-5E-05	-0.0012
0.181	0	-0.00075
0.182	-5E-05	-0.0009
0.183	0	-0.0009
0.184	-5E-05	-0.00075
0.185	0	-0.00135
0.186	0	-0.0009
0.187	-5E-05	-0.00135
0.188	-5E-05	-0.0012
0.189	0	-0.0009
0.19	0	-0.00105
0.191	0	-0.00135
0.192	-5E-05	-0.0009
0.193	-5E-05	-0.0009
0.194	-5E-05	-0.0006
0.195	0	-0.0003
0.196	0	-0.0003
0.197	-5E-05	-0.00075
0.198	0	-0.0009
0.199	0	-0.0003
0.2	0	-0.00045
0.201	-5E-05	-0.0006
0.202	0	-0.00105
0.203	0	-0.0009
0.204	-5E-05	-0.00075
0.205	0	-0.00045
0.206	-5E-05	-0.00075
0.207	0	-0.0003
0.208	0	-0.00135
0.209	0	-0.0003
0.21	0	0
0.211	-5E-05	0
0.212	0	0.0003
0.213	-5E-05	-0.00015
0.214	0	-0.0009
0.215	0	-0.00015
0.216	0	0.00015
0.217	0	0
0.218	0	-0.00015
0.219	0	-0.0009
0.22	0	-0.0003
0.221	-5E-05	0.0003
0.222	0	-0.00045
0.223	0	-0.00045
0.224	0	-0.00075
0.225	-5E-05	0
0.226	0	-0.00015
0.227	0	0.0003
0.228	0	0
0.229	0	-0.00045
0.23	-5E-05	0
0.231	-5E-05	0.00015
0.232	0	0
0.233	0	0.00015
0.234	0	0.0003
0.235	0	-0.0003
0.236	0	-0.00045
0.237	-5E-05	-0.0006
0.238	0	0
0.239	-5E-05	-0.00015
0.24	0	-0.0003
0.241	-5E-05	0.00015
0.242	0	-0.0003
0.243	0	-0.00045
0.244	-5E-05	0
0.245	0	0
0.246	0	-0.00015
0.247	0	0.0003
0.248	0	0
0.249	0	0.0003
0.25	-5E-05	-0.0003
0.251	0	0.00045
0.252	0	-0.00045
0.253	-5E-05	-0.00045
0.254	-5E-05	-0.00105
0.255	-5E-05	-0.00045
0.256	-5E-05	0
0.257	0	-0.00045
0.258	0	-0.00015
0.259	0	-0.00015
0.26	0	-0.0003
0.261	0	0.00015
0.262	-5E-05	-0.0003
0.263	-5E-05	-0.0003
0.264	0	0
0.265	0	-0.00045
0.266	0	-0.0003
0.267	0	0.0003
0.268	0	-0.00045
0.269	-5E-05	-0.0003
0.27	-5E-05	-0.00045
0.271	0	-0.00135
0.272	-5E-05	-0.00045
0.273	-5E-05	-0.00075
0.274	0	-0.00075
0.275	-5E-05	0
0.276	0	0.00015
0.277	-5E-05	-0.0003
0.278	0	0.00015
0.279	-5E-05	0.00015
0.28	-5E-05	-0.00015
0.281	0	-0.0003
0.282	0	0
0.283	0	0
0.284	-5E-05	-0.00075
0.285	0	-0.00045
0.286	0	-0.00045
0.287	-5E-05	0.00015
0.288	0	-0.00045
0.289	-5E-05	-0.00045
0.29	0	-0.00015
0.291	0	-0.0006
0.292	0	-0.00075
0.293	0	0.00015
0.294	-5E-05	0.00015
0.295	5E-05	-0.0003
0.296	0	0.00015
0.297	0	0
0.298	0	0
0.299	0	0
0.3	-5E-05	-0.00045
0.301	0	0
0.302	0	0
0.303	0	-0.0006
0.304	0	-0.0003
0.305	0	0.0003
0.306	0	-0.0003
0.307	-5E-05	0.0003
0.308	-5E-05	-0.0006
0.309	0	-0.0003
0.31	0	0.00015
0.311	0	-0.00015
0.312	0	0
0.313	-5E-05	-0.00015
0.314	5E-05	0
0.315	0	0.00015
0.316	0	0.0003
0.317	-5E-05	-0.0003
0.318	0	-0.0003
0.319	-5E-05	-0.00015
0.32	0	-0.0006
0.321	0	-0.00045
0.322	-5E-05	-0.00045
0.323	0	-0.00075
0.324	0	0
0.325	0	0.00015
0.326	0	-0.00015
0.327	-5E-05	-0.00075
0.328	0	0
0.329	0	-0.00015
0.33	0	0.00045
0.331	-5E-05	0
0.332	-5E-05	-0.0006
0.333	0	-0.00015
0.334	0	-0.0009
0.335	0	-0.00045
0.336	-5E-05	-0.00015
0.337	0	-0.00045
0.338	-5E-05	-0.00105
0.339	-5E-05	-0.0003
0.34	0	-0.00045
0.341	-5E-05	-0.00015
0.342	0	-0.00015
0.343	0	-0.0006
0.344	0	-0.00045
0.345	-5E-05	0.00015
0.346	0	-0.0003
0.347	-5E-05	0.00015
0.348	0	0.0006
0.349	0	-0.0003
0.35	-5E-05	-0.00045
0.351	0	-0.00075
0.352	0	-0.0006
0.353	0	-0.0003
0.354	0	-0.00075
0.355	-5E-05	-0.0015
0.356	0	-0.0003
0.357	-5E-05	-0.0003
0.358	-5E-05	-0.0006
0.359	0	-0.00015
0.36	-5E-05	-0.00075
0.361	-5E-05	-0.00045
0.362	0	-0.0006
0.363	0	-0.0006
0.364	0	-0.00045
0.365	-5E-05	-0.00045
0.366	0	-0.0003
0.367	-5E-05	-0.00015
0.368	0	-0.0006
0.369	0	-0.00135
0.37	-5E-05	-0.0012
0.371	0	-0.0012
0.372	-5E-05	-0.0009
0.373	-5E-05	-0.0009
0.374	0	-0.0009
0.375	0	-0.00075
0.376	-5E-05	-0.0012
0.377	0	-0.00075
0.378	0	-0.0006
0.379	-5E-05	-0.0003
0.38	0	-0.0012
0.381	0	-0.0015
0.382	-5E-05	-0.00075
0.383	-5E-05	-0.00075
0.384	0	-0.0006
0.385	0	-0.0009
0.386	0	-0.0012
0.387	0	-0.0009
0.388	0	-0.00105
0.389	0	-0.00105
0.39	-5E-05	-0.00045
0.391	-5E-05	-0.0009
0.392	0	-0.00165
0.393	-5E-05	-0.0009
0.394	0	-0.0006
0.395	-5E-05	-0.0009
0.396	0	-0.00045
0.397	0	-0.00195
0.398	0	-0.0006
0.399	0	-0.00045
0.4	0	-0.0006
0.401	0	-0.00105
0.402	0	-0.0006
0.403	-5E-05	-0.0012
0.404	0	-0.00075
0.405	-5E-05	-0.0012
0.406	0	-0.0018
0.407	0	-0.00075
0.408	0	-0.00075
0.409	0	-0.00075
0.41	-5E-05	-0.00075
0.411	0	-0.0003
0.412	0	-0.00015
0.413	0	0.00045
0.414	0	-0.00045
0.415	-5E-05	-0.0015
0.416	0	-0.00045
0.417	0	-0.0006
0.418	0	-0.00135
0.419	-5E-05	-0.0006
0.42	0	-0.0006
0.421	0	-0.00075
0.422	0	-0.0003
0.423	0	-0.00135
0.424	0	-0.0012
0.425	0	-0.00045
0.426	-5E-05	-0.00045
0.427	0	-0.00045
0.428	0	-0.0003
0.429	0	0
0.43	0	0.0003
0.431	0	0.00015
0.432	0	-0.0015
0.433	-5E-05	-0.00015
0.434	-5E-05	-0.00015
0.435	0	-0.00105
0.436	0	-0.00015
0.437	0	-0.0006
0.438	0	-0.0006
0.439	-5E-05	-0.00075
0.44	0	-0.0003
0.441	0	-0.0009
0.442	-5E-05	-0.00045
0.443	-5E-05	-0.00075
0.444	0	0.00015
0.445	-5E-05	0.00045
0.446	0	-0.00045
0.447	0	-0.00015
0.448	0	-0.00015
0.449	-5E-05	-0.00015
0.45	0	-0.0003
0.451	0	-0.00045
0.452	0	-0.0009
0.453	-5E-05	-0.00075
0.454	0	-0.0003
0.455	0	0
0.456	0	0.00015
0.457	0	-0.00075
0.458	0	-0.0006
0.459	-5E-05	-0.00015
0.46	0	-0.00075
0.461	-5E-05	-0.00015
0.462	0	0.0003
0.463	0	0.00015
0.464	0	-0.0003
0.465	0	0.00015
0.466	0	-0.0003
0.467	0	-0.00015
0.468	-5E-05	-0.0006
0.469	0	-0.00075
0.47	0	-0.0009
0.471	0	-0.0006
0.472	-5E-05	-0.00045
0.473	-5E-05	0
0.474	0	-0.00045
0.475	0	-0.00075
0.476	-5E-05	0
0.477	0	-0.00015
0.478	-5E-05	-0.0009
0.479	0	-0.00015
0.48	0	-0.0003
0.481	0	-0.00045
0.482	0	0
0.483	-5E-05	0.00015
0.484	0	-0.00045
0.485	-5E-05	0
0.486	0	-0.0012
0.487	-5E-05	-0.00075
0.488	0	-0.00045
0.489	-5E-05	-0.00135
0.49	0	-0.0003
0.491	0	-0.0003
0.492	0	-0.0006
0.493	5E-05	-0.00045
0.494	0	0
0.495	-5E-05	-0.0006
0.496	-5E-05	-0.00015
0.497	-5E-05	-0.00015
0.498	0	-0.00015
0.499	-5E-05	0.00015
0.5	0	-0.00045
0.501	-5E-05	-0.0003
0.502	-5E-05	-0.00105
0.503	5E-05	-0.00015
0.504	0	-0.0003
0.505	0	-0.0003
0.506	-5E-05	-0.00075
0.507	0	-0.00045
0.508	-5E-05	0
0.509	0	-0.0006
0.51	0	0.0003
0.511	-5E-05	-0.00045
0.512	0	-0.00015
0.513	0	0.0003
0.514	0	0.00015
0.515	0	-0.0003
0.516	-5E-05	-0.0003
0.517	0	-0.0003
0.518	-5E-05	-0.0006
0.519	0	-0.00015
0.52	0	-0.00015
0.521	0	-0.00075
0.522	0	-0.0003
0.523	0	-0.0009
0.524	0	-0.00015
0.525	-5E-05	0.00015
0.526	0	-0.0006
0.527	0	-0.0003
0.528	0	0
0.529	0	-0.00015
0.53	-5E-05	0.00015
0.531	0	0
0.532	0	-0.0006
0.533	0	0
0.534	0	0.00015
0.535	0	-0.00015
0.536	0	-0.0003
0.537	0	-0.00075
0.538	0	-0.00075
0.539	-5E-05	-0.0006
0.54	-5E-05	-0.0006
0.541	0	0.00015
0.542	-5E-05	0.0003
0.543	0	-0.0009
0.544	-5E-05	-0.00075
0.545	0	0.0006
0.546	0	-0.00015
0.547	0	-0.00015
0.548	0	-0.00045
0.549	-5E-05	-0.0003
0.55	0	-0.0003
0.551	5E-05	0
0.552	0	0
0.553	0	0.00015
0.554	-5E-05	-0.00075
0.555	0	-0.00015
0.556	0	-0.00045
0.557	0	-0.0006
0.558	0	-0.0006
0.559	-5E-05	0.00015
0.56	0	0
0.561	0	-0.0003
0.562	-5E-05	0.0003
0.563	0	0.00015
0.564	0	0.00015
0.565	0	-0.0006
0.566	0	-0.00015
0.567	0	-0.0003
0.568	-5E-05	-0.00045
0.569	0	-0.0003
0.57	0	-0.00045
0.571	-5E-05	-0.00045
0.572	-5E-05	-0.0012
0.573	-5E-05	-0.0003
0.574	0	-0.00045
0.575	0	-0.0009
0.576	0	-0.00045
0.577	-5E-05	-0.0003
0.578	-5E-05	-0.00045
0.579	0	-0.0003
0.58	0	-0.00075
0.581	0	-0.0012
0.582	-5E-05	-0.00015
0.583	0	-0.00075
0.584	0	-0.0009
0.585	-5E-05	-0.0009
0.586	0	-0.0015
0.587	-5E-05	-0.00075
0.588	-5E-05	0.00015
0.589	0	-0.0006
0.59	0	-0.00045
0.591	0	-0.0006
0.592	-5E-05	-0.0009
0.593	0	-0.00075
0.594	0	-0.00075
0.595	-5E-05	-0.00045
0.596	0	-0.0006
0.597	-5E-05	-0.00045
0.598	0	-0.00075
0.599	0	0.0003
0.6	0	-0.0006
0.601	-5E-05	-0.00075
0.602	-5E-05	-0.0006
0.603	0	-0.0009
0.604	0	-0.0015
0.605	-5E-05	-0.0009
0.606	0	-0.0009
0.607	0	-0.0006
0.608	0	0
0.609	0	-0.00045
0.61	-5E-05	-0.0009
0.611	-5E-05	-0.0006
0.612	0	-0.00075
0.613	0	-0.00015
0.614	0	-0.0006
0.615	-5E-05	-0.0012
0.616	-5E-05	-0.00105
0.617	0	0
0.618	0	0.0003
0.619	0	-0.00075
0.62	-5E-05	-0.0009
0.621	0	-0.00135
0.622	0	-0.0009
0.623	0	-0.0003
0.624	0	-0.00045
0.625	-5E-05	-0.00015
0.626	0	-0.0006
0.627	0	-0.0003
0.628	-5E-05	0
0.629	0	0.0003
0.63	0	0
0.631	0	-0.0006
0.632	0	-0.0006
0.633	0	-0.0006
0.634	0	0.00015
0.635	0	-0.00015
0.636	0	-0.0006
0.637	0	-0.0012
0.638	-5E-05	0
0.639	0	0.00015
0.64	-5E-05	0.00015
0.641	0	-0.00045
0.642	-5E-05	-0.00045
0.643	0	-0.00015
0.644	-5E-05	-0.00015
0.645	-5E-05	-0.00015
0.646	0	-0.0003
0.647	0	-0.00015
0.648	-5E-05	0.00045
0.649	0	0.0006
0.65	-5E-05	-0.00015
0.651	0	-0.0003
0.652	0	-0.00045
0.653	-5E-05	-0.00045
0.654	-5E-05	-0.0006
0.655	0	-0.00075
0.656	0	-0.0009
0.657	-5E-05	0
0.658	-5E-05	-0.0006
0.659	-5E-05	0
0.66	0	0.0003
0.661	0	-0.00015
0.662	0	0
0.663	0	0.00015
0.664	0	-0.0003
0.665	0	-0.0003
0.666	0	-0.00045
0.667	-5E-05	-0.00045
0.668	-5E-05	0
0.669	-5E-05	0
0.67	0	-0.00045
0.671	0	-0.00045
0.672	0	-0.00015
0.673	-5E-05	-0.00075
0.674	0	-0.0003
0.675	0	-0.00075
0.676	0	-0.00075
0.677	0	-0.00015
0.678	-5E-05	-0.0003
0.679	-5E-05	-0.0003
0.68	-5E-05	0
0.681	0	-0.0003
0.682	-5E-05	-0.0003
0.683	-5E-05	-0.0003
0.684	0	-0.00105
0.685	0	-0.00045
0.686	-5E-05	-0.0006
0.687	-5E-05	-0.00045
0.688	-5E-05	-0.00075
0.689	0	-0.0003
0.69	0	-0.00105
0.691	-5E-05	-0.00105
0.692	0	-0.00045
0.693	0	-0.0006
0.694	0	-0.00015
0.695	0	-0.00015
0.696	0	-0.00015
0.697	-5E-05	-0.00015
0.698	-5E-05	-0.00045
0.699	0	-0.00075
0.7	-5E-05	-0.00045
0.701	-5E-05	-0.00105
0.702	0	-0.00075
0.703	0	0
0.704	0	-0.00015
0.705	0	-0.00015
0.706	0	-0.0006
0.707	-5E-05	-0.0006
0.708	0	-0.0009
0.709	0	0
0.71	-5E-05	-0.0006
0.711	-5E-05	-0.00015
0.712	0	-0.0003
0.713	0	-0.00015
0.714	0	0.00045
0.715	0	-0.0006
0.716	0	-0.00045
0.717	0	-0.00015
0.718	0	-0.0006
0.719	0	-0.0006
0.72	0	-0.00045
0.721	-5E-05	-0.00105
0.722	-5E-05	-0.00045
0.723	0	-0.0006
0.724	0	-0.0006
0.725	0	-0.00015
0.726	-5E-05	-0.0006
0.727	-5E-05	-0.00045
0.728	0	0
0.729	-5E-05	0
0.73	0	-0.0003
0.731	-5E-05	0.00075
0.732	0	-0.00015
0.733	0	-0.00015
0.734	-5E-05	-0.00015
0.735	0	-0.00045
0.736	-5E-05	-0.00105
0.737	0	-0.0006
0.738	0	-0.0003
0.739	0	-0.00015
0.74	0	-0.00015
0.741	0	-0.0006
0.742	0	-0.00015
0.743	-5E-05	0.00015
0.744	0	-0.0003
0.745	-5E-05	-0.00045
0.746	0	0.0003
0.747	0	-0.0003
0.748	0	0
0.749	-5E-05	0
0.75	-5E-05	-0.00075
0.751	0	-0.0006
0.752	0	-0.0003
0.753	0	-0.00075
0.754	0	-0.00045
0.755	-5E-05	-0.00045
0.756	0	-0.00135
0.757	0	-0.0003
0.758	0	-0.00045
0.759	-5E-05	-0.00045
0.76	0	0.00015
0.761	0	-0.0003
0.762	0	-0.0003
0.763	0	0.00015
0.764	-5E-05	-0.00015
0.765	0	-0.0006
0.766	-5E-05	0.00015
0.767	-5E-05	-0.0009
0.768	0	-0.00075
0.769	-5E-05	-0.00015
0.77	0	-0.0009
0.771	0	-0.0006
0.772	-5E-05	-0.0006
0.773	-5E-05	-0.00075
0.774	-5E-05	-0.00015
0.775	-5E-05	-0.00015
0.776	-5E-05	-0.0006
0.777	0	-0.00045
0.778	0	-0.0006
0.779	0	-0.00105
0.78	0	0
0.781	0	-0.00015
0.782	0	-0.0003
0.783	-5E-05	-0.00015
0.784	0	-0.00045
0.785	-5E-05	-0.0006
0.786	0	-0.0003
0.787	-5E-05	-0.00075
0.788	-5E-05	-0.0015
0.789	-5E-05	-0.0006
0.79	0	-0.00045
0.791	0	-0.00075
0.792	0	-0.0003
0.793	-5E-05	-0.0006
0.794	0	-0.00075
0.795	-5E-05	-0.00045
0.796	0	-0.00075
0.797	-5E-05	-0.0003
0.798	0	-0.0003
0.799	0	-0.0009
0.8	-5E-05	-0.00045
0.801	0	-0.00015
0.802	-5E-05	-0.00075
0.803	-5E-05	-0.0006
0.804	0	-0.00105
0.805	-5E-05	-0.0009
0.806	0	-0.00075
0.807	0	-0.0006
0.808	0	-0.00045
0.809	0	0
0.81	0	-0.00045
0.811	0	-0.0003
0.812	0	-0.00045
0.813	0	-0.00045
0.814	0	-0.00015
0.815	-5E-05	-0.0006
0.816	0	-0.00105
0.817	0	-0.0006
0.818	5E-05	-0.0003
0.819	0	-0.00045
0.82	0	-0.00075
0.821	0	-0.0009
0.822	0	-0.0006
0.823	0	-0.00015
0.824	0	-0.0009
0.825	0	-0.0009
0.826	-5E-05	-0.0006
0.827	0	-0.0009
0.828	0	-0.0006
0.829	0	0.00015
0.83	0	-0.0006
0.831	-5E-05	-0.00015
0.832	0	-0.00015
0.833	-5E-05	-0.0009
0.834	0	-0.0006
0.835	-5E-05	-0.00075
0.836	-5E-05	-0.0009
0.837	0	-0.00075
0.838	0	-0.0006
0.839	0	-0.0009
0.84	-5E-05	-0.0003
0.841	0	-0.00045
0.842	0	-0.0006
0.843	-5E-05	-0.00015
0.844	0	-0.00045
0.845	0	-0.00045
0.846	0	-0.00015
0.847	0	-0.00015
0.848	0	-0.00075
0.849	0	-0.0003
0.85	0	-0.0012
0.851	0	-0.00045
0.852	-5E-05	-0.0003
0.853	-5E-05	-0.00075
0.854	-5E-05	-0.00075
0.855	-5E-05	-0.0006
0.856	0	-0.00075
0.857	0	-0.0006
0.858	0	-0.00015
0.859	-5E-05	-0.00105
0.86	0	-0.00015
0.861	0	-0.0006
0.862	0	-0.00045
0.863	0	-0.00015
0.864	0	-0.0003
0.865	-5E-05	-0.00045
0.866	0	-0.0003
0.867	0	-0.0006
0.868	-5E-05	-0.00105
0.869	0	-0.00045
0.87	0	-0.0012
0.871	0	-0.00045
0.872	0	-0.0006
0.873	-5E-05	-0.00045
0.874	-5E-05	-0.0006
0.875	0	-0.00045
0.876	0	-0.0009
0.877	-5E-05	-0.00075
0.878	0	-0.00015
0.879	0	-0.00015
0.88	0	-0.00015
0.881	-5E-05	-0.00015
0.882	0	-0.00045
0.883	0	-0.0003
0.884	0	-0.0006
0.885	0	-0.0006
0.886	-5E-05	-0.00045
0.887	0	-0.0006
0.888	0	-0.0006
0.889	0	-0.0003
0.89	0	-0.00045
0.891	0	-0.0006
0.892	0	-0.00045
0.893	0	-0.0003
0.894	0	-0.0003
0.895	0	0
0.896	-5E-05	-0.00045
0.897	0	-0.00045
0.898	-5E-05	-0.0003
0.899	-5E-05	-0.0006
0.9	-5E-05	-0.00015
0.901	0	-0.0006
0.902	0	-0.00075
0.903	0	-0.0003
0.904	0	-0.00075
0.905	0	-0.0009
0.906	0	-0.00045
0.907	0	-0.00075
0.908	0	-0.0006
0.909	0	-0.00015
0.91	0	-0.00015
0.911	0	-0.00045
0.912	-5E-05	0.0003
0.913	0	-0.00045
0.914	0	-0.0003
0.915	0	0.0003
0.916	0	-0.0003
0.917	0	-0.00045
0.918	0	-0.0003
0.919	-5E-05	-0.00075
0.92	0	-0.0006
0.921	0	-0.0003
0.922	-5E-05	-0.0009
0.923	0	-0.00015
0.924	-5E-05	0
0.925	0	-0.0006
0.926	0	-0.00015
0.927	0	0.00015
0.928	0	-0.0009
0.929	0	0
0.93	0	-0.0006
0.931	-5E-05	-0.0006
0.932	0	0
0.933	0	-0.00015
0.934	0	-0.0003
0.935	0	-0.00045
0.936	0	-0.0009
0.937	0	-0.0009
0.938	-5E-05	-0.00015
0.939	0	-0.0009
0.94	0	-0.0009
0.941	-5E-05	0
0.942	0	-0.00045
0.943	-5E-05	-0.00045
0.944	0	-0.00015
0.945	0	-0.00045
0.946	0	-0.00015
0.947	-5E-05	-0.00015
0.948	-5E-05	-0.00105
0.949	0	-0.00015
0.95	0	0
0.951	0	-0.0006
0.952	0	-0.00015
0.953	0	-0.00045
0.954	0	-0.00075
0.955	-5E-05	-0.0003
0.956	0	-0.0006
0.957	-5E-05	-0.00105
0.958	0	0
0.959	-5E-05	-0.00015
0.96	-5E-05	-0.00045
0.961	0	0.00015
0.962	0	0
0.963	0	-0.00015
0.964	0	-0.00015
0.965	-5E-05	-0.00045
0.966	0	-0.0006
0.967	0	-0.00045
0.968	0	-0.00075
0.969	0	-0.00045
0.97	-5E-05	-0.00045
0.971	0	-0.0006
0.972	0	-0.00015
0.973	0	-0.00015
0.974	-5E-05	-0.00045
0.975	-5E-05	-0.0009
0.976	-5E-05	0.0003
0.977	0	-0.00045
0.978	0	0
0.979	0	-0.00015
0.98	0	-0.00045
0.981	-5E-05	0.0003
0.982	0	0.0003
0.983	0	-0.00015
0.984	0	-0.00015
0.985	0	-0.0006
0.986	0	-0.00075
0.987	0	0
0.988	-5E-05	-0.00045
0.989	0	0.00015
0.99	-5E-05	-0.0003
0.991	0	0
0.992	0	0.00015
0.993	-5E-05	0.0003
0.994	0	-0.00045
0.995	-5E-05	0
0.996	-5E-05	-0.00015
0.997	0	-0.0003
0.998	-5E-05	0
0.999	0	-0.0003
1	-5E-05	-0.0003
1.001	0	0.00015
1.002	0	-0.0006
1.003	0	-0.00045
1.004	0	-0.0003
1.005	-5E-05	-0.00075
1.006	0	-0.0003
1.007	-5E-05	-0.00015
1.008	0	-0.0009
1.009	0	-0.0006
1.01	-5E-05	-0.00045
1.011	0	-0.00045
1.012	-5E-05	0.0003
1.013	-5E-05	-0.00045
1.014	0	-0.0009
1.015	0	-0.00075
1.016	0	-0.0006
1.017	0	-0.0006
1.018	0	-0.0009
1.019	0	-0.0009
1.02	0	-0.0012
1.021	-5E-05	-0.0009
1.022	0	-0.0006
1.023	-5E-05	-0.0009
1.024	-5E-05	-0.00135
1.025	0	-0.00135
1.026	-5E-05	-0.00135
1.027	0	-0.0006
1.028	0	0.00015
1.029	0	-0.0006
1.03	-5E-05	-0.00075
1.031	-5E-05	-0.0012
1.032	0	-0.00075
1.033	-5E-05	-0.0006
1.034	-5E-05	-0.0015
1.035	0	-0.0015
1.036	0	-0.00105
1.037	0	-0.0012
1.038	-5E-05	-0.00105
1.039	0	-0.0012
1.04	-5E-05	-0.00105
1.041	0	-0.00045
1.042	-5E-05	-0.00105
1.043	-5E-05	-0.0009
1.044	0	-0.00015
1.045	0	-0.00075
1.046	0	-0.0006
1.047	0	-0.0009
1.048	-5E-05	-0.0012
1.049	0	-0.0006
1.05	0	-0.00015
1.051	0	-0.00075
1.052	0	-0.00105
1.053	0	-0.00045
1.054	0	-0.0009
1.055	0	-0.0003
1.056	0	-0.00105
1.057	-5E-05	-0.0009
1.058	0	0.00015
1.059	-5E-05	-0.0003
1.06	0	-0.00075
1.061	0	-0.0006
1.062	0	-0.0003
1.063	-5E-05	0
1.064	0	-0.00015
1.065	0	-0.00195
1.066	0	-0.00015
1.067	-5E-05	0.00015
1.068	0	-0.0003
1.069	-5E-05	-0.00045
1.07	0	-0.0006
1.071	0	-0.00075
1.072	0	-0.0006
1.073	0	-0.0003
1.074	-5E-05	-0.00045
1.075	0	0
1.076	0	-0.0006
1.077	0	-0.0003
1.078	0	-0.00015
1.079	0	0
1.08	0	-0.00015
1.081	-5E-05	-0.00015
1.082	0	-0.0003
1.083	0	-0.0006
1.084	0	-0.0003
1.085	0	-0.00045
1.086	0	-0.0009
1.087	0	0
1.088	0	-0.0003
1.089	0	-0.0003
1.09	0	-0.0003
1.091	0	-0.00015
1.092	0	-0.00045
1.093	0	-0.0003
1.094	0	-0.0003
1.095	0	-0.00015
1.096	0	0.0006
1.097	-5E-05	-0.0006
1.098	-5E-05	0
1.099	0	-0.00015
1.1	-5E-05	-0.0009
1.101	0	-0.0003
1.102	-5E-05	-0.00075
1.103	-5E-05	-0.00105
1.104	-5E-05	-0.0006
1.105	0	-0.0006
1.106	0	-0.0006
1.107	-5E-05	-0.00105
1.108	0	-0.00105
1.109	0	0
1.11	-5E-05	-0.0003
1.111	0	-0.00045
1.112	0	-0.0006
1.113	0	-0.0003
1.114	0	-0.00045
1.115	0	-0.0006
1.116	-5E-05	-0.0006
1.117	-5E-05	-0.00075
1.118	0	-0.00075
1.119	-5E-05	-0.0012
1.12	0	-0.00105
1.121	0	-0.0009
1.122	0	-0.0003
1.123	0	-0.00075
1.124	0	-0.0006
1.125	0	-0.00045
1.126	-5E-05	-0.0012
1.127	0	-0.0003
1.128	0	-0.00105
1.129	0	-0.00075
1.13	0	-0.00075
1.131	0	-0.00045
1.132	0	-0.0006
1.133	0	-0.00015
1.134	0	-0.00045
1.135	0	-0.0009
1.136	0	-0.00075
1.137	-5E-05	-0.0012
1.138	0	-0.0003
1.139	0	-0.00075
1.14	-5E-05	-0.0009
1.141	0	-0.0009
1.142	-5E-05	-0.0003
1.143	0	-0.0006
1.144	0	-0.0003
1.145	0	-0.00045
1.146	0	-0.0006
1.147	0	-0.0003
1.148	0	-0.0003
1.149	0	-0.00045
1.15	0	-0.00075
1.151	0	-0.00015
1.152	0	-0.00045
1.153	0	-0.0003
1.154	0	-0.0009
1.155	0	-0.00075
1.156	-5E-05	-0.00075
1.157	0	-0.0012
1.158	0	-0.0006
1.159	-5E-05	-0.0003
1.16	0	-0.0003
1.161	0	-0.00045
1.162	0	-0.0003
1.163	-5E-05	0
1.164	0	-0.00015
1.165	0	-0.0003
1.166	0	-0.00015
1.167	0	-0.0003
1.168	0	-0.00045
1.169	0	-0.0006
1.17	-5E-05	-0.0012
1.171	0	-0.0009
1.172	-5E-05	-0.00135
1.173	-5E-05	-0.00075
1.174	0	-0.00045
1.175	-5E-05	0
1.176	0	-0.00015
1.177	0	-0.0003
1.178	0	-0.00015
1.179	0	0.00015
1.18	-5E-05	0
1.181	0	-0.00015
1.182	-5E-05	-0.0003
1.183	-5E-05	-0.0009
1.184	0	-0.0009
1.185	-5E-05	0
1.186	0	-0.0006
1.187	0	-0.0006
1.188	0	-0.0006
1.189	0	-0.0006
1.19	0	0.00015
1.191	0	-0.0006
1.192	0	-0.0006
1.193	-5E-05	0
1.194	0	0
1.195	-5E-05	-0.0003
1.196	0	-0.00015
1.197	-5E-05	-0.0003
1.198	0	-0.0003
1.199	-5E-05	0.00015
1.2	0	-0.00045
1.201	0	0
1.202	0	0
1.203	-5E-05	-0.0006
1.204	0	-0.0006
1.205	0	-0.00045
1.206	-5E-05	0.00015
1.207	0	-0.0003
1.208	0	-0.00015
1.209	0	-0.00045
1.21	0	0.00015
1.211	0	0.0003
1.212	0	-0.0003
1.213	-5E-05	-0.00015
1.214	0	0
1.215	0	-0.00075
1.216	-5E-05	0.0003
1.217	0	0.00015
1.218	0	-0.00045
1.219	0	0
1.22	0	-0.0003
1.221	0	-0.00045
1.222	0	0.00015
1.223	-5E-05	-0.00015
1.224	0	-0.0006
1.225	0	-0.00015
1.226	-5E-05	-0.0006
1.227	0	-0.0006
1.228	0	0.0003
1.229	0	0.00015
1.23	0	0
1.231	0	0
1.232	0	-0.00015
1.233	-5E-05	-0.0006
1.234	0	-0.0009
1.235	-5E-05	-0.0006
1.236	-5E-05	-0.00045
1.237	0	-0.00075
1.238	-5E-05	-0.0006
1.239	-5E-05	-0.0006
1.24	0	-0.0003
1.241	0	-0.00045
1.242	0	-0.0003
1.243	0	-0.0003
1.244	0	-0.0006
1.245	-5E-05	0.00015
1.246	0	0.0003
1.247	0	-0.0003
1.248	0	-0.00045
1.249	-5E-05	-0.00015
1.25	0	-0.00015
1.251	0	-0.0003
1.252	-5E-05	-0.00075
1.253	5E-05	-0.00045
1.254	0	-0.00105
1.255	-5E-05	-0.0006
1.256	-5E-05	-0.00015
1.257	-5E-05	-0.0003
1.258	-5E-05	-0.00075
1.259	-5E-05	0.0003
1.26	0	-0.0003
1.261	0	-0.0009
1.262	0	0.00015
1.263	0	-0.0003
1.264	0	0.00015
1.265	0	-0.0003
1.266	-5E-05	-0.0009
1.267	0	0
1.268	-5E-05	-0.0003
1.269	0	-0.0009
1.27	0	-0.00135
1.271	-5E-05	-0.0003
1.272	0	-0.00075
1.273	-5E-05	-0.0003
1.274	0	-0.0003
1.275	0	-0.00135
1.276	-5E-05	-0.0006
1.277	0	-0.00015
1.278	-5E-05	-0.0006
1.279	-5E-05	-0.00015
1.28	-5E-05	-0.0006
1.281	0	-0.00105
1.282	0	-0.0003
1.283	0	-0.00045
1.284	0	-0.00105
1.285	-5E-05	0
1.286	0	-0.00075
1.287	0	-0.0009
1.288	0	-0.00045
1.289	-5E-05	-0.00075
1.29	-5E-05	-0.0009
1.291	-5E-05	-0.0006
1.292	-5E-05	-0.00105
1.293	0	-0.0006
1.294	0	-0.00075
1.295	-5E-05	-0.0003
1.296	0	-0.00075
1.297	0	-0.0006
1.298	0	-0.0006
1.299	-5E-05	-0.00075
1.3	0	-0.0003
1.301	0	-0.0009
1.302	-5E-05	-0.00045
1.303	-5E-05	-0.00045
1.304	0	-0.00135
1.305	-5E-05	-0.0006
1.306	0	-0.0003
1.307	-5E-05	-0.0006
1.308	0	-0.00075
1.309	-5E-05	-0.0003
1.31	0	-0.0006
1.311	0	0
1.312	-5E-05	-0.0009
1.313	-5E-05	-0.00075
1.314	0	0.0003
1.315	0	-0.00075
1.316	0	-0.00015
1.317	0	-0.0012
1.318	0	-0.00105
1.319	0	-0.00075
1.32	0	-0.00075
1.321	0	-0.00105
1.322	-5E-05	-0.00105
1.323	0	-0.00135
1.324	-5E-05	-0.0012
1.325	0	-0.00015
1.326	-5E-05	-0.0006
1.327	0	-0.00015
1.328	0	-0.00045
1.329	0	-0.00075
1.33	0	-0.00045
1.331	-5E-05	-0.00045
1.332	0	-0.0006
1.333	0	-0.0009
1.334	0	-0.00105
1.335	-5E-05	-0.00135
1.336	-5E-05	-0.0003
1.337	-5E-05	-0.0006
1.338	0	-0.0015
1.339	0	-0.0012
1.34	-5E-05	-0.0006
1.341	0	-0.00075
1.342	0	-0.00045
1.343	0	-0.0003
1.344	0	-0.0006
1.345	-5E-05	-0.0003
1.346	0	-0.0006
1.347	0	-0.0006
1.348	0	-0.00045
1.349	0	-0.0009
1.35	-5E-05	-0.00105
1.351	0	-0.00015
1.352	0	-0.00075
1.353	0	-0.0006
1.354	-5E-05	-0.00045
1.355	-5E-05	-0.00075
1.356	0	-0.0009
1.357	0	-0.00045
1.358	0	-0.00075
1.359	0	-0.00135
1.36	0	-0.00075
1.361	0	-0.00045
1.362	0	-0.00015
1.363	0	-0.0003
1.364	0	-0.0006
1.365	0	-0.00015
1.366	-5E-05	-0.00045
1.367	0	-0.00105
1.368	0	0.00015
1.369	-5E-05	-0.00015
1.37	0	-0.00075
1.371	0	-0.00045
1.372	0	-0.0003
1.373	0	-0.00045
1.374	0	-0.0003
1.375	-5E-05	-0.0006
1.376	0	-0.00045
1.377	0	-0.0006
1.378	-5E-05	-0.0006
1.379	0	0.0006
1.38	0	-0.00045
1.381	0	-0.00045
1.382	0	-0.00015
1.383	-5E-05	-0.00015
1.384	0	-0.0006
1.385	0	-0.0003
1.386	0	-0.00075
1.387	0	-0.00075
1.388	-5E-05	-0.0003
1.389	0	-0.0003
1.39	0	0.00045
1.391	0	0.00015
1.392	0	-0.00015
1.393	0	-0.00015
1.394	0	0.0003
1.395	0	0.00015
1.396	0	0.0003
1.397	0	0.0003
1.398	0	-0.0003
1.399	0	0.0003
1.4	0	0.0006
1.401	0	0
1.402	0	-0.0003
1.403	-5E-05	0
1.404	0	-0.0006
1.405	0	0
1.406	0	0.0006
1.407	0	0.00015
1.408	-5E-05	0.00075
1.409	0	0.0006
1.41	0	0.0003
1.411	0	0.0003
1.412	0	0.00045
1.413	-5E-05	-0.00015
1.414	0	0.00045
1.415	0	0.00015
1.416	0	0.0006
1.417	0	0.0003
1.418	-5E-05	0.00015
1.419	-5E-05	0.00045
1.42	0	0.00015
1.421	-5E-05	-0.0003
1.422	0	-0.00075
1.423	-5E-05	-0.00015
1.424	0	0.00015
1.425	0	0.00075
1.426	-5E-05	0
1.427	0	-0.0006
1.428	0	0.00045
1.429	0	0.0006
1.43	0	0.00015
1.431	0	-0.00015
1.432	0	-0.00045
1.433	0	-0.00015
1.434	0	0.00015
1.435	0	-0.00015
1.436	0	-0.0003
1.437	0	-0.00045
1.438	0	-0.00045
1.439	0	-0.0003
1.44	0	0
1.441	-5E-05	-0.00075
1.442	0	-0.00045
1.443	0	-0.00105
1.444	0	-0.00105
1.445	0	-0.00045
1.446	0	-0.00015
1.447	-5E-05	-0.0003
1.448	0	-0.0009
1.449	-5E-05	-0.00075
1.45	0	-0.00075
1.451	-5E-05	0.0003
1.452	-5E-05	-0.00135
1.453	0	-0.0018
1.454	-5E-05	-0.00135
1.455	0	-0.0009
1.456	-5E-05	-0.00045
1.457	-5E-05	-0.00075
1.458	0	-0.00135
1.459	0	-0.0006
1.46	0	-0.00015
1.461	-5E-05	-0.0012
1.462	0	-0.00075
1.463	0	-0.0012
1.464	0	-0.00045
1.465	0	-0.00135
1.466	-5E-05	-0.00105
1.467	-5E-05	-0.00135
1.468	0	-0.00135
1.469	0	-0.00045
1.47	0	-0.00135
1.471	-5E-05	-0.00135
1.472	-5E-05	-0.0015
1.473	0	-0.0009
1.474	-5E-05	-0.00105
1.475	-5E-05	-0.0006
1.476	0	-0.0009
1.477	-5E-05	-0.0003
1.478	0	-0.0009
1.479	-5E-05	-0.0006
1.48	0	-0.0003
1.481	0	-0.00075
1.482	-5E-05	-0.00105
1.483	0	-0.00075
1.484	0	-0.00075
1.485	-5E-05	-0.0009
1.486	-5E-05	-0.00045
1.487	0	-0.00105
1.488	0	-0.00075
1.489	0	-0.0009
1.49	0	-0.0012
1.491	-5E-05	-0.0009
1.492	0	-0.00075
1.493	0	-0.0006
1.494	-5E-05	-0.00015
1.495	0	-0.0006
1.496	-5E-05	-0.00075
1.497	0	-0.00045
1.498	0	0
1.499	0	-0.0006
1.5	0	-0.0006
1.501	0	-0.0006
1.502	0	-0.0006
1.503	0	-0.0003
1.504	-5E-05	-0.00135
1.505	0	-0.0006
1.506	0	-0.00045
1.507	0	-0.0012
1.508	-5E-05	-0.00075
1.509	0	-0.0006
1.51	0	-0.0006
1.511	0	-0.0006
1.512	0	-0.0003
1.513	0	-0.00105
1.514	-5E-05	-0.0003
1.515	0	0
1.516	0	-0.0006
1.517	-5E-05	-0.00105
1.518	0	-0.00105
1.519	0	-0.0009
1.52	-5E-05	-0.00075
1.521	0	-0.0006
1.522	0	-0.0006
1.523	0	-0.00045
1.524	-5E-05	-0.00105
1.525	0	-0.00075
1.526	0	-0.0006
1.527	-5E-05	-0.00075
1.528	0	-0.0006
1.529	0	-0.0003
1.53	-5E-05	-0.00045
1.531	0	-0.0003
1.532	0	-0.00015
1.533	0	-0.0009
1.534	0	-0.0006
1.535	0	-0.0009
1.536	-5E-05	-0.00105
1.537	-5E-05	-0.0009
1.538	-5E-05	-0.00075
1.539	0	-0.00165
1.54	0	-0.00015
1.541	-5E-05	-0.0009
1.542	0	-0.0009
1.543	0	-0.00045
1.544	0	-0.00045
1.545	0	-0.00045
1.546	-5E-05	-0.0006
1.547	0	-0.0009
1.548	-5E-05	-0.0006
1.549	0	0
1.55	-5E-05	-0.0009
1.551	0	-0.0009
1.552	-5E-05	-0.00075
1.553	0	-0.00105
1.554	0	-0.00075
1.555	-5E-05	-0.00075
1.556	0	-0.00045
1.557	0	-0.0009
1.558	0	-0.0009
1.559	0	-0.0009
1.56	-5E-05	-0.0006
1.561	0	-0.00015
1.562	0	-0.0006
1.563	0	-0.00045
1.564	0	-0.00075
1.565	-5E-05	-0.00075
1.566	0	-0.0009
1.567	0	-0.0009
1.568	0	-0.0012
1.569	0	-0.00075
1.57	-5E-05	-0.00045
1.571	-5E-05	-0.0009
1.572	-5E-05	-0.00075
1.573	0	-0.0012
1.574	-5E-05	-0.0015
1.575	-5E-05	-0.0012
1.576	-5E-05	-0.00075
1.577	0	-0.00045
1.578	0	-0.00045
1.579	0	-0.00075
1.58	-5E-05	-0.00045
1.581	0	-0.0003
1.582	-5E-05	-0.00045
1.583	-5E-05	-0.00105
1.584	0	-0.00165
1.585	0	-0.00045
1.586	-5E-05	-0.0006
1.587	0	-0.00075
1.588	0	-0.0012
1.589	0	-0.00075
1.59	-5E-05	-0.0012
1.591	0	-0.00045
1.592	0	-0.00105
1.593	-5E-05	-0.0012
1.594	0	-0.0003
1.595	0	-0.0003
1.596	0	-0.00075
1.597	0	-0.0003
1.598	-5E-05	-0.00045
1.599	-5E-05	-0.0006
1.6	0	-0.0009
1.601	0	-0.00135
1.602	0	-0.00105
1.603	-5E-05	-0.0003
1.604	-5E-05	-0.00105
1.605	0	-0.00105
1.606	0	-0.0006
1.607	-5E-05	-0.00075
1.608	0	-0.00015
1.609	-5E-05	-0.0006
1.61	0	-0.0009
1.611	0	-0.0006
1.612	0	-0.00015
1.613	-5E-05	-0.00015
1.614	0	-0.00045
1.615	0	-0.0006
1.616	0	-0.00075
1.617	0	-0.00045
1.618	-5E-05	-0.0003
1.619	-5E-05	-0.00075
1.62	0	-0.0003
1.621	-5E-05	-0.0006
1.622	0	-0.0009
1.623	-5E-05	-0.00015
1.624	0	0
1.625	0	-0.0006
1.626	-5E-05	0.0003
1.627	0	-0.00015
1.628	0	-0.0003
1.629	0	-0.00015
1.63	0	-0.00015
1.631	0	-0.00045
1.632	0	-0.0003
1.633	0	-0.0006
1.634	0	-0.0003
1.635	0	-0.00015
1.636	0	-0.00075
1.637	-5E-05	-0.00075
1.638	0	-0.00045
1.639	0	-0.0006
1.64	0	-0.00075
1.641	0	-0.00045
1.642	0	-0.00045
1.643	0	-0.00015
1.644	0	-0.00045
1.645	0	-0.00045
1.646	0	-0.00015
1.647	0	0
1.648	0	-0.0006
1.649	0	0
1.65	-5E-05	-0.00045
1.651	-5E-05	-0.00015
1.652	0	-0.0003
1.653	0	-0.0006
1.654	0	-0.00075
1.655	-5E-05	-0.0006
1.656	0	-0.00075
1.657	0	-0.00045
1.658	-5E-05	-0.00015
1.659	0	-0.0006
1.66	0	0
1.661	0	0.0003
1.662	0	-0.0003
1.663	0	-0.0003
1.664	0	-0.0003
1.665	0	-0.0003
1.666	-5E-05	-0.00015
1.667	0	-0.0006
1.668	0	-0.00075
1.669	0	-0.0003
1.67	-5E-05	-0.00045
1.671	-5E-05	-0.0009
1.672	0	-0.00075
1.673	0	-0.00045
1.674	-5E-05	-0.0003
1.675	0	-0.0003
1.676	0	-0.00075
1.677	0	-0.0003
1.678	0	0
1.679	-5E-05	-0.0006
1.68	0	-0.00015
1.681	-5E-05	-0.00015
1.682	0	-0.00045
1.683	0	-0.0003
1.684	0	-0.0006
1.685	-5E-05	-0.0006
1.686	0	-0.0003
1.687	0	-0.0006
1.688	-5E-05	-0.00075
1.689	0	-0.0006
1.69	0	-0.00015
1.691	0	0
1.692	0	-0.0003
1.693	0	-0.0003
1.694	-5E-05	-0.0003
1.695	0	0
1.696	0	0
1.697	0	-0.0006
1.698	0	-0.0003
1.699	-5E-05	-0.00015
1.7	0	-0.00015
1.701	0	-0.00015
1.702	-5E-05	-0.00075
1.703	0	-0.0006
1.704	0	-0.0006
1.705	-5E-05	-0.0006
1.706	0	-0.0006
1.707	0	-0.0003
1.708	0	-0.00045
1.709	-5E-05	0.0003
1.71	0	-0.0003
1.711	0	-0.0003
1.712	0	0.00015
1.713	0	-0.00015
1.714	0	-0.00075
1.715	0	-0.0003
1.716	0	-0.0003
1.717	0	-0.00015
1.718	-5E-05	-0.00045
1.719	0	-0.0006
1.72	0	-0.0006
1.721	0	-0.0003
1.722	-5E-05	-0.0006
1.723	0	-0.00075
1.724	0	-0.0006
1.725	0	-0.00075
1.726	0	-0.00045
1.727	0	-0.00045
1.728	-5E-05	-0.0003
1.729	0	0.00015
1.73	0	-0.0003
1.731	0	-0.00015
1.732	-5E-05	0
1.733	-5E-05	-0.0003
1.734	0	-0.00075
1.735	-5E-05	-0.00075
1.736	0	-0.00105
1.737	0	-0.00075
1.738	0	-0.00045
1.739	0	-0.00075
1.74	-5E-05	-0.00045
1.741	0	-0.0006
1.742	-5E-05	-0.0003
1.743	0	-0.00045
1.744	0	-0.0009
1.745	-5E-05	-0.0006
1.746	0	-0.00045
1.747	0	-0.0003
1.748	0	-0.00045
1.749	0	-0.0009
1.75	0	-0.0006
1.751	0	-0.0006
1.752	-5E-05	-0.0009
1.753	0	-0.0012
1.754	0	-0.0012
1.755	0	-0.00075
1.756	0	-0.00045
1.757	-5E-05	-0.0006
1.758	0	-0.00045
1.759	0	-0.0006
1.76	-5E-05	-0.00045
1.761	-5E-05	-0.00015
1.762	0	-0.00015
1.763	0	-0.00075
1.764	-5E-05	-0.0003
1.765	0	-0.00045
1.766	0	-0.00045
1.767	0	-0.0003
1.768	-5E-05	-0.00075
1.769	0	-0.00045
1.77	-5E-05	-0.00105
1.771	0	-0.00045
1.772	5E-05	-0.0006
1.773	0	-0.00045
1.774	0	-0.00075
1.775	0	-0.0003
1.776	-5E-05	-0.0009
1.777	0	-0.0003
1.778	-5E-05	-0.00015
1.779	-5E-05	-0.00045
1.78	0	-0.00015
1.781	-5E-05	-0.0006
1.782	0	-0.0009
1.783	0	-0.0003
1.784	0	-0.00045
1.785	-5E-05	-0.0009
1.786	0	-0.00075
1.787	0	-0.0009
1.788	0	-0.00075
1.789	0	-0.0003
1.79	-5E-05	-0.00105
1.791	0	-0.00135
1.792	0	-0.0009
1.793	-5E-05	-0.0009
1.794	0	-0.0006
1.795	0	-0.0003
1.796	0	-0.00045
1.797	-5E-05	-0.00075
1.798	0	-0.00045
1.799	-5E-05	-0.0006
1.8	0	-0.00075
1.801	0	-0.00075
1.802	-5E-05	-0.00105
1.803	0	-0.0015
1.804	-5E-05	-0.00105
1.805	0	-0.00105
1.806	0	-0.0012
1.807	0	-0.00075
1.808	-5E-05	-0.00135
1.809	0	-0.0009
1.81	0	-0.0003
1.811	0	-0.0012
1.812	0	-0.0003
1.813	0	-0.00045
1.814	0	-0.0009
1.815	0	-0.00105
1.816	0	-0.0009
1.817	-5E-05	-0.00135
1.818	-5E-05	-0.0009
1.819	0	-0.00075
1.82	0	-0.0015
1.821	-5E-05	-0.00075
1.822	0	-0.00075
1.823	0	-0.00075
1.824	-5E-05	-0.0006
1.825	0	-0.00075
1.826	0	-0.00165
1.827	0	-0.0006
1.828	0	-0.0006
1.829	0	-0.00015
1.83	0	-0.00015
1.831	-5E-05	-0.0009
1.832	0	-0.00135
1.833	-5E-05	-0.0003
1.834	-5E-05	-0.0003
1.835	-5E-05	-0.00015
1.836	0	-0.0003
1.837	0	-0.00165
1.838	0	0
1.839	0	-0.0003
1.84	-5E-05	-0.0003
1.841	0	-0.0006
1.842	-5E-05	-0.00045
1.843	0	-0.0003
1.844	-5E-05	0.00015
1.845	0	0.00045
1.846	-5E-05	-0.0003
1.847	-5E-05	-0.0006
1.848	0	-0.00075
1.849	0	0.0006
1.85	0	-0.00015
1.851	0	0.00015
1.852	0	-0.00015
1.853	0	0
1.854	-5E-05	-0.00075
1.855	0	-0.0003
1.856	-5E-05	0.00015
1.857	0	-0.00045
1.858	0	-0.00015
1.859	-5E-05	-0.00015
1.86	0	0.00015
1.861	0	0.00015
1.862	0	0.00015
1.863	0	-0.00015
1.864	-5E-05	0
1.865	0	0
1.866	-5E-05	-0.00075
1.867	0	-0.00015
1.868	0	-0.0006
1.869	0	-0.00045
1.87	0	-0.0003
1.871	0	-0.0006
1.872	0	-0.00045
1.873	-5E-05	-0.00015
1.874	0	-0.0003
1.875	0	-0.0006
1.876	0	-0.0003
1.877	0	-0.00045
1.878	-5E-05	0
1.879	-5E-05	0.00015
1.88	0	-0.00015
1.881	0	-0.00045
1.882	0	-0.00015
1.883	0	-0.00075
1.884	-5E-05	-0.00045
1.885	0	-0.0003
1.886	0	-0.0006
1.887	0	-0.0006
1.888	0	-0.00045
1.889	0	-0.0012
1.89	0	0.0003
1.891	0	-0.0009
1.892	-5E-05	-0.00045
1.893	0	-0.0003
1.894	0	-0.00045
1.895	0	-0.0003
1.896	-5E-05	0
1.897	-5E-05	-0.00075
1.898	0	-0.0009
1.899	-5E-05	-0.00015
1.9	0	-0.0006
1.901	0	-0.00015
1.902	0	-0.0006
1.903	0	-0.00075
1.904	-5E-05	-0.0009
1.905	0	-0.0006
1.906	0	-0.0003
1.907	0	-0.0003
1.908	-5E-05	-0.0003
1.909	0	-0.0003
1.91	-5E-05	-0.00045
1.911	-5E-05	-0.00015
1.912	-5E-05	0
1.913	-5E-05	-0.0003
1.914	0	-0.00015
1.915	0	0.0003
1.916	0	-0.0006
1.917	0	-0.0006
1.918	0	-0.0003
1.919	-5E-05	-0.0003
1.92	-5E-05	-0.00045
1.921	0	-0.00105
1.922	0	-0.00015
1.923	0	-0.0003
1.924	-5E-05	0.00015
1.925	0	-0.00045
1.926	0	-0.0003
1.927	-5E-05	-0.00015
1.928	0	0
1.929	0	0
1.93	-5E-05	-0.00015
1.931	0	0
1.932	-5E-05	0
1.933	0	0
1.934	0	-0.00075
1.935	0	-0.0003
1.936	-5E-05	-0.0003
1.937	0	-0.0006
1.938	-5E-05	-0.00015
1.939	-5E-05	-0.0003
1.94	-5E-05	0
1.941	0	-0.0003
1.942	0	0
1.943	-5E-05	-0.00015
1.944	0	0
1.945	0	-0.0006
1.946	-5E-05	0
1.947	0	0
1.948	0	0
1.949	-5E-05	0.00015
1.95	-5E-05	0
1.951	0	-0.0003
1.952	-5E-05	-0.00075
1.953	0	0
1.954	0	-0.00015
1.955	0	-0.00015
1.956	-5E-05	-0.00015
1.957	0	-0.0006
1.958	0	-0.00015
1.959	0	-0.00015
1.96	-5E-05	-0.00045
1.961	0	-0.00015
1.962	-5E-05	0
1.963	-5E-05	-0.00015
1.964	0	-0.00015
1.965	0	0.00015
1.966	0	0
1.967	0	-0.00045
1.968	-5E-05	-0.00075
1.969	-5E-05	-0.00075
1.97	0	-0.00045
1.971	0	-0.00045
1.972	0	-0.0006
1.973	-5E-05	-0.0006
1.974	0	-0.00015
1.975	-5E-05	-0.00015
1.976	0	0
1.977	0	-0.0003
1.978	0	-0.00045
1.979	0	-0.00015
1.98	0	-0.0003
1.981	5E-05	-0.00045
1.982	0	0
1.983	-5E-05	-0.00075
1.984	-5E-05	-0.0006
1.985	0	0.00015
1.986	0	-0.00045
1.987	0	-0.00045
1.988	-5E-05	-0.0009
1.989	-5E-05	-0.00045
1.99	0	-0.00045
1.991	0	0
1.992	0	-0.00075
1.993	-5E-05	-0.00015
1.994	0	-0.00045
1.995	0	-0.00045
1.996	0	0.00045
1.997	0	-0.0003
1.998	0	-0.00015
1.999	0	-0.0009
2	0	-0.0003
2.001	0	-0.0006
2.002	-5E-05	-0.00015
2.003	-5E-05	-0.00135
2.004	0	-0.0012
2.005	0	-0.0009
2.006	-5E-05	-0.0009
2.007	-5E-05	-0.0003
2.008	-5E-05	-0.0003
2.009	0	-0.0003
2.01	0	-0.00075
2.011	0	0.00015
2.012	-5E-05	-0.00015
2.013	0	-0.00015
2.014	0	0
2.015	0	-0.00075
2.016	-5E-05	0.0003
2.017	0	-0.0003
2.018	0	-0.00075
2.019	-5E-05	-0.00045
2.02	0	0.0006
2.021	-5E-05	-0.00075
2.022	0	-0.00045
2.023	0	-0.0006
2.024	0	-0.0003
2.025	0	-0.0003
2.026	0	-0.00075
2.027	0	-0.0006
2.028	0	0
2.029	-5E-05	0.00015
2.03	0	0
2.031	0	-0.00015
2.032	0	-0.0009
2.033	0	0
2.034	0	-0.0003
2.035	0	-0.0006
2.036	0	-0.0009
2.037	5E-05	-0.00015
2.038	0	-0.0003
2.039	-5E-05	-0.0009
2.04	-5E-05	-0.00045
2.041	0	-0.00045
2.042	-5E-05	-0.0006
2.043	-5E-05	-0.00015
2.044	0	-0.0006
2.045	0	-0.00015
2.046	0	-0.0003
2.047	0	-0.00045
2.048	0	-0.0003
2.049	-5E-05	-0.00015
2.05	0	-0.00045
2.051	0	-0.00045
2.052	-5E-05	-0.00015
2.053	-5E-05	-0.0009
2.054	0	-0.00045
2.055	0	-0.0009
2.056	5E-05	-0.0003
2.057	0	-0.0003
2.058	-5E-05	0.00015
2.059	0	0.00015
2.06	0	-0.0006
2.061	-5E-05	-0.00045
2.062	-5E-05	0.00045
2.063	0	0
2.064	0	-0.0012
2.065	0	0.00015
2.066	0	0.00015
2.067	-5E-05	-0.0003
2.068	-5E-05	-0.0006
2.069	0	-0.00105
2.07	0	-0.00075
2.071	0	0
2.072	-5E-05	-0.0006
2.073	-5E-05	-0.0009
2.074	0	0
2.075	0	0
2.076	0	0
2.077	-5E-05	-0.0003
2.078	0	-0.00105
2.079	0	0.00015
2.08	0	0.00075
2.081	0	-0.0006
2.082	0	-0.0006
2.083	0	-0.00015
2.084	0	-0.00075
2.085	-5E-05	-0.0003
2.086	0	-0.0009
2.087	-5E-05	-0.00105
2.088	0	-0.0009
2.089	0	-0.0009
2.09	0	-0.0012
2.091	-5E-05	-0.0006
2.092	0	-0.00075
2.093	0	-0.00045
2.094	0	0.00015
2.095	-5E-05	-0.00045
2.096	0	-0.00135
2.097	0	-0.00045
2.098	-5E-05	-0.0009
2.099	0	-0.00075
2.1	-5E-05	-0.0006
2.101	0	-0.0003
2.102	0	-0.00075
2.103	0	-0.0009
2.104	0	-0.0012
2.105	-5E-05	-0.00045
2.106	0	-0.00075
2.107	0	-0.0018
2.108	-5E-05	-0.0006
2.109	0	-0.00075
2.11	-5E-05	-0.00075
2.111	0	-0.00015
2.112	0	-0.0003
2.113	0	-0.0006
2.114	0	-0.00075
2.115	0	-0.0006
2.116	-5E-05	-0.00045
2.117	0	0.00015
2.118	-5E-05	-0.00105
2.119	0	-0.0006
2.12	0	-0.0009
2.121	0	-0.00045
2.122	0	-0.00015
2.123	-5E-05	-0.0009
2.124	-5E-05	-0.0009
2.125	0	-0.0006
2.126	0	-0.00015
2.127	0	-0.00075
2.128	-5E-05	-0.00015
2.129	0	-0.00045
2.13	0	-0.0006
2.131	0	-0.00045
2.132	0	-0.0009
2.133	-5E-05	-0.00045
2.134	0	-0.0006
2.135	0	-0.00075
2.136	0	-0.00075
2.137	0	-0.00075
2.138	0	-0.0006
2.139	0	-0.0006
2.14	0	-0.00045
2.141	-5E-05	-0.0012
2.142	-5E-05	0.00015
2.143	0	0
2.144	-5E-05	-0.0009
2.145	0	-0.00045
2.146	-5E-05	-0.00075
2.147	-5E-05	-0.00075
2.148	0	0.00015
2.149	0	-0.00015
2.15	0	-0.0012
2.151	-5E-05	-0.00015
2.152	-5E-05	-0.00105
2.153	0	-0.0006
2.154	-5E-05	-0.00045
2.155	-5E-05	-0.0012
2.156	0	-0.00075
2.157	-5E-05	-0.00045
2.158	0	-0.00075
2.159	0	-0.00015
2.16	0	0.00015
2.161	-5E-05	-0.0009
2.162	0	-0.00015
2.163	0	0.0003
2.164	-5E-05	-0.0006
2.165	0	-0.0006
2.166	-5E-05	-0.0003
2.167	5E-05	-0.0006
2.168	0	-0.00045
2.169	0	-0.00045
2.17	-5E-05	-0.00075
2.171	-5E-05	0.00015
2.172	0	-0.00105
2.173	-5E-05	-0.0009
2.174	-5E-05	-0.00045
2.175	-5E-05	-0.00045
2.176	0	-0.00045
2.177	0	0
2.178	0	-0.00015
2.179	0	-0.0006
2.18	0	0.00015
2.181	0	-0.0006
2.182	0	-0.00015
2.183	-5E-05	-0.0009
2.184	-5E-05	-0.0006
2.185	-5E-05	-0.0003
2.186	0	-0.00045
2.187	0	-0.00075
2.188	0	-0.00045
2.189	-5E-05	-0.00075
2.19	0	-0.0009
2.191	-5E-05	-0.00045
2.192	0	-0.0006
2.193	0	-0.0012
2.194	-5E-05	-0.0009
2.195	0	-0.0003
2.196	0	-0.0006
2.197	-5E-05	-0.0006
2.198	-5E-05	-0.0006
2.199	-5E-05	-0.00075
2.2	0	-0.00075
2.201	-5E-05	-0.0012
2.202	0	-0.0009
2.203	-5E-05	-0.00105
2.204	0	-0.00195
2.205	0	-0.0006
2.206	0	-0.00015
2.207	-5E-05	-0.0009
2.208	-5E-05	-0.00105
2.209	0	-0.0012
2.21	-5E-05	-0.0012
2.211	0	-0.00105
2.212	-5E-05	-0.00075
2.213	-5E-05	-0.0009
2.214	0	-0.00075
2.215	0	-0.0009
2.216	0	-0.0012
2.217	-5E-05	-0.00075
2.218	-5E-05	-0.0015
2.219	0	-0.00135
2.22	-5E-05	-0.0012
2.221	0	-0.0015
2.222	-5E-05	-0.0012
2.223	0	-0.00105
2.224	0	-0.0009
2.225	0	-0.00045
2.226	-5E-05	-0.0003
2.227	-5E-05	-0.00075
2.228	0	-0.0009
2.229	-5E-05	-0.00075
2.23	-5E-05	-0.0012
2.231	-5E-05	-0.00075
2.232	0	-0.00105
2.233	0	-0.00105
2.234	0	-0.0009
2.235	0	-0.0009
2.236	-5E-05	-0.0006
2.237	0	-0.00105
2.238	0	-0.0012
2.239	0	-0.00165
2.24	-5E-05	-0.00105
2.241	0	-0.00045
2.242	0	-0.0006
2.243	0	-0.00045
2.244	0	-0.00105
2.245	0	-0.0006
2.246	0	-0.0003
2.247	0	0.00015
2.248	0	-0.00075
2.249	0	-0.0006
2.25	-5E-05	-0.0009
2.251	0	-0.0006
2.252	-5E-05	0
2.253	-5E-05	-0.00045
2.254	0	-0.00075
2.255	0	-0.0015
2.256	0	-0.0006
2.257	-5E-05	-0.00015
2.258	0	0.0003
2.259	0	-0.0006
2.26	0	-0.00015
2.261	0	-0.00015
2.262	0	0
2.263	-5E-05	-0.00015
2.264	0	0
2.265	0	-0.0006
2.266	0	-0.00075
2.267	0	0.00015
2.268	0	-0.0003
2.269	0	0
2.27	0	-0.0009
2.271	0	-0.00045
2.272	0	0
2.273	-5E-05	-0.00045
2.274	0	-0.0006
2.275	-5E-05	0.00015
2.276	0	0
2.277	0	0
2.278	-5E-05	-0.00015
2.279	0	-0.0003
2.28	-5E-05	0.0006
2.281	0	0
2.282	0	0.00015
2.283	0	-0.00015
2.284	0	-0.00075
2.285	0	-0.00045
2.286	0	-0.00045
2.287	0	-0.0003
2.288	0	-0.00015
2.289	0	-0.00015
2.29	0	-0.00015
2.291	-5E-05	-0.00015
2.292	0	0.00045
2.293	-5E-05	-0.00015
2.294	0	-0.00015
2.295	0	-0.0003
2.296	0	-0.00045
2.297	0	0
2.298	0	-0.0003
2.299	-5E-05	-0.00015
2.3	0	-0.0003
2.301	-5E-05	-0.0006
2.302	0	-0.0009
2.303	0	-0.00045
2.304	0	-0.00045
2.305	0	-0.0009
2.306	-5E-05	-0.0003
2.307	0	-0.0003
2.308	0	-0.00045
2.309	0	-0.0006
2.31	-5E-05	-0.00015
2.311	0	0.0003
2.312	0	-0.00015
2.313	-5E-05	-0.0003
2.314	0	-0.0003
2.315	0	-0.00045
2.316	0	-0.0006
2.317	0	-0.0009
2.318	0	-0.0003
2.319	0	-0.00075
2.32	0	-0.00045
2.321	-5E-05	-0.00015
2.322	0	-0.00015
2.323	0	-0.0003
2.324	0	-0.0006
2.325	0	-0.0003
2.326	0	0.00015
2.327	0	-0.0003
2.328	0	-0.00015
2.329	-5E-05	0.00045
2.33	0	-0.00015
2.331	0	-0.00015
2.332	-5E-05	0.0006
2.333	0	-0.00015
2.334	0	-0.0006
2.335	0	-0.00015
2.336	0	-0.0006
2.337	0	-0.0003
2.338	0	0
2.339	-5E-05	-0.0003
2.34	0	0
2.341	0	0
2.342	-5E-05	-0.0003
2.343	0	-0.00015
2.344	0	0
2.345	0	0
2.346	-5E-05	-0.00015
2.347	0	0.0003
2.348	-5E-05	-0.0003
2.349	-5E-05	0.0003
2.35	-5E-05	0.00015
2.351	-5E-05	-0.0006
2.352	-5E-05	-0.0006
2.353	-5E-05	-0.00045
2.354	-5E-05	-0.0006
2.355	-5E-05	-0.0003
2.356	0	-0.00015
2.357	0	-0.0003
2.358	-5E-05	0.00015
2.359	0	-0.0006
2.36	0	-0.00015
2.361	0	0.0003
2.362	-5E-05	0
2.363	0	-0.0003
2.364	0	0.00015
2.365	0	-0.0003
2.366	0	0.00015
2.367	-5E-05	0
2.368	0	-0.0003
2.369	0	-0.00045
2.37	0	-0.0003
2.371	0	-0.00075
2.372	-0.0001	-0.0003
2.373	5E-05	-0.00015
2.374	0	-0.0003
2.375	0	0.00015
2.376	0	-0.00015
2.377	-5E-05	0
2.378	0	0
2.379	0	-0.0003
2.38	0	-0.00015
2.381	0	-0.0003
2.382	0	-0.0003
2.383	0	0.00015
2.384	-5E-05	-0.00015
2.385	0	-0.0006
2.386	-5E-05	-0.00075
2.387	0	-0.00045
2.388	0	-0.00075
2.389	0	-0.00075
2.39	0	-0.0006
2.391	-5E-05	-0.00045
2.392	0	0
2.393	0	-0.00015
2.394	0	-0.00015
2.395	-5E-05	-0.00015
2.396	-5E-05	-0.00075
2.397	0	-0.00075
2.398	0	-0.00015
2.399	5E-05	-0.0003
2.4	-5E-05	-0.00045
2.401	0	-0.00045
2.402	0	-0.00045
2.403	0	-0.00075
2.404	0	0
2.405	-5E-05	-0.00075
2.406	0	-0.00105
2.407	-5E-05	-0.00075
2.408	-5E-05	-0.00045
2.409	0	-0.00045
2.41	-5E-05	-0.0003
2.411	0	-0.0006
2.412	0	-0.0003
2.413	-5E-05	-0.00015
2.414	0	-0.00075
2.415	-5E-05	-0.00015
2.416	0	-0.00075
2.417	-5E-05	-0.0012
2.418	-5E-05	-0.0009
2.419	0	-0.00075
2.42	-5E-05	-0.0009
2.421	0	-0.0003
2.422	-5E-05	-0.0009
2.423	0	-0.00105
2.424	0	-0.00075
2.425	0	-0.00105
2.426	0	-0.0006
2.427	0	-0.0006
2.428	-5E-05	-0.00075
2.429	0	-0.00045
2.43	0	0.00015
2.431	-5E-05	-0.00075
2.432	0	-0.00105
2.433	-5E-05	-0.00105
2.434	0	-0.00105
2.435	0	-0.00105
2.436	-5E-05	-0.00105
2.437	0	-0.0015
2.438	-5E-05	-0.00135
2.439	0	-0.0009
2.44	0	-0.0012
2.441	-5E-05	-0.0006
2.442	0	-0.0012
2.443	-5E-05	-0.0012
2.444	0	-0.0009
2.445	0	-0.00105
2.446	0	-0.0009
2.447	0	-0.00105
2.448	-5E-05	-0.00105
2.449	0	-0.00135
2.45	-5E-05	-0.00075
2.451	-5E-05	-0.00105
2.452	-5E-05	-0.0012
2.453	-5E-05	-0.00135
2.454	-5E-05	-0.00135
2.455	0	-0.0012
2.456	0	-0.00105
2.457	-5E-05	-0.00135
2.458	0	-0.0009
2.459	0	-0.0006
2.46	0	-0.0009
2.461	-5E-05	-0.0009
2.462	0	-0.0009
2.463	0	-0.00075
2.464	-5E-05	-0.0006
2.465	0	-0.0006
2.466	0	-0.0009
2.467	0	-0.00075
2.468	0	-0.00075
2.469	0	-0.00075
2.47	0	-0.00135
2.471	-5E-05	-0.0009
2.472	0	-0.00075
2.473	0	-0.0009
2.474	-5E-05	-0.00135
2.475	-5E-05	-0.0006
2.476	-5E-05	-0.00015
2.477	0	-0.0006
2.478	0	-0.00075
2.479	0	-0.0009
2.48	0	-0.0003
2.481	0	-0.00015
2.482	0	-0.00015
2.483	0	-0.0009
2.484	0	-0.00045
2.485	-5E-05	-0.00045
2.486	0	-0.00015
2.487	0	-0.0006
2.488	0	-0.0009
2.489	-5E-05	-0.0006
2.49	0	-0.0006
2.491	0	-0.0003
2.492	0	-0.0009
2.493	0	-0.00015
2.494	-5E-05	-0.00075
2.495	-5E-05	-0.00015
2.496	0	-0.00075
2.497	0	0.00015
2.498	0	0.00015
2.499	0	0.00015
2.5	0	-0.00045
2.501	0	-0.0003
2.502	0.0001	-0.0003
2.503	0.00015	-0.00075
2.504	0.00025	-0.0003
2.505	0.00035	-0.0012
2.506	0.00035	-0.0003
2.507	0.00035	-0.00015
2.508	0.00035	-0.0003
2.509	0.00035	-0.00015
2.51	0.00035	0.00015
2.511	0.00035	-0.00015
2.512	0.00035	-0.00015
2.513	0.00035	-0.00015
2.514	0.00035	-0.00045
2.515	0.00035	-0.00015
2.516	0.0004	-0.00045
2.517	0.0004	-0.0003
2.518	0.0003	-0.0003
2.519	0.00035	-0.00015
2.52	0.00035	-0.00045
2.521	0.00035	-0.0003
2.522	0.00035	-0.0003
2.523	0.00035	-0.00015
2.524	0.00035	-0.0006
2.525	0.00035	-0.00045
2.526	0.00035	-0.0003
2.527	0.00035	-0.00015
2.528	0.0004	0.0003
2.529	0.0004	0
2.53	0.0004	0
2.531	0.00035	-0.00015
2.532	0.00035	-0.0006
2.533	0.00035	-0.00045
2.534	0.00035	-0.00075
2.535	0.00035	-0.00075
2.536	0.00035	-0.00045
2.537	0.0004	-0.0006
2.538	0.0003	-0.00045
2.539	0.00035	-0.00045
2.54	0.00035	-0.00045
2.541	0.00035	-0.00075
2.542	0.00035	-0.00075
2.543	0.00035	-0.00045
2.544	0.00035	-0.00045
2.545	0.0004	0.0003
2.546	0.0004	-0.00045
2.547	0.0004	-0.0003
2.548	0.00045	-0.0003
2.549	0.00045	0
2.55	0.0005	-0.0009
2.551	0.00055	-0.0003
2.552	0.0006	0
2.553	0.00065	-0.0006
2.554	0.0007	-0.00045
2.555	0.00075	0
2.556	0.00085	-0.0003
2.557	0.00095	-0.00015
2.558	0.0011	0.00015
2.559	0.00115	-0.00075
2.56	0.0013	0.0003
2.561	0.00145	0.00015
2.562	0.0016	0.00015
2.563	0.00175	0.00045
2.564	0.0019	0.00045
2.565	0.00205	0.00045
2.566	0.0022	0.0006
2.567	0.00235	0.00045
2.568	0.0025	0
2.569	0.0027	0.0006
2.57	0.00285	0.00045
2.571	0.00295	0.00045
2.572	0.00315	0.0006
2.573	0.00325	0.00045
2.574	0.00345	0.0009
2.575	0.00355	0.00075
2.576	0.0037	0.00105
2.577	0.00385	0.00135
2.578	0.004	0.0015
2.579	0.0041	0.00135
2.58	0.0043	0.0015
2.581	0.00445	0.0015
2.582	0.0045	0.0012
2.583	0.00465	0.0018
2.584	0.00475	0.00165
2.585	0.00485	0.00165
2.586	0.00495	0.00135
2.587	0.00505	0.0009
2.588	0.0051	0.00105
2.589	0.00515	0.00165
2.59	0.00525	0.00165
2.591	0.00525	0.0015
2.592	0.0053	0.00165
2.593	0.0054	0.00165
2.594	0.0054	0.00195
2.595	0.00545	0.0021
2.596	0.0055	0.00195
2.597	0.00565	0.0018
2.598	0.00585	0.00165
2.599	0.006	0.0018
2.6	0.0062	0.0021
2.601	0.0064	0.00225
2.602	0.0066	0.00195
2.603	0.0068	0.00195
2.604	0.00705	0.0018
2.605	0.00725	0.0018
2.606	0.00745	0.00255
2.607	0.0077	0.0024
2.608	0.00795	0.00195
2.609	0.00825	0.0024
2.61	0.00845	0.00195
2.611	0.00875	0.0024
2.612	0.00895	0.00285
2.613	0.00925	0.00225
2.614	0.0095	0.0021
2.615	0.0097	0.00255
2.616	0.0099	0.00225
2.617	0.0101	0.00285
2.618	0.01035	0.0027
2.619	0.0105	0.0015
2.62	0.01075	0.0027
2.621	0.0109	0.0021
2.622	0.0111	0.00255
2.623	0.0113	0.00255
2.624	0.0115	0.00225
2.625	0.0117	0.00225
2.626	0.01185	0.00285
2.627	0.01205	0.0024
2.628	0.01225	0.00315
2.629	0.0124	0.00345
2.63	0.0126	0.00255
2.631	0.01275	0.0027
2.632	0.0129	0.00285
2.633	0.01305	0.0027
2.634	0.01325	0.0027
2.635	0.01335	0.00285
2.636	0.01345	0.0024
2.637	0.0137	0.00255
2.638	0.01375	0.00255
2.639	0.0139	0.00225
2.64	0.01405	0.00315
2.641	0.01415	0.00315
2.642	0.0143	0.0027
2.643	0.01445	0.0027
2.644	0.01455	0.00285
2.645	0.0147	0.00255
2.646	0.01485	0.00375
2.647	0.01495	0.0033
2.648	0.01505	0.0024
2.649	0.01515	0.00285
2.65	0.01525	0.00285
2.651	0.01535	0.0033
2.652	0.0155	0.0027
2.653	0.01555	0.00225
2.654	0.0157	0.00225
2.655	0.0157	0.00285
2.656	0.01585	0.00315
2.657	0.01595	0.003
2.658	0.016	0.00285
2.659	0.0161	0.00285
2.66	0.01625	0.00315
2.661	0.0163	0.00345
2.662	0.0164	0.00345
2.663	0.0165	0.00375
2.664	0.01655	0.00315
2.665	0.01665	0.00315
2.666	0.0167	0.003
2.667	0.0168	0.00315
2.668	0.0169	0.00285
2.669	0.0169	0.00315
2.67	0.01705	0.00285
2.671	0.01705	0.00255
2.672	0.01715	0.0036
2.673	0.0172	0.0036
2.674	0.0173	0.0033
2.675	0.01735	0.00345
2.676	0.0174	0.0033
2.677	0.0175	0.00345
2.678	0.01755	0.0033
2.679	0.0176	0.0033
2.68	0.0177	0.0033
2.681	0.01775	0.00375
2.682	0.0178	0.00285
2.683	0.0178	0.0027
2.684	0.0179	0.00345
2.685	0.01795	0.00315
2.686	0.018	0.00375
2.687	0.0181	0.00345
2.688	0.0181	0.0033
2.689	0.0181	0.00285
2.69	0.0182	0.0033
2.691	0.0183	0.00345
2.692	0.01835	0.00345
2.693	0.01855	0.00375
2.694	0.01865	0.00345
2.695	0.0189	0.00435
2.696	0.01905	0.0036
2.697	0.0193	0.00375
2.698	0.01955	0.0042
2.699	0.0197	0.0036
2.7	0.02	0.0039
2.701	0.0202	0.0033
2.702	0.02045	0.0036
2.703	0.02075	0.00405
2.704	0.0209	0.00375
2.705	0.02115	0.0039
2.706	0.0214	0.00405
2.707	0.0216	0.0042
2.708	0.02185	0.0042
2.709	0.02205	0.00435
2.71	0.02225	0.00405
2.711	0.02245	0.0045
2.712	0.0227	0.00465
2.713	0.0229	0.0048
2.714	0.0231	0.00525
2.715	0.02325	0.0045
2.716	0.0235	0.0048
2.717	0.0236	0.0045
2.718	0.02385	0.0045
2.719	0.024	0.0039
2.72	0.0242	0.0045
2.721	0.02435	0.00465
2.722	0.02445	0.0045
2.723	0.0247	0.00465
2.724	0.0248	0.00465
2.725	0.025	0.00435
2.726	0.0252	0.00495
2.727	0.02535	0.0057
2.728	0.0255	0.0045
2.729	0.0256	0.0051
2.73	0.02585	0.0048
2.731	0.026	0.00525
2.732	0.0261	0.00555
2.733	0.02625	0.00555
2.734	0.02635	0.00495
2.735	0.02655	0.00555
2.736	0.0267	0.0051
2.737	0.02675	0.00435
2.738	0.0269	0.0054
2.739	0.027	0.00495
2.74	0.0272	0.00495
2.741	0.02725	0.00585
2.742	0.0274	0.00555
2.743	0.0275	0.00525
2.744	0.02765	0.0057
2.745	0.02775	0.00555
2.746	0.0279	0.00495
2.747	0.028	0.00585
2.748	0.0281	0.00495
2.749	0.02825	0.00555
2.75	0.0283	0.00525
2.751	0.0284	0.00555
2.752	0.0285	0.00555
2.753	0.0286	0.00555
2.754	0.0287	0.0057
2.755	0.02875	0.00585
2.756	0.0289	0.00615
2.757	0.029	0.0054
2.758	0.02905	0.0057
2.759	0.0292	0.00555
2.76	0.0293	0.00585
2.761	0.02935	0.00615
2.762	0.0294	0.0063
2.763	0.0295	0.006
2.764	0.0296	0.00585
2.765	0.02965	0.006
2.766	0.02975	0.006
2.767	0.0298	0.00555
2.768	0.0299	0.006
2.769	0.03	0.006
2.77	0.03	0.00615
2.771	0.0301	0.0063
2.772	0.03015	0.00555
2.773	0.03025	0.00555
2.774	0.0303	0.00585
2.775	0.03035	0.00615
2.776	0.03045	0.00645
2.777	0.0305	0.0069
2.778	0.0306	0.0066
2.779	0.03065	0.00615
2.78	0.0307	0.0063
2.781	0.0308	0.0066
2.782	0.03085	0.00645
2.783	0.0309	0.006
2.784	0.03095	0.00645
2.785	0.031	0.006
2.786	0.03105	0.006
2.787	0.0311	0.00615
2.788	0.03115	0.0054
2.789	0.0312	0.006
2.79	0.0313	0.00555
2.791	0.0313	0.00585
2.792	0.0314	0.00675
2.793	0.03145	0.0066
2.794	0.03145	0.00615
2.795	0.03155	0.00675
2.796	0.03155	0.0066
2.797	0.0316	0.0066
2.798	0.0317	0.0075
2.799	0.03185	0.0066
2.8	0.0319	0.00615
2.801	0.03205	0.0066
2.802	0.03225	0.0063
2.803	0.03245	0.0066
2.804	0.0327	0.0069
2.805	0.03295	0.006
2.806	0.0332	0.00675
2.807	0.03355	0.0069
2.808	0.0338	0.0069
2.809	0.03405	0.0066
2.81	0.03405	0.0072
2.811	0.03345	0.0069
2.812	0.0334	0.0075
2.813	0.03345	0.00825
2.814	0.0334	0.0069
2.815	0.0334	0.0072
2.816	0.03335	0.0069
2.817	0.0334	0.00645
2.818	0.0334	0.00705
2.819	0.0334	0.00765
2.82	0.0334	0.0066
2.821	0.0334	0.00645
2.822	0.0334	0.0063
2.823	0.0334	0.00675
2.824	0.03345	0.0081
2.825	0.0334	0.0075
2.826	0.0334	0.00675
2.827	0.0334	0.0072
2.828	0.03345	0.0072
2.829	0.03345	0.00705
2.83	0.0334	0.0075
2.831	0.03345	0.00675
2.832	0.03345	0.00645
2.833	0.03345	0.00705
2.834	0.0334	0.0072
2.835	0.03345	0.0072
2.836	0.03345	0.0072
2.837	0.0334	0.0069
2.838	0.03345	0.0069
2.839	0.03345	0.0075
2.84	0.0335	0.00735
2.841	0.03355	0.0066
2.842	0.03355	0.00735
2.843	0.03355	0.00705
2.844	0.03355	0.00705
2.845	0.03355	0.00705
2.846	0.0336	0.00765
2.847	0.0336	0.00795
2.848	0.03355	0.0075
2.849	0.0335	0.00705
2.85	0.03355	0.0072
2.851	0.03355	0.00675
2.852	0.03355	0.00645
2.853	0.03355	0.0069
2.854	0.0336	0.00675
2.855	0.0336	0.0066
2.856	0.03355	0.00735
2.857	0.03355	0.00705
2.858	0.03355	0.0072
2.859	0.0336	0.00705
2.86	0.0336	0.00705
2.861	0.03355	0.0075
2.862	0.0336	0.00735
2.863	0.0336	0.0069
2.864	0.0336	0.0072
2.865	0.0336	0.00735
2.866	0.03355	0.0069
2.867	0.0336	0.00765
2.868	0.0336	0.0069
2.869	0.0336	0.00645
2.87	0.03355	0.00645
2.871	0.0336	0.0066
2.872	0.0336	0.00615
2.873	0.03355	0.00705
2.874	0.0336	0.00705
2.875	0.0336	0.00735
2.876	0.0336	0.0072
2.877	0.0336	0.0069
2.878	0.03365	0.0078
2.879	0.0336	0.00735
2.88	0.0336	0.00735
2.881	0.03365	0.0072
2.882	0.03365	0.00795
2.883	0.0336	0.00675
2.884	0.03365	0.0069
2.885	0.0336	0.00735
2.886	0.0336	0.00675
2.887	0.0336	0.00645
2.888	0.03365	0.0066
2.889	0.0336	0.00705
2.89	0.0336	0.00705
2.891	0.03365	0.00705
2.892	0.0336	0.00675
2.893	0.0336	0.00675
2.894	0.03365	0.00705
2.895	0.03365	0.00735
2.896	0.03365	0.00765
2.897	0.03365	0.00705
2.898	0.03365	0.0066
2.899	0.03365	0.00645
2.9	0.0337	0.0072
2.901	0.03365	0.00705
2.902	0.03365	0.00735
2.903	0.0337	0.00735
2.904	0.0337	0.00675
2.905	0.0337	0.0069
2.906	0.03365	0.00675
2.907	0.03365	0.0069
2.908	0.03365	0.00675
2.909	0.03365	0.00705
2.91	0.0337	0.00705
2.911	0.03365	0.00765
2.912	0.0325	0.00705
2.913	0.03305	0.00735
2.914	0.03305	0.00705
2.915	0.033	0.0069
2.916	0.03295	0.0072
2.917	0.03295	0.00735
2.918	0.03295	0.0069
2.919	0.033	0.0069
2.92	0.03295	0.00675
2.921	0.033	0.00675
2.922	0.03295	0.0066
2.923	0.03305	0.0066
2.924	0.033	0.0072
2.925	0.03295	0.00705
2.926	0.033	0.00675
2.927	0.03295	0.0075
2.928	0.03295	0.00735
2.929	0.0329	0.0072
2.93	0.033	0.00705
2.931	0.03295	0.00705
2.932	0.033	0.00705
2.933	0.033	0.00705
2.934	0.03295	0.00645
2.935	0.03295	0.0063
2.936	0.03295	0.00675
2.937	0.03295	0.0069
2.938	0.03295	0.0063
2.939	0.033	0.00675
2.94	0.03295	0.00705
2.941	0.03295	0.00615
2.942	0.033	0.0072
2.943	0.03295	0.00765
2.944	0.03295	0.0072
2.945	0.03295	0.0078
2.946	0.03295	0.0069
2.947	0.03295	0.00675
2.948	0.03295	0.0072
2.949	0.033	0.00705
2.95	0.0329	0.00645
2.951	0.033	0.0069
2.952	0.033	0.00675
2.953	0.03295	0.0063
2.954	0.03295	0.00675
2.955	0.0329	0.0066
2.956	0.033	0.0063
2.957	0.03295	0.00645
2.958	0.03295	0.00645
2.959	0.03295	0.00705
2.96	0.03295	0.00735
2.961	0.033	0.0072
2.962	0.03295	0.00735
2.963	0.033	0.0072
2.964	0.03295	0.0069
2.965	0.03295	0.00705
2.966	0.033	0.0075
2.967	0.03295	0.00675
2.968	0.03295	0.0066
2.969	0.03295	0.00675
2.97	0.033	0.00675
2.971	0.033	0.00675
2.972	0.033	0.0069
2.973	0.03305	0.00645
2.974	0.033	0.0069
2.975	0.03295	0.0069
2.976	0.033	0.0069
2.977	0.033	0.00675
2.978	0.033	0.0066
2.979	0.03295	0.00765
2.98	0.033	0.0072
2.981	0.03295	0.00675
2.982	0.03295	0.00705
2.983	0.033	0.00705
2.984	0.03295	0.00645
2.985	0.0329	0.00675
2.986	0.03295	0.00735
2.987	0.033	0.00705
2.988	0.033	0.00675
2.989	0.0329	0.00675
2.99	0.03295	0.00705
2.991	0.03295	0.00735
2.992	0.0329	0.00675
2.993	0.03305	0.0069
2.994	0.03295	0.00735
2.995	0.033	0.0069
2.996	0.033	0.0069
2.997	0.0329	0.0081
2.998	0.03295	0.00675
2.999	0.033	0.00675
3	0.033	0.00705
3.001	0.0329	0.00675
3.002	0.033	0.00675
3.003	0.033	0.00705
3.004	0.0329	0.00615
3.005	0.03305	0.0066
3.006	0.033	0.0066
3.007	0.033	0.00645
3.008	0.033	0.00795
3.009	0.0329	0.00735
3.01	0.033	0.0066
3.011	0.0329	0.00795
3.012	0.033	0.00705
3.013	0.03295	0.0072
3.014	0.03295	0.00765
3.015	0.0329	0.0072
3.016	0.03295	0.00675
3.017	0.0329	0.00705
3.018	0.03295	0.00705
3.019	0.03295	0.0066
3.02	0.033	0.00705
3.021	0.03295	0.00645
3.022	0.03295	0.00735
3.023	0.03295	0.00765
3.024	0.03295	0.00735
3.025	0.033	0.00765
3.026	0.03295	0.0075
3.027	0.03295	0.0069
3.028	0.03295	0.00765
3.029	0.03295	0.00795
3.03	0.033	0.00675
3.031	0.03295	0.00735
3.032	0.03295	0.00795
3.033	0.03295	0.00735
3.034	0.033	0.0072
3.035	0.03295	0.0072
3.036	0.033	0.00705
3.037	0.0329	0.0075
3.038	0.03295	0.0072
3.039	0.03295	0.00615
3.04	0.033	0.0072
3.041	0.03295	0.00705
3.042	0.033	0.0075
3.043	0.03295	0.0075
3.044	0.033	0.00705
3.045	0.033	0.00705
3.046	0.033	0.00765
3.047	0.03295	0.0078
3.048	0.033	0.00705
3.049	0.033	0.00735
3.05	0.03295	0.00615
3.051	0.03295	0.0072
3.052	0.0329	0.00705
3.053	0.033	0.00705
3.054	0.03295	0.00735
3.055	0.03295	0.0066
3.056	0.033	0.0063
3.057	0.033	0.0069
3.058	0.033	0.00765
3.059	0.03295	0.00675
3.06	0.03295	0.00705
3.061	0.03295	0.00615
3.062	0.03295	0.00645
3.063	0.03295	0.00765
3.064	0.033	0.00735
3.065	0.03295	0.00705
3.066	0.03295	0.0066
3.067	0.033	0.00585
3.068	0.03295	0.00675
3.069	0.033	0.0069
3.07	0.033	0.00615
3.071	0.033	0.00585
3.072	0.033	0.00585
3.073	0.03295	0.006
3.074	0.03295	0.0072
3.075	0.033	0.0063
3.076	0.033	0.006
3.077	0.033	0.0066
3.078	0.03295	0.00645
3.079	0.0329	0.00645
3.08	0.03295	0.00705
3.081	0.0329	0.006
3.082	0.03295	0.00615
3.083	0.0329	0.00675
3.084	0.033	0.00615
3.085	0.03305	0.0057
3.086	0.03295	0.0063
3.087	0.03295	0.0063
3.088	0.03295	0.00615
3.089	0.033	0.006
3.09	0.03295	0.00585
3.091	0.033	0.0063
3.092	0.03295	0.0069
3.093	0.03295	0.00645
3.094	0.03295	0.006
3.095	0.0329	0.0069
3.096	0.03295	0.0069
3.097	0.033	0.00705
3.098	0.033	0.0069
3.099	0.03295	0.0063
3.1	0.03295	0.0066
3.101	0.033	0.0069
3.102	0.03295	0.00615
3.103	0.033	0.0063
3.104	0.033	0.006
3.105	0.0329	0.006
3.106	0.033	0.00675
3.107	0.0329	0.00615
3.108	0.033	0.0066
3.109	0.0329	0.00735
3.11	0.03295	0.00705
3.111	0.03295	0.0066
3.112	0.03295	0.0069
3.113	0.033	0.00675
3.114	0.0329	0.00765
3.115	0.033	0.0075
3.116	0.033	0.0069
3.117	0.03295	0.0069
3.118	0.033	0.0072
3.119	0.03295	0.00705
3.12	0.033	0.00675
3.121	0.0329	0.00645
3.122	0.0329	0.0066
3.123	0.0329	0.0075
3.124	0.0329	0.0072
3.125	0.03295	0.0069
3.126	0.03295	0.00735
3.127	0.03295	0.0072
3.128	0.03295	0.00705
3.129	0.03295	0.0072
3.13	0.03295	0.00765
3.131	0.03295	0.0072
3.132	0.03295	0.00765
3.133	0.03295	0.00705
3.134	0.03295	0.00705
3.135	0.03295	0.0072
3.136	0.0329	0.00645
3.137	0.03295	0.0072
3.138	0.03295	0.00645
3.139	0.033	0.00705
3.14	0.03295	0.00675
3.141	0.03295	0.00705
3.142	0.033	0.0072
3.143	0.033	0.0072
3.144	0.033	0.00765
3.145	0.0329	0.0072
3.146	0.033	0.0075
3.147	0.0329	0.00765
3.148	0.033	0.00765
3.149	0.03295	0.00705
3.15	0.0329	0.0069
3.151	0.033	0.0069
3.152	0.0329	0.00705
3.153	0.03295	0.0069
3.154	0.033	0.0066
3.155	0.03295	0.00675
3.156	0.033	0.0069
3.157	0.033	0.0063
3.158	0.03295	0.00675
3.159	0.03295	0.00675
3.16	0.0329	0.00705
3.161	0.03295	0.00735
3.162	0.0329	0.00705
3.163	0.033	0.0072
3.164	0.03295	0.0072
3.165	0.033	0.0069
3.166	0.0329	0.00705
3.167	0.03295	0.00675
3.168	0.03295	0.00645
3.169	0.03295	0.00675
3.17	0.03295	0.00645
3.171	0.033	0.00645
3.172	0.03295	0.00675
3.173	0.033	0.00705
3.174	0.03295	0.0066
3.175	0.03295	0.00675
3.176	0.03295	0.0069
3.177	0.033	0.00735
3.178	0.03295	0.00705
3.179	0.03295	0.00705
3.18	0.033	0.0072
3.181	0.0329	0.0066
3.182	0.03295	0.0069
3.183	0.0329	0.0069
3.184	0.03295	0.0072
3.185	0.03295	0.0066
3.186	0.03295	0.0066
3.187	0.03295	0.0066
3.188	0.0329	0.00645
3.189	0.03295	0.00645
3.19	0.03295	0.00675
3.191	0.03295	0.0066
3.192	0.033	0.0069
3.193	0.03295	0.0075
3.194	0.03285	0.0072
3.195	0.0329	0.0069
3.196	0.03295	0.00735
3.197	0.0331	0.00675
3.198	0.033	0.0072
3.199	0.03295	0.0069
3.2	0.03295	0.0069
3.201	0.03295	0.0069
3.202	0.033	0.00675
3.203	0.03295	0.00645
3.204	0.03295	0.0069
3.205	0.0329	0.0066
3.206	0.03295	0.0066
3.207	0.03295	0.00675
3.208	0.033	0.00645
3.209	0.03295	0.0069
3.21	0.03295	0.0075
3.211	0.03305	0.00765
3.212	0.03295	0.0072
3.213	0.03305	0.00795
3.214	0.03295	0.00705
3.215	0.03295	0.00735
3.216	0.033	0.00735
3.217	0.03295	0.00645
3.218	0.03295	0.00675
3.219	0.0329	0.00645
3.22	0.0329	0.0069
3.221	0.0329	0.00705
3.222	0.03295	0.0069
3.223	0.0329	0.00615
3.224	0.03295	0.00735
3.225	0.033	0.00735
3.226	0.03295	0.0069
3.227	0.0329	0.0075
3.228	0.03295	0.00735
3.229	0.03295	0.00735
3.23	0.033	0.00795
3.231	0.03295	0.0075
3.232	0.03295	0.0072
3.233	0.03295	0.0072
3.234	0.03295	0.0069
3.235	0.03295	0.0069
3.236	0.03295	0.0072
3.237	0.03295	0.0069
3.238	0.03295	0.00675
3.239	0.0329	0.0072
3.24	0.033	0.00675
3.241	0.03295	0.0069
3.242	0.03295	0.00765
3.243	0.03295	0.0072
3.244	0.03295	0.00735
3.245	0.0329	0.00765
3.246	0.03295	0.0072
3.247	0.033	0.0075
3.248	0.03295	0.00735
3.249	0.03295	0.0072
3.25	0.03295	0.00735
3.251	0.03295	0.00705
3.252	0.03295	0.0069
3.253	0.033	0.00735
3.254	0.03295	0.0069
3.255	0.03295	0.00675
3.256	0.03295	0.00735
3.257	0.033	0.0072
3.258	0.03295	0.00735
3.259	0.0329	0.00705
3.26	0.033	0.0072
3.261	0.033	0.0072
3.262	0.033	0.00765
3.263	0.0329	0.0075
3.264	0.03295	0.00765
3.265	0.03295	0.00735
3.266	0.03295	0.0072
3.267	0.033	0.00705
3.268	0.03295	0.00705
3.269	0.0329	0.0066
3.27	0.03295	0.00705
3.271	0.03295	0.0072
3.272	0.033	0.00705
3.273	0.03295	0.00765
3.274	0.03295	0.00705
3.275	0.03305	0.0078
3.276	0.0329	0.0072
3.277	0.033	0.00735
3.278	0.033	0.00735
3.279	0.0329	0.00765
3.28	0.03295	0.0075
3.281	0.03295	0.00735
3.282	0.0329	
3.283	0.03295	
3.284	0.03295	
3.285	0.03295	
3.286	0.0329	
3.287	0.033	
3.288	0.03295	
3.289	0.033	
3.29	0.03295	
