MIN=0	-0.1	-0.3
MAX=4.52548339959391	0.1	0.3
SCALE=0.1	0.05	0.1
DEC=3	4	4
DEF="Time" t / s	"Current" I_A1 / A	"Voltage" U_B1 / V
0	5E-05	0.00045
0.001	0	-0.0009
0.002	5E-05	-0.00045
0.003	5E-05	0
0.004	0	-0.00045
0.005	5E-05	-0.00015
0.006	0	-0.0003
0.007	0	-0.0009
0.008	0	0
0.009	5E-05	-0.0003
0.01	5E-05	-0.00015
0.011	5E-05	0.00015
0.012	5E-05	-0.00045
0.013	5E-05	-0.0003
0.014	5E-05	0.00045
0.015	5E-05	0.0003
0.016	5E-05	0
0.017	5E-05	0.00015
0.018	5E-05	-0.00045
0.019	5E-05	-0.00015
0.02	5E-05	0
0.021	5E-05	0.00015
0.022	5E-05	-0.00045
0.023	5E-05	-0.00015
0.024	5E-05	0
0.025	5E-05	0.00015
0.026	0	0
0.027	0	-0.00015
0.028	5E-05	-0.0003
0.029	5E-05	0.0003
0.03	0	0.0006
0.031	0	0
0.032	5E-05	0.0003
0.033	5E-05	0.00045
0.034	0	-0.00015
0.035	5E-05	-0.00015
0.036	0	-0.0006
0.037	0	-0.00015
0.038	5E-05	-0.00045
0.039	5E-05	0.00015
0.04	5E-05	0.00015
0.041	0	-0.00045
0.042	5E-05	-0.00045
0.043	5E-05	-0.0003
0.044	5E-05	0.0003
0.045	5E-05	-0.0003
0.046	5E-05	-0.00045
0.047	0	-0.00105
0.048	5E-05	0.00015
0.049	0	0.00015
0.05	5E-05	0.00045
0.051	5E-05	-0.00045
0.052	5E-05	-0.0009
0.053	0	-0.0009
0.054	0	-0.00015
0.055	5E-05	0.00015
0.056	5E-05	-0.0006
0.057	5E-05	-0.00045
0.058	0	-0.00075
0.059	0	-0.0003
0.06	0	0.0003
0.061	5E-05	-0.00045
0.062	5E-05	-0.0006
0.063	5E-05	-0.00045
0.064	5E-05	-0.00075
0.065	5E-05	0.0006
0.066	5E-05	-0.00015
0.067	0	-0.00075
0.068	5E-05	-0.00045
0.069	5E-05	-0.00045
0.07	0	-0.00105
0.071	5E-05	-0.0006
0.072	0	-0.00135
0.073	5E-05	-0.00135
0.074	5E-05	-0.00105
0.075	5E-05	-0.0012
0.076	5E-05	-0.00045
0.077	5E-05	-0.0003
0.078	5E-05	-0.00015
0.079	5E-05	-0.00075
0.08	0	-0.0003
0.081	0	-0.00045
0.082	5E-05	-0.00135
0.083	5E-05	-0.0003
0.084	5E-05	-0.0003
0.085	5E-05	-0.00045
0.086	5E-05	-0.0003
0.087	5E-05	-0.0006
0.088	5E-05	-0.00075
0.089	5E-05	-0.00015
0.09	0	-0.0006
0.091	5E-05	-0.0006
0.092	5E-05	-0.00105
0.093	0	-0.0012
0.094	5E-05	-0.0003
0.095	5E-05	-0.00045
0.096	0	-0.0003
0.097	5E-05	-0.0003
0.098	5E-05	0.00015
0.099	5E-05	-0.00045
0.1	0	0.00045
0.101	5E-05	-0.00045
0.102	5E-05	-0.0009
0.103	0	-0.00045
0.104	0	-0.00045
0.105	5E-05	-0.00075
0.106	5E-05	-0.00045
0.107	5E-05	-0.0003
0.108	5E-05	-0.00135
0.109	5E-05	0.0003
0.11	0	-0.00045
0.111	5E-05	-0.00075
0.112	5E-05	-0.00015
0.113	5E-05	-0.0003
0.114	5E-05	0
0.115	5E-05	-0.00015
0.116	5E-05	-0.00045
0.117	5E-05	-0.0003
0.118	0	-0.00015
0.119	5E-05	-0.00075
0.12	0	-0.00045
0.121	5E-05	-0.0006
0.122	5E-05	-0.00075
0.123	5E-05	-0.00075
0.124	0	-0.0006
0.125	0	-0.00075
0.126	5E-05	-0.00045
0.127	5E-05	0
0.128	0	0.00045
0.129	0	-0.00075
0.13	5E-05	-0.00075
0.131	0	-0.00075
0.132	5E-05	-0.00015
0.133	5E-05	-0.0003
0.134	0	-0.00045
0.135	5E-05	-0.00015
0.136	0	-0.0003
0.137	5E-05	-0.0006
0.138	5E-05	-0.0006
0.139	0	-0.00105
0.14	5E-05	-0.0006
0.141	5E-05	-0.0006
0.142	5E-05	-0.00105
0.143	0	-0.0009
0.144	5E-05	-0.00045
0.145	5E-05	-0.00045
0.146	0	0
0.147	5E-05	-0.0003
0.148	5E-05	-0.00045
0.149	5E-05	0
0.15	5E-05	-0.0012
0.151	0	-0.00105
0.152	5E-05	-0.00075
0.153	0	-0.0006
0.154	5E-05	-0.00075
0.155	5E-05	-0.00075
0.156	5E-05	-0.00075
0.157	0	-0.00105
0.158	0	-0.00045
0.159	5E-05	-0.0009
0.16	0	-0.00105
0.161	5E-05	-0.00075
0.162	5E-05	-0.00075
0.163	5E-05	0.0003
0.164	5E-05	-0.0006
0.165	0	-0.0006
0.166	0	-0.00045
0.167	5E-05	-0.0006
0.168	5E-05	-0.0009
0.169	0	-0.0009
0.17	5E-05	-0.00045
0.171	5E-05	-0.00105
0.172	0	-0.0009
0.173	5E-05	-0.00165
0.174	5E-05	-0.00075
0.175	5E-05	-0.00045
0.176	5E-05	-0.00045
0.177	5E-05	-0.00075
0.178	5E-05	-0.0006
0.179	0	-0.00075
0.18	5E-05	-0.00015
0.181	0	-0.0006
0.182	0	-0.0012
0.183	5E-05	-0.00075
0.184	0	-0.0006
0.185	5E-05	-0.0006
0.186	5E-05	-0.0009
0.187	5E-05	-0.00105
0.188	5E-05	-0.00135
0.189	0	-0.0009
0.19	5E-05	-0.0009
0.191	5E-05	-0.0006
0.192	5E-05	-0.00075
0.193	5E-05	-0.00075
0.194	5E-05	-0.00075
0.195	5E-05	-0.00015
0.196	0	-0.0009
0.197	5E-05	-0.0006
0.198	0	-0.0003
0.199	5E-05	-0.00045
0.2	5E-05	-0.0009
0.201	5E-05	-0.00045
0.202	0	-0.00105
0.203	5E-05	-0.0006
0.204	5E-05	-0.0006
0.205	5E-05	-0.0009
0.206	5E-05	-0.00015
0.207	0	-0.00075
0.208	5E-05	-0.00045
0.209	5E-05	-0.00045
0.21	5E-05	-0.00045
0.211	5E-05	-0.00045
0.212	5E-05	0.00015
0.213	5E-05	-0.00045
0.214	5E-05	-0.0006
0.215	0	-0.00045
0.216	5E-05	-0.00045
0.217	5E-05	0.00045
0.218	5E-05	-0.0006
0.219	5E-05	-0.00075
0.22	0	-0.0009
0.221	5E-05	-0.00075
0.222	5E-05	-0.00105
0.223	5E-05	-0.00075
0.224	5E-05	-0.0006
0.225	0	-0.0009
0.226	5E-05	-0.00045
0.227	5E-05	-0.0006
0.228	0	-0.0003
0.229	5E-05	-0.00015
0.23	5E-05	-0.0003
0.231	5E-05	-0.0009
0.232	5E-05	0
0.233	5E-05	0.00015
0.234	5E-05	-0.0003
0.235	0	-0.00075
0.236	5E-05	-0.00045
0.237	5E-05	-0.00075
0.238	0	-0.00075
0.239	5E-05	-0.00075
0.24	5E-05	-0.00015
0.241	5E-05	-0.00015
0.242	5E-05	-0.00045
0.243	0	-0.00015
0.244	0	-0.00045
0.245	5E-05	-0.00045
0.246	5E-05	-0.0003
0.247	5E-05	-0.00015
0.248	0	-0.0006
0.249	0	0
0.25	5E-05	-0.00015
0.251	5E-05	-0.0006
0.252	5E-05	-0.0003
0.253	0	-0.00045
0.254	5E-05	-0.00015
0.255	5E-05	-0.00075
0.256	0	-0.0003
0.257	5E-05	-0.0009
0.258	0	-0.00045
0.259	5E-05	-0.00075
0.26	5E-05	0.00015
0.261	5E-05	0
0.262	0	0
0.263	5E-05	0.00015
0.264	5E-05	0.0003
0.265	5E-05	0
0.266	5E-05	-0.00105
0.267	5E-05	0
0.268	5E-05	-0.00045
0.269	5E-05	-0.00075
0.27	5E-05	-0.0003
0.271	0	-0.0006
0.272	0	-0.00045
0.273	5E-05	-0.0006
0.274	5E-05	-0.00045
0.275	5E-05	0.00045
0.276	5E-05	-0.00075
0.277	0	-0.00135
0.278	5E-05	-0.00015
0.279	5E-05	0
0.28	5E-05	-0.0003
0.281	0	-0.00045
0.282	5E-05	0.00015
0.283	5E-05	-0.0003
0.284	0	0
0.285	5E-05	-0.00075
0.286	0	-0.00105
0.287	5E-05	-0.0006
0.288	5E-05	-0.00015
0.289	0.0001	-0.00045
0.29	0	-0.0003
0.291	5E-05	-0.00045
0.292	5E-05	-0.00075
0.293	5E-05	-0.00015
0.294	0	-0.00045
0.295	5E-05	-0.00045
0.296	5E-05	0.00015
0.297	0	-0.00015
0.298	5E-05	-0.00045
0.299	5E-05	-0.00015
0.3	5E-05	-0.00015
0.301	5E-05	-0.00105
0.302	5E-05	-0.0003
0.303	5E-05	-0.00075
0.304	0	-0.0009
0.305	5E-05	-0.0006
0.306	5E-05	-0.0003
0.307	0	-0.00045
0.308	5E-05	-0.00045
0.309	5E-05	-0.00075
0.31	5E-05	0.00015
0.311	5E-05	0.00015
0.312	5E-05	-0.0006
0.313	5E-05	-0.00015
0.314	5E-05	0
0.315	5E-05	-0.0006
0.316	0	-0.00045
0.317	5E-05	0.00015
0.318	5E-05	-0.00075
0.319	5E-05	0
0.32	5E-05	-0.0003
0.321	5E-05	-0.0006
0.322	5E-05	-0.0006
0.323	5E-05	-0.00105
0.324	5E-05	-0.00165
0.325	5E-05	-0.00015
0.326	5E-05	-0.00045
0.327	5E-05	-0.00045
0.328	5E-05	-0.0003
0.329	5E-05	-0.00045
0.33	5E-05	-0.00015
0.331	0	-0.0003
0.332	5E-05	-0.00015
0.333	0	-0.00075
0.334	5E-05	-0.0009
0.335	0	-0.0012
0.336	0	-0.0006
0.337	5E-05	-0.0006
0.338	5E-05	-0.00045
0.339	5E-05	-0.0006
0.34	0	-0.00075
0.341	5E-05	-0.0006
0.342	5E-05	-0.0006
0.343	5E-05	-0.0006
0.344	5E-05	-0.00045
0.345	5E-05	-0.00015
0.346	5E-05	-0.00015
0.347	5E-05	0
0.348	0	-0.00015
0.349	0	-0.0003
0.35	5E-05	-0.00015
0.351	5E-05	-0.0009
0.352	5E-05	-0.00075
0.353	5E-05	-0.00045
0.354	0	-0.00015
0.355	5E-05	-0.00105
0.356	5E-05	-0.0003
0.357	5E-05	-0.00015
0.358	5E-05	-0.00015
0.359	5E-05	0.0003
0.36	5E-05	-0.00075
0.361	5E-05	-0.00075
0.362	5E-05	0
0.363	5E-05	-0.00045
0.364	0	-0.0003
0.365	5E-05	-0.00015
0.366	5E-05	-0.00075
0.367	5E-05	-0.0003
0.368	5E-05	0.0006
0.369	0	-0.00075
0.37	5E-05	-0.0003
0.371	5E-05	-0.0015
0.372	5E-05	-0.00075
0.373	0	-0.00075
0.374	0	-0.00045
0.375	5E-05	-0.0009
0.376	5E-05	0
0.377	5E-05	-0.0003
0.378	5E-05	-0.00045
0.379	5E-05	0.00015
0.38	5E-05	-0.00045
0.381	5E-05	-0.00075
0.382	5E-05	-0.00075
0.383	0	-0.00045
0.384	5E-05	-0.0006
0.385	5E-05	-0.00015
0.386	0	-0.0003
0.387	5E-05	-0.00045
0.388	0	-0.0006
0.389	0	-0.00075
0.39	5E-05	-0.0003
0.391	5E-05	-0.00075
0.392	5E-05	-0.0006
0.393	0	-0.00075
0.394	5E-05	0
0.395	5E-05	-0.0006
0.396	0	0
0.397	5E-05	0
0.398	0	-0.0006
0.399	0	-0.0003
0.4	5E-05	-0.0006
0.401	5E-05	-0.0003
0.402	0	-0.00075
0.403	5E-05	-0.0009
0.404	5E-05	-0.0006
0.405	0	-0.0006
0.406	0	-0.00105
0.407	5E-05	-0.00045
0.408	5E-05	-0.0006
0.409	5E-05	-0.00075
0.41	5E-05	-0.00045
0.411	5E-05	0.00015
0.412	5E-05	-0.0003
0.413	5E-05	-0.00045
0.414	5E-05	-0.00015
0.415	5E-05	-0.00015
0.416	0	0.00045
0.417	0	-0.00045
0.418	5E-05	-0.00045
0.419	0	0
0.42	5E-05	-0.0009
0.421	5E-05	-0.00105
0.422	0	0.00015
0.423	5E-05	-0.0009
0.424	5E-05	-0.0003
0.425	5E-05	0.0003
0.426	5E-05	-0.00015
0.427	0	0.00015
0.428	0	0.0003
0.429	0	-0.0003
0.43	5E-05	0
0.431	0	-0.00045
0.432	0	-0.0006
0.433	5E-05	0.00015
0.434	5E-05	0
0.435	5E-05	-0.0003
0.436	5E-05	0.00015
0.437	0	0
0.438	5E-05	-0.0003
0.439	0	0.0003
0.44	5E-05	-0.00015
0.441	5E-05	-0.0009
0.442	0	0.00015
0.443	5E-05	-0.0006
0.444	0	-0.00015
0.445	5E-05	0.00015
0.446	5E-05	0
0.447	5E-05	0.00045
0.448	5E-05	0.00075
0.449	5E-05	-0.0003
0.45	5E-05	-0.00015
0.451	0	0.0006
0.452	5E-05	-0.0003
0.453	0	-0.00015
0.454	5E-05	-0.0006
0.455	0	-0.0006
0.456	5E-05	0.00015
0.457	0	0.0006
0.458	5E-05	-0.0003
0.459	5E-05	-0.0003
0.46	5E-05	-0.00045
0.461	5E-05	0
0.462	5E-05	0.0006
0.463	5E-05	-0.00015
0.464	0	-0.0003
0.465	0	-0.0006
0.466	5E-05	-0.00015
0.467	5E-05	0.0003
0.468	0	0.0003
0.469	5E-05	-0.00075
0.47	5E-05	-0.0012
0.471	0	-0.0012
0.472	0	-0.0009
0.473	5E-05	-0.0006
0.474	5E-05	-0.00045
0.475	0	-0.00135
0.476	0	-0.0009
0.477	5E-05	-0.00045
0.478	0	-0.00045
0.479	5E-05	0
0.48	5E-05	-0.0006
0.481	0	-0.0009
0.482	5E-05	-0.00105
0.483	5E-05	-0.00015
0.484	0	-0.00105
0.485	0	-0.00105
0.486	5E-05	-0.00075
0.487	5E-05	-0.0015
0.488	5E-05	-0.00075
0.489	5E-05	-0.00105
0.49	0	-0.0009
0.491	5E-05	-0.0009
0.492	5E-05	-0.00105
0.493	5E-05	-0.0012
0.494	0	-0.00015
0.495	5E-05	-0.00045
0.496	5E-05	-0.0009
0.497	0	-0.00015
0.498	5E-05	-0.00135
0.499	5E-05	-0.0006
0.5	0	-0.00045
0.501	5E-05	-0.00075
0.502	5E-05	-0.0009
0.503	5E-05	-0.0003
0.504	0	-0.00075
0.505	5E-05	-0.00075
0.506	5E-05	-0.00075
0.507	5E-05	-0.0009
0.508	0	-0.0009
0.509	0	-0.0009
0.51	5E-05	-0.00075
0.511	0	-0.0009
0.512	5E-05	-0.0003
0.513	5E-05	-0.00045
0.514	5E-05	-0.00045
0.515	5E-05	-0.00135
0.516	0	-0.0006
0.517	5E-05	-0.00045
0.518	0	-0.0006
0.519	5E-05	-0.0006
0.52	5E-05	-0.00075
0.521	5E-05	-0.00075
0.522	5E-05	-0.0006
0.523	0	-0.00075
0.524	5E-05	-0.00105
0.525	5E-05	-0.00105
0.526	0	-0.00075
0.527	5E-05	-0.0003
0.528	0	-0.00045
0.529	5E-05	-0.00045
0.53	0.0001	-0.00015
0.531	0	-0.00015
0.532	5E-05	-0.00045
0.533	0	-0.0006
0.534	5E-05	-0.0006
0.535	5E-05	-0.00075
0.536	0	-0.0006
0.537	5E-05	-0.0006
0.538	5E-05	-0.0009
0.539	5E-05	-0.00105
0.54	5E-05	-0.00075
0.541	0	-0.0006
0.542	5E-05	-0.00105
0.543	0	-0.00045
0.544	5E-05	-0.0009
0.545	0	-0.0006
0.546	5E-05	-0.00045
0.547	5E-05	-0.0006
0.548	5E-05	-0.0003
0.549	5E-05	-0.0006
0.55	0	-0.0015
0.551	5E-05	-0.0009
0.552	0	-0.0009
0.553	0	-0.00105
0.554	5E-05	-0.00045
0.555	5E-05	-0.0012
0.556	0	-0.0012
0.557	0	-0.0009
0.558	5E-05	-0.00105
0.559	5E-05	-0.0009
0.56	5E-05	-0.0009
0.561	5E-05	-0.00105
0.562	0	-0.00075
0.563	5E-05	-0.00045
0.564	5E-05	-0.00015
0.565	0	-0.00075
0.566	5E-05	-0.00075
0.567	5E-05	-0.0012
0.568	5E-05	-0.00075
0.569	5E-05	-0.00075
0.57	0	-0.00105
0.571	5E-05	-0.0012
0.572	0	-0.00075
0.573	5E-05	-0.00105
0.574	0	-0.0009
0.575	5E-05	-0.00135
0.576	5E-05	-0.00105
0.577	5E-05	0
0.578	5E-05	-0.00075
0.579	5E-05	-0.00135
0.58	5E-05	-0.00045
0.581	5E-05	-0.00045
0.582	5E-05	-0.00045
0.583	0	-0.00045
0.584	0	-0.00135
0.585	5E-05	-0.00075
0.586	5E-05	-0.00015
0.587	0	-0.0012
0.588	5E-05	-0.0009
0.589	0	-0.0009
0.59	0	-0.0006
0.591	5E-05	-0.0003
0.592	5E-05	-0.0009
0.593	5E-05	-0.0009
0.594	5E-05	-0.0003
0.595	5E-05	0
0.596	5E-05	-0.00045
0.597	5E-05	-0.00015
0.598	5E-05	-0.0003
0.599	5E-05	0.00015
0.6	5E-05	0.00015
0.601	5E-05	-0.0012
0.602	5E-05	-0.00015
0.603	0	0
0.604	5E-05	-0.00045
0.605	5E-05	-0.00075
0.606	0	-0.00075
0.607	5E-05	-0.0003
0.608	5E-05	0
0.609	5E-05	-0.00015
0.61	0	-0.00075
0.611	5E-05	-0.00045
0.612	0	-0.0003
0.613	5E-05	-0.00015
0.614	0.0001	0.00015
0.615	5E-05	-0.00045
0.616	5E-05	-0.00015
0.617	5E-05	0
0.618	0	0.00015
0.619	5E-05	-0.00015
0.62	0	-0.00015
0.621	5E-05	-0.0009
0.622	0	-0.0009
0.623	5E-05	-0.0003
0.624	5E-05	-0.00045
0.625	0	0
0.626	5E-05	0.00015
0.627	5E-05	-0.0003
0.628	5E-05	0
0.629	0	0.00015
0.63	0	-0.00045
0.631	5E-05	0
0.632	5E-05	0
0.633	5E-05	-0.0006
0.634	5E-05	-0.0003
0.635	5E-05	0.0003
0.636	5E-05	-0.00045
0.637	5E-05	-0.00015
0.638	5E-05	-0.00015
0.639	0	-0.0009
0.64	0	0
0.641	5E-05	0.00015
0.642	5E-05	-0.00075
0.643	5E-05	-0.00015
0.644	0	-0.0003
0.645	5E-05	-0.0003
0.646	0	0.0006
0.647	5E-05	0
0.648	5E-05	-0.0003
0.649	0	0
0.65	5E-05	-0.0003
0.651	5E-05	-0.0003
0.652	5E-05	-0.0003
0.653	0	-0.00045
0.654	5E-05	-0.0003
0.655	5E-05	-0.0006
0.656	5E-05	-0.00045
0.657	5E-05	-0.00045
0.658	0	-0.00045
0.659	5E-05	-0.0003
0.66	5E-05	-0.0003
0.661	5E-05	-0.00015
0.662	5E-05	-0.00045
0.663	0	0
0.664	5E-05	-0.00015
0.665	5E-05	-0.00015
0.666	5E-05	-0.00015
0.667	5E-05	0
0.668	0	-0.0003
0.669	5E-05	-0.0003
0.67	5E-05	-0.0003
0.671	5E-05	-0.0009
0.672	5E-05	-0.0003
0.673	0	-0.0006
0.674	5E-05	-0.0006
0.675	0	-0.00015
0.676	0	-0.0003
0.677	0	-0.0003
0.678	5E-05	-0.00015
0.679	5E-05	0
0.68	0	-0.0003
0.681	5E-05	-0.0003
0.682	5E-05	-0.00045
0.683	5E-05	-0.00015
0.684	5E-05	0.00015
0.685	5E-05	-0.00015
0.686	5E-05	-0.00015
0.687	0	-0.00015
0.688	5E-05	-0.00075
0.689	5E-05	-0.0003
0.69	5E-05	-0.00015
0.691	5E-05	-0.0003
0.692	5E-05	-0.00015
0.693	5E-05	-0.00045
0.694	5E-05	-0.0003
0.695	5E-05	0.00015
0.696	0	0
0.697	5E-05	-0.00015
0.698	0	0.00045
0.699	5E-05	-0.0003
0.7	5E-05	-0.00015
0.701	0	-0.00015
0.702	5E-05	-0.00045
0.703	5E-05	-0.0003
0.704	5E-05	-0.00045
0.705	5E-05	-0.00015
0.706	0	-0.00045
0.707	5E-05	-0.00045
0.708	5E-05	-0.0003
0.709	5E-05	-0.00015
0.71	0	-0.00015
0.711	5E-05	-0.0003
0.712	5E-05	0
0.713	5E-05	0
0.714	5E-05	0.00015
0.715	5E-05	0
0.716	0	-0.0003
0.717	0	-0.0003
0.718	5E-05	-0.00015
0.719	5E-05	-0.0006
0.72	0	-0.00045
0.721	0	-0.00045
0.722	5E-05	-0.0006
0.723	5E-05	-0.0003
0.724	0	-0.00015
0.725	0	-0.00075
0.726	5E-05	-0.0003
0.727	5E-05	-0.00015
0.728	5E-05	-0.00045
0.729	-5E-05	-0.00015
0.73	5E-05	-0.00015
0.731	5E-05	-0.00045
0.732	5E-05	0.0003
0.733	5E-05	0
0.734	5E-05	0
0.735	5E-05	-0.00015
0.736	5E-05	-0.0006
0.737	5E-05	-0.00045
0.738	5E-05	-0.0003
0.739	0	-0.0006
0.74	5E-05	-0.00045
0.741	5E-05	-0.0003
0.742	5E-05	-0.0006
0.743	0	-0.00015
0.744	0	-0.00015
0.745	0	-0.0006
0.746	5E-05	-0.0003
0.747	5E-05	-0.00015
0.748	5E-05	-0.00015
0.749	5E-05	0.00015
0.75	5E-05	0
0.751	5E-05	-0.0003
0.752	5E-05	-0.0003
0.753	0	-0.0006
0.754	5E-05	-0.00075
0.755	0	-0.0006
0.756	5E-05	-0.00075
0.757	5E-05	-0.0006
0.758	0	-0.00045
0.759	5E-05	-0.00045
0.76	5E-05	-0.00015
0.761	5E-05	0
0.762	0	-0.00045
0.763	0	-0.0003
0.764	5E-05	-0.00015
0.765	0	-0.0003
0.766	5E-05	-0.00045
0.767	5E-05	-0.00045
0.768	0	-0.00045
0.769	5E-05	-0.00045
0.77	5E-05	-0.00075
0.771	5E-05	-0.00075
0.772	0	-0.00045
0.773	0	-0.00075
0.774	5E-05	-0.00075
0.775	5E-05	-0.00045
0.776	5E-05	-0.0003
0.777	5E-05	-0.00015
0.778	0	0
0.779	5E-05	-0.0003
0.78	5E-05	-0.00045
0.781	5E-05	-0.00045
0.782	0	-0.0006
0.783	5E-05	-0.00075
0.784	5E-05	-0.00075
0.785	0	-0.0006
0.786	5E-05	-0.0006
0.787	0	-0.0006
0.788	5E-05	-0.00075
0.789	5E-05	-0.00075
0.79	5E-05	-0.0003
0.791	0	-0.0009
0.792	0	-0.00045
0.793	5E-05	-0.0009
0.794	5E-05	-0.00075
0.795	0	-0.00015
0.796	5E-05	-0.00015
0.797	5E-05	-0.00045
0.798	5E-05	-0.0006
0.799	5E-05	-0.00045
0.8	5E-05	-0.0003
0.801	5E-05	-0.00015
0.802	5E-05	-0.0012
0.803	5E-05	-0.0009
0.804	0	-0.0006
0.805	0	-0.00105
0.806	5E-05	-0.0006
0.807	0	-0.0006
0.808	5E-05	-0.0009
0.809	5E-05	-0.0006
0.81	5E-05	-0.00045
0.811	5E-05	-0.00075
0.812	5E-05	-0.00045
0.813	5E-05	-0.00075
0.814	5E-05	-0.0009
0.815	5E-05	-0.00045
0.816	5E-05	-0.0003
0.817	5E-05	-0.00075
0.818	0	-0.0006
0.819	0	-0.00105
0.82	5E-05	-0.0012
0.821	0	-0.0006
0.822	5E-05	-0.00105
0.823	0	-0.00135
0.824	0	-0.0012
0.825	5E-05	-0.0009
0.826	0	-0.0009
0.827	5E-05	-0.0003
0.828	0	-0.00105
0.829	5E-05	-0.00105
0.83	5E-05	-0.0006
0.831	0	-0.00075
0.832	5E-05	-0.0003
0.833	0	-0.0009
0.834	5E-05	-0.0012
0.835	0	-0.00105
0.836	5E-05	-0.00105
0.837	5E-05	-0.0009
0.838	0	-0.00105
0.839	5E-05	-0.00135
0.84	5E-05	-0.00105
0.841	5E-05	-0.00135
0.842	0	-0.0015
0.843	0	-0.0012
0.844	5E-05	-0.00105
0.845	5E-05	-0.00075
0.846	5E-05	-0.0009
0.847	5E-05	-0.00075
0.848	0	-0.0009
0.849	0	-0.00075
0.85	5E-05	-0.0006
0.851	5E-05	-0.00105
0.852	5E-05	-0.00105
0.853	0	-0.0012
0.854	0	-0.0015
0.855	5E-05	-0.0009
0.856	5E-05	-0.00075
0.857	5E-05	-0.00105
0.858	5E-05	-0.00075
0.859	5E-05	-0.0009
0.86	5E-05	-0.0006
0.861	0	-0.00015
0.862	0	-0.00045
0.863	5E-05	-0.0006
0.864	0	-0.0006
0.865	5E-05	-0.0006
0.866	5E-05	-0.0003
0.867	5E-05	0.00015
0.868	5E-05	-0.00015
0.869	5E-05	-0.0015
0.87	5E-05	-0.00075
0.871	0	-0.00075
0.872	5E-05	-0.00045
0.873	5E-05	-0.0003
0.874	0	-0.00105
0.875	0.0001	-0.0009
0.876	0	0.00015
0.877	5E-05	0.00015
0.878	5E-05	0.0003
0.879	5E-05	-0.0003
0.88	5E-05	-0.00105
0.881	0	0.00015
0.882	5E-05	-0.00015
0.883	0	-0.00015
0.884	5E-05	-0.00015
0.885	5E-05	-0.00015
0.886	0	-0.00015
0.887	5E-05	-0.00015
0.888	5E-05	-0.0006
0.889	5E-05	-0.0003
0.89	5E-05	-0.0006
0.891	0	-0.00075
0.892	5E-05	-0.00045
0.893	0	-0.0003
0.894	5E-05	-0.00045
0.895	5E-05	0.00015
0.896	0	0.00045
0.897	0	0.00015
0.898	0	-0.00015
0.899	0	0
0.9	5E-05	-0.00075
0.901	5E-05	0.00045
0.902	5E-05	-0.00045
0.903	5E-05	-0.00075
0.904	5E-05	-0.00015
0.905	5E-05	-0.00045
0.906	5E-05	0.00015
0.907	5E-05	0.00015
0.908	0	-0.00015
0.909	0	-0.00045
0.91	0	-0.00015
0.911	5E-05	-0.0006
0.912	5E-05	-0.00015
0.913	0	-0.00015
0.914	5E-05	-0.00015
0.915	5E-05	-0.00015
0.916	5E-05	0
0.917	0	-0.00015
0.918	5E-05	-0.0003
0.919	5E-05	-0.00015
0.92	5E-05	-0.0006
0.921	5E-05	-0.0006
0.922	0	-0.00015
0.923	5E-05	-0.00075
0.924	5E-05	-0.0003
0.925	5E-05	-0.00015
0.926	5E-05	0.00015
0.927	0	0.00015
0.928	5E-05	-0.00015
0.929	0	-0.0003
0.93	5E-05	-0.00015
0.931	0	0
0.932	0	-0.0006
0.933	5E-05	0.00045
0.934	5E-05	-0.00075
0.935	5E-05	0
0.936	0	-0.0003
0.937	0	-0.0003
0.938	5E-05	-0.00045
0.939	5E-05	-0.0003
0.94	5E-05	-0.00015
0.941	5E-05	0.00015
0.942	5E-05	-0.00015
0.943	5E-05	-0.00015
0.944	5E-05	0.0003
0.945	5E-05	0.00015
0.946	0	0.0003
0.947	5E-05	0.0003
0.948	5E-05	0.00015
0.949	5E-05	-0.0003
0.95	5E-05	0.0003
0.951	5E-05	0
0.952	5E-05	0.00015
0.953	0	-0.00015
0.954	5E-05	0.0003
0.955	5E-05	0.00045
0.956	0	-0.00015
0.957	5E-05	0.00015
0.958	0	0
0.959	5E-05	-0.00015
0.96	0	-0.00015
0.961	0	0.00015
0.962	5E-05	0
0.963	5E-05	0.00015
0.964	5E-05	0.00075
0.965	0	0.00075
0.966	5E-05	0.0006
0.967	5E-05	0
0.968	0	-0.0003
0.969	5E-05	-0.00015
0.97	0	0.0003
0.971	5E-05	-0.00015
0.972	5E-05	-0.00045
0.973	5E-05	0
0.974	5E-05	-0.0003
0.975	0	0
0.976	5E-05	-0.00015
0.977	5E-05	-0.00015
0.978	5E-05	0.00015
0.979	5E-05	0.00015
0.98	0	0
0.981	0.0001	0
0.982	0	0.0003
0.983	0	0.00045
0.984	0	-0.00015
0.985	5E-05	0
0.986	0	-0.0006
0.987	5E-05	-0.00015
0.988	5E-05	-0.0009
0.989	5E-05	-0.0009
0.99	5E-05	-0.0006
0.991	5E-05	-0.00015
0.992	5E-05	0.00015
0.993	0	-0.0003
0.994	0	-0.00045
0.995	5E-05	-0.00105
0.996	0	0.00075
0.997	5E-05	0
0.998	5E-05	-0.0006
0.999	0	-0.00075
1	5E-05	-0.00015
1.001	5E-05	-0.00045
1.002	5E-05	-0.00045
1.003	0	-0.00045
1.004	0	-0.00075
1.005	5E-05	-0.00015
1.006	5E-05	-0.0006
1.007	5E-05	-0.00045
1.008	0	-0.00045
1.009	5E-05	-0.00015
1.01	5E-05	-0.00075
1.011	5E-05	-0.0003
1.012	5E-05	-0.00045
1.013	0	-0.0003
1.014	5E-05	-0.00015
1.015	5E-05	-0.0006
1.016	5E-05	-0.0009
1.017	0	-0.00045
1.018	0	0
1.019	5E-05	-0.00045
1.02	5E-05	-0.0003
1.021	5E-05	-0.00105
1.022	0	-0.00045
1.023	5E-05	-0.0006
1.024	5E-05	-0.0009
1.025	5E-05	-0.0006
1.026	0	-0.0006
1.027	0	-0.0003
1.028	5E-05	-0.00045
1.029	5E-05	-0.0003
1.03	5E-05	-0.0003
1.031	5E-05	-0.0003
1.032	0	-0.0006
1.033	5E-05	-0.00045
1.034	5E-05	-0.00015
1.035	0	-0.00075
1.036	0	-0.00075
1.037	0	-0.0012
1.038	0	-0.00075
1.039	0	-0.00015
1.04	5E-05	-0.00075
1.041	5E-05	-0.00075
1.042	0	-0.00135
1.043	5E-05	-0.00075
1.044	0	-0.00075
1.045	0	-0.00045
1.046	5E-05	-0.00045
1.047	5E-05	-0.00015
1.048	5E-05	0.00015
1.049	0	-0.00105
1.05	5E-05	-0.00015
1.051	0	0
1.052	0	-0.00045
1.053	5E-05	-0.00135
1.054	0	-0.00045
1.055	5E-05	-0.0009
1.056	5E-05	-0.0009
1.057	5E-05	-0.00075
1.058	0	-0.00195
1.059	0	-0.00015
1.06	5E-05	-0.00015
1.061	5E-05	-0.0006
1.062	5E-05	0
1.063	5E-05	-0.00015
1.064	0	-0.00075
1.065	5E-05	-0.00045
1.066	5E-05	-0.00045
1.067	0	-0.00075
1.068	5E-05	-0.00075
1.069	5E-05	-0.00045
1.07	5E-05	-0.0006
1.071	5E-05	-0.0006
1.072	0	-0.0009
1.073	5E-05	-0.0006
1.074	5E-05	-0.0003
1.075	5E-05	-0.0015
1.076	5E-05	-0.0006
1.077	5E-05	-0.0006
1.078	5E-05	-0.00075
1.079	5E-05	-0.0009
1.08	5E-05	-0.00015
1.081	0	-0.0003
1.082	5E-05	-0.0009
1.083	5E-05	-0.0003
1.084	5E-05	-0.00105
1.085	5E-05	-0.0006
1.086	0	-0.00105
1.087	5E-05	-0.00075
1.088	0	-0.0006
1.089	5E-05	-0.00045
1.09	0.0001	-0.0003
1.091	5E-05	-0.0003
1.092	0	-0.0009
1.093	0	-0.0009
1.094	5E-05	-0.0003
1.095	0	-0.0006
1.096	0	-0.0012
1.097	5E-05	-0.00015
1.098	5E-05	-0.0003
1.099	5E-05	-0.0003
1.1	0	-0.0006
1.101	5E-05	-0.00015
1.102	5E-05	-0.0006
1.103	5E-05	-0.0009
1.104	5E-05	-0.00135
1.105	0	-0.00045
1.106	5E-05	-0.0003
1.107	5E-05	-0.00105
1.108	0	-0.0003
1.109	5E-05	-0.0009
1.11	0	-0.00105
1.111	5E-05	-0.00015
1.112	0	-0.00015
1.113	5E-05	-0.0006
1.114	5E-05	-0.0003
1.115	5E-05	-0.0003
1.116	5E-05	-0.0003
1.117	0	0.00015
1.118	0	-0.0003
1.119	0	-0.0012
1.12	0	-0.00075
1.121	0	-0.00165
1.122	5E-05	-0.0009
1.123	0	-0.0006
1.124	0	-0.00135
1.125	5E-05	-0.00075
1.126	5E-05	0
1.127	5E-05	0
1.128	5E-05	0
1.129	5E-05	-0.0006
1.13	5E-05	-0.00045
1.131	0	-0.00045
1.132	5E-05	-0.0003
1.133	5E-05	-0.00075
1.134	5E-05	-0.00015
1.135	5E-05	-0.0006
1.136	5E-05	-0.00015
1.137	0	-0.00045
1.138	0	-0.00135
1.139	0	-0.00135
1.14	5E-05	-0.0006
1.141	5E-05	-0.00045
1.142	0	-0.00135
1.143	5E-05	-0.0003
1.144	0	-0.00045
1.145	5E-05	-0.00075
1.146	5E-05	-0.00045
1.147	0	-0.0006
1.148	0	-0.0003
1.149	5E-05	-0.0003
1.15	0	-0.0012
1.151	0	-0.00045
1.152	5E-05	-0.00075
1.153	0	-0.0003
1.154	5E-05	-0.0006
1.155	5E-05	-0.0012
1.156	0	-0.00045
1.157	5E-05	-0.00045
1.158	5E-05	-0.0006
1.159	5E-05	-0.00045
1.16	0	0
1.161	0	-0.0009
1.162	5E-05	-0.0003
1.163	5E-05	-0.0009
1.164	5E-05	-0.0006
1.165	5E-05	0.0006
1.166	0	-0.00045
1.167	0	-0.0003
1.168	5E-05	-0.0003
1.169	0	-0.00015
1.17	5E-05	0
1.171	0	0
1.172	0	-0.0009
1.173	5E-05	-0.00135
1.174	0	0.0003
1.175	5E-05	-0.00045
1.176	5E-05	-0.00045
1.177	5E-05	-0.00015
1.178	5E-05	-0.00045
1.179	0	-0.0003
1.18	0	-0.00015
1.181	5E-05	-0.00075
1.182	0	-0.00075
1.183	5E-05	-0.00045
1.184	0	-0.00105
1.185	5E-05	-0.0003
1.186	0	0
1.187	0	-0.00075
1.188	5E-05	-0.00015
1.189	0	-0.00075
1.19	0	-0.0015
1.191	5E-05	-0.0006
1.192	5E-05	-0.00045
1.193	0.0001	-0.0012
1.194	0	-0.0003
1.195	5E-05	0.00015
1.196	5E-05	-0.00015
1.197	5E-05	0.00045
1.198	5E-05	-0.00015
1.199	5E-05	-0.0006
1.2	5E-05	-0.0003
1.201	5E-05	-0.00075
1.202	5E-05	-0.00045
1.203	0	-0.0003
1.204	0	-0.0012
1.205	5E-05	-0.0009
1.206	5E-05	0.0006
1.207	5E-05	-0.00045
1.208	0	-0.00105
1.209	5E-05	-0.0006
1.21	5E-05	-0.00045
1.211	5E-05	-0.0003
1.212	5E-05	-0.0003
1.213	5E-05	0
1.214	5E-05	0.00045
1.215	5E-05	-0.0003
1.216	5E-05	-0.0003
1.217	0	0
1.218	5E-05	-0.0003
1.219	5E-05	-0.0009
1.22	0	-0.0003
1.221	5E-05	-0.0006
1.222	5E-05	-0.00045
1.223	5E-05	0.00015
1.224	5E-05	-0.00075
1.225	5E-05	-0.0003
1.226	5E-05	-0.00135
1.227	0	-0.00015
1.228	5E-05	0.00015
1.229	5E-05	-0.0006
1.23	0	-0.0006
1.231	5E-05	-0.00045
1.232	5E-05	-0.0003
1.233	5E-05	-0.0006
1.234	5E-05	-0.00015
1.235	5E-05	-0.00045
1.236	0	-0.00045
1.237	0	-0.00045
1.238	5E-05	-0.00045
1.239	0	-0.00075
1.24	5E-05	-0.00045
1.241	5E-05	-0.0003
1.242	0	-0.00135
1.243	0	-0.0006
1.244	0	-0.0009
1.245	5E-05	0
1.246	5E-05	-0.00045
1.247	5E-05	-0.00075
1.248	5E-05	-0.0006
1.249	0	0.00015
1.25	5E-05	-0.0006
1.251	5E-05	-0.0009
1.252	5E-05	-0.0009
1.253	0	-0.0012
1.254	5E-05	-0.00075
1.255	0	-0.00105
1.256	0	-0.00105
1.257	5E-05	-0.00045
1.258	5E-05	-0.00045
1.259	5E-05	-0.0015
1.26	0	-0.0006
1.261	5E-05	-0.0006
1.262	5E-05	-0.00105
1.263	5E-05	0
1.264	5E-05	-0.00045
1.265	0	-0.0009
1.266	5E-05	-0.00045
1.267	5E-05	-0.0003
1.268	5E-05	0
1.269	5E-05	-0.00045
1.27	5E-05	-0.0006
1.271	5E-05	-0.0015
1.272	0	-0.00135
1.273	5E-05	-0.0012
1.274	0	-0.0003
1.275	5E-05	-0.0006
1.276	0	-0.00045
1.277	5E-05	0
1.278	5E-05	0.0003
1.279	5E-05	0.0003
1.28	5E-05	-0.00045
1.281	5E-05	-0.00075
1.282	5E-05	-0.0012
1.283	5E-05	-0.00045
1.284	5E-05	0.00015
1.285	5E-05	0
1.286	0	-0.0003
1.287	5E-05	-0.00075
1.288	5E-05	-0.0006
1.289	0	-0.00015
1.29	5E-05	0
1.291	0	-0.0003
1.292	5E-05	-0.00105
1.293	5E-05	-0.00015
1.294	5E-05	-0.00045
1.295	0	0.0003
1.296	0	0.00015
1.297	5E-05	-0.0003
1.298	5E-05	-0.00045
1.299	5E-05	0.00015
1.3	0	0
1.301	5E-05	0.00015
1.302	5E-05	-0.0009
1.303	5E-05	-0.00045
1.304	5E-05	-0.0003
1.305	5E-05	-0.0003
1.306	0	-0.0006
1.307	0.0001	0.00015
1.308	0	-0.00015
1.309	0	-0.00015
1.31	0	0.00015
1.311	5E-05	-0.00015
1.312	5E-05	0.00045
1.313	5E-05	0.0003
1.314	0	0.00015
1.315	0	0
1.316	5E-05	-0.0003
1.317	5E-05	-0.0006
1.318	5E-05	0.00045
1.319	0	-0.00045
1.32	5E-05	-0.0003
1.321	0	-0.00045
1.322	5E-05	-0.0006
1.323	5E-05	0.00015
1.324	5E-05	-0.0003
1.325	5E-05	0
1.326	5E-05	-0.00045
1.327	5E-05	-0.0003
1.328	5E-05	-0.00045
1.329	0	-0.00015
1.33	0	-0.00045
1.331	5E-05	-0.00045
1.332	0	0.00015
1.333	5E-05	-0.0003
1.334	0	-0.0003
1.335	5E-05	0
1.336	5E-05	-0.0006
1.337	5E-05	-0.0006
1.338	5E-05	-0.00075
1.339	0	-0.00075
1.34	5E-05	-0.00045
1.341	0	-0.00075
1.342	0	-0.0006
1.343	5E-05	-0.0003
1.344	5E-05	-0.00045
1.345	5E-05	-0.0003
1.346	5E-05	0
1.347	5E-05	0
1.348	5E-05	-0.0003
1.349	5E-05	-0.0003
1.35	5E-05	-0.00045
1.351	5E-05	-0.00045
1.352	0	-0.0006
1.353	0	-0.00015
1.354	0	-0.0006
1.355	0	-0.00015
1.356	5E-05	-0.0009
1.357	5E-05	-0.0003
1.358	0	-0.0003
1.359	5E-05	-0.00075
1.36	5E-05	-0.0006
1.361	5E-05	-0.0003
1.362	0	-0.00045
1.363	5E-05	-0.00045
1.364	5E-05	-0.00015
1.365	5E-05	0
1.366	5E-05	-0.00015
1.367	0	-0.00015
1.368	5E-05	-0.00045
1.369	5E-05	-0.00075
1.37	0	-0.0006
1.371	5E-05	-0.00075
1.372	5E-05	-0.0003
1.373	0.0001	-0.0006
1.374	5E-05	-0.00075
1.375	0	0.0003
1.376	0	0
1.377	0	-0.00045
1.378	5E-05	-0.00045
1.379	5E-05	-0.0003
1.38	0	-0.0003
1.381	0	0.00015
1.382	5E-05	-0.0003
1.383	5E-05	0
1.384	5E-05	0.0003
1.385	0	-0.0003
1.386	5E-05	-0.0006
1.387	0	-0.00045
1.388	0	-0.00075
1.389	5E-05	-0.0006
1.39	0	-0.0003
1.391	0	-0.0009
1.392	5E-05	0
1.393	0	0
1.394	5E-05	-0.00015
1.395	0	-0.00045
1.396	5E-05	0.0003
1.397	0	-0.0006
1.398	0	-0.00015
1.399	5E-05	-0.00015
1.4	0	-0.00045
1.401	5E-05	-0.00015
1.402	5E-05	-0.0006
1.403	5E-05	-0.00015
1.404	0	-0.00045
1.405	5E-05	-0.0006
1.406	5E-05	-0.0012
1.407	0	-0.0006
1.408	0	-0.00075
1.409	5E-05	-0.0003
1.41	5E-05	0
1.411	0	-0.0003
1.412	5E-05	-0.00015
1.413	5E-05	-0.00015
1.414	5E-05	0
1.415	5E-05	-0.00015
1.416	5E-05	-0.00045
1.417	5E-05	-0.00045
1.418	0	-0.00015
1.419	5E-05	-0.0006
1.42	0.0001	-0.0006
1.421	0	-0.00015
1.422	5E-05	-0.00045
1.423	0	-0.00015
1.424	5E-05	-0.0006
1.425	5E-05	-0.00015
1.426	5E-05	-0.0003
1.427	5E-05	0
1.428	0	-0.0006
1.429	5E-05	-0.0003
1.43	5E-05	0
1.431	0	-0.00045
1.432	5E-05	-0.00015
1.433	5E-05	-0.0003
1.434	5E-05	-0.00045
1.435	5E-05	-0.0009
1.436	0	-0.00045
1.437	5E-05	-0.00075
1.438	5E-05	-0.0006
1.439	5E-05	-0.0009
1.44	0	-0.00075
1.441	0	0
1.442	0	-0.00045
1.443	5E-05	-0.0009
1.444	5E-05	-0.00045
1.445	5E-05	-0.00045
1.446	5E-05	-0.0003
1.447	0	0.0003
1.448	0.0001	-0.0003
1.449	5E-05	-0.00105
1.45	5E-05	-0.0003
1.451	5E-05	0
1.452	5E-05	-0.00045
1.453	5E-05	-0.0006
1.454	5E-05	-0.00135
1.455	5E-05	-0.0009
1.456	5E-05	-0.0003
1.457	0	-0.0009
1.458	5E-05	-0.0006
1.459	0	-0.00045
1.46	5E-05	-0.00015
1.461	0	-0.0003
1.462	5E-05	0
1.463	0	-0.0006
1.464	0	-0.00015
1.465	5E-05	-0.00015
1.466	5E-05	-0.0009
1.467	5E-05	0
1.468	5E-05	-0.0003
1.469	5E-05	-0.00045
1.47	5E-05	-0.00075
1.471	5E-05	-0.00075
1.472	5E-05	-0.00105
1.473	5E-05	-0.00075
1.474	5E-05	-0.0009
1.475	5E-05	-0.00105
1.476	5E-05	-0.00015
1.477	5E-05	-0.00075
1.478	5E-05	-0.00075
1.479	5E-05	-0.0003
1.48	5E-05	-0.0003
1.481	5E-05	-0.00015
1.482	0	-0.00045
1.483	0	-0.00075
1.484	0	-0.0006
1.485	5E-05	-0.00015
1.486	0.0001	-0.00075
1.487	0	-0.00075
1.488	5E-05	-0.00075
1.489	0	-0.00075
1.49	5E-05	-0.00045
1.491	5E-05	-0.0006
1.492	0	-0.00075
1.493	5E-05	-0.00045
1.494	5E-05	0
1.495	5E-05	-0.00015
1.496	5E-05	-0.0006
1.497	0	-0.00015
1.498	5E-05	-0.0003
1.499	0	-0.00015
1.5	5E-05	-0.00075
1.501	5E-05	-0.0006
1.502	5E-05	-0.0006
1.503	5E-05	-0.00075
1.504	5E-05	-0.0006
1.505	0	-0.00105
1.506	0	-0.0006
1.507	5E-05	-0.00045
1.508	5E-05	-0.00045
1.509	5E-05	-0.00075
1.51	0	-0.0003
1.511	5E-05	-0.00075
1.512	5E-05	-0.00045
1.513	0	-0.00075
1.514	5E-05	-0.0006
1.515	5E-05	-0.0006
1.516	5E-05	-0.00015
1.517	0	-0.0003
1.518	5E-05	-0.00015
1.519	5E-05	-0.0003
1.52	5E-05	-0.0009
1.521	5E-05	-0.00075
1.522	0	-0.0006
1.523	5E-05	-0.00075
1.524	5E-05	-0.0006
1.525	5E-05	-0.0003
1.526	0	-0.00045
1.527	5E-05	-0.0003
1.528	5E-05	-0.0003
1.529	0	-0.0006
1.53	5E-05	0
1.531	5E-05	-0.00045
1.532	5E-05	-0.0003
1.533	5E-05	-0.0003
1.534	5E-05	0
1.535	5E-05	-0.0003
1.536	5E-05	-0.0003
1.537	0	-0.0006
1.538	5E-05	-0.00105
1.539	0	-0.00075
1.54	5E-05	-0.00075
1.541	5E-05	-0.00045
1.542	5E-05	-0.0003
1.543	5E-05	-0.00015
1.544	0	-0.0003
1.545	5E-05	0
1.546	0	-0.00045
1.547	5E-05	-0.00015
1.548	0	-0.00045
1.549	0	-0.00075
1.55	5E-05	-0.0003
1.551	5E-05	-0.00015
1.552	5E-05	-0.0003
1.553	0	-0.00045
1.554	0	-0.00045
1.555	5E-05	-0.00075
1.556	0	0.0003
1.557	5E-05	-0.0006
1.558	5E-05	-0.0006
1.559	5E-05	-0.0003
1.56	5E-05	0.00015
1.561	5E-05	0
1.562	5E-05	0.0003
1.563	5E-05	0
1.564	5E-05	-0.00015
1.565	0	0.00075
1.566	0	-0.00045
1.567	5E-05	-0.00045
1.568	5E-05	-0.00015
1.569	0	-0.0003
1.57	5E-05	0
1.571	5E-05	0.00015
1.572	5E-05	-0.0003
1.573	5E-05	0
1.574	5E-05	-0.00015
1.575	5E-05	-0.0006
1.576	0	-0.00015
1.577	5E-05	0
1.578	5E-05	-0.00015
1.579	0	0.0003
1.58	5E-05	0.0003
1.581	5E-05	-0.0003
1.582	0	0.00045
1.583	5E-05	-0.00045
1.584	5E-05	-0.00045
1.585	5E-05	0
1.586	0	-0.00015
1.587	5E-05	-0.0003
1.588	5E-05	0.00015
1.589	0	0.00015
1.59	5E-05	-0.0003
1.591	0	0
1.592	0	-0.0003
1.593	5E-05	0.00015
1.594	0	0.00045
1.595	5E-05	0.00015
1.596	5E-05	0
1.597	5E-05	0.00045
1.598	5E-05	0.0003
1.599	5E-05	0.00045
1.6	5E-05	-0.00015
1.601	0	0
1.602	5E-05	0.00015
1.603	5E-05	0
1.604	5E-05	-0.00045
1.605	5E-05	-0.00045
1.606	5E-05	-0.0003
1.607	5E-05	0.0003
1.608	5E-05	-0.00015
1.609	5E-05	-0.00105
1.61	5E-05	-0.0003
1.611	0	0.00045
1.612	5E-05	0
1.613	5E-05	-0.0003
1.614	5E-05	-0.00015
1.615	5E-05	-0.00015
1.616	5E-05	0.00015
1.617	5E-05	-0.00015
1.618	0	-0.00075
1.619	5E-05	-0.0003
1.62	5E-05	-0.00015
1.621	5E-05	-0.0006
1.622	0	-0.00045
1.623	0	-0.0006
1.624	5E-05	-0.00045
1.625	0	0
1.626	5E-05	-0.00045
1.627	5E-05	-0.00015
1.628	5E-05	0.0003
1.629	5E-05	0
1.63	5E-05	-0.0003
1.631	0	-0.0003
1.632	0	-0.0003
1.633	5E-05	-0.00015
1.634	5E-05	0.00015
1.635	0	-0.0012
1.636	0	-0.0006
1.637	0	-0.0003
1.638	5E-05	-0.00045
1.639	5E-05	-0.00015
1.64	5E-05	-0.0006
1.641	0	-0.00105
1.642	0	-0.00015
1.643	5E-05	0.00015
1.644	5E-05	0.00015
1.645	5E-05	-0.0003
1.646	5E-05	-0.00045
1.647	5E-05	-0.00015
1.648	5E-05	-0.00015
1.649	5E-05	0.0003
1.65	5E-05	0.00015
1.651	0	-0.0003
1.652	5E-05	-0.00045
1.653	0	-0.0003
1.654	5E-05	-0.00045
1.655	0	-0.00045
1.656	5E-05	-0.00045
1.657	5E-05	-0.0003
1.658	5E-05	-0.00015
1.659	5E-05	-0.0006
1.66	0	-0.00045
1.661	5E-05	-0.00045
1.662	5E-05	0.00015
1.663	5E-05	0.00015
1.664	0	-0.00075
1.665	0	-0.0003
1.666	5E-05	0
1.667	5E-05	0.00015
1.668	5E-05	0.0003
1.669	5E-05	-0.00075
1.67	0	-0.00075
1.671	5E-05	-0.00075
1.672	5E-05	-0.00075
1.673	5E-05	-0.0006
1.674	5E-05	-0.0006
1.675	0	-0.00075
1.676	5E-05	-0.00075
1.677	5E-05	-0.00045
1.678	0	-0.00045
1.679	0	-0.0006
1.68	0	-0.00075
1.681	5E-05	-0.0009
1.682	0	-0.0006
1.683	0	0.00015
1.684	5E-05	-0.00045
1.685	5E-05	-0.0009
1.686	5E-05	-0.00105
1.687	0	-0.0012
1.688	0	-0.00075
1.689	5E-05	-0.0009
1.69	0	-0.00105
1.691	5E-05	-0.00105
1.692	5E-05	-0.0009
1.693	5E-05	-0.0012
1.694	0	-0.00015
1.695	5E-05	-0.00075
1.696	5E-05	-0.00075
1.697	5E-05	-0.00045
1.698	5E-05	-0.0006
1.699	5E-05	-0.0006
1.7	5E-05	-0.0006
1.701	0	-0.0003
1.702	0	-0.0009
1.703	5E-05	-0.00075
1.704	0	-0.0006
1.705	5E-05	-0.0003
1.706	5E-05	-0.0012
1.707	5E-05	-0.0009
1.708	0	-0.0009
1.709	5E-05	-0.0012
1.71	5E-05	-0.0009
1.711	0	-0.00075
1.712	5E-05	-0.0006
1.713	5E-05	-0.00045
1.714	5E-05	-0.00015
1.715	5E-05	-0.0006
1.716	5E-05	-0.00015
1.717	0	-0.00045
1.718	5E-05	-0.00075
1.719	5E-05	-0.00075
1.72	5E-05	-0.0009
1.721	5E-05	-0.00105
1.722	5E-05	-0.00075
1.723	0	-0.00045
1.724	5E-05	-0.0012
1.725	5E-05	-0.00045
1.726	0	-0.0012
1.727	0	-0.0003
1.728	5E-05	-0.00045
1.729	5E-05	-0.00045
1.73	5E-05	-0.00075
1.731	5E-05	-0.00045
1.732	5E-05	-0.00045
1.733	5E-05	-0.00075
1.734	0	-0.0003
1.735	0	-0.00045
1.736	5E-05	-0.0009
1.737	0	-0.00105
1.738	5E-05	-0.0009
1.739	0	-0.0009
1.74	5E-05	-0.0009
1.741	5E-05	-0.0006
1.742	0	-0.0012
1.743	5E-05	-0.00045
1.744	0	-0.0009
1.745	0	-0.0006
1.746	5E-05	0.00015
1.747	0	-0.0006
1.748	5E-05	-0.00045
1.749	5E-05	-0.00045
1.75	5E-05	-0.0009
1.751	5E-05	-0.0006
1.752	5E-05	-0.0006
1.753	5E-05	-0.0012
1.754	0	-0.00075
1.755	0	-0.00105
1.756	5E-05	-0.0015
1.757	0	-0.0003
1.758	0	-0.00075
1.759	0	-0.0006
1.76	5E-05	-0.0006
1.761	5E-05	-0.00105
1.762	5E-05	-0.0006
1.763	5E-05	-0.00015
1.764	0	-0.00045
1.765	0	-0.0006
1.766	0	-0.0009
1.767	5E-05	-0.00045
1.768	0	-0.0012
1.769	5E-05	-0.00105
1.77	5E-05	-0.0009
1.771	5E-05	-0.00105
1.772	5E-05	-0.0009
1.773	5E-05	-0.00075
1.774	5E-05	-0.00075
1.775	0	-0.00105
1.776	5E-05	-0.00075
1.777	0	-0.0006
1.778	5E-05	-0.00105
1.779	5E-05	-0.0009
1.78	0	-0.0009
1.781	5E-05	-0.00045
1.782	0	-0.00045
1.783	5E-05	-0.00075
1.784	0	-0.0009
1.785	5E-05	-0.00075
1.786	5E-05	-0.00045
1.787	0	-0.0012
1.788	5E-05	-0.00075
1.789	0	-0.00135
1.79	5E-05	-0.0012
1.791	0	-0.0012
1.792	5E-05	-0.00045
1.793	5E-05	-0.00105
1.794	0	-0.00045
1.795	5E-05	-0.0006
1.796	0	-0.0009
1.797	5E-05	-0.00075
1.798	5E-05	-0.00075
1.799	5E-05	-0.0006
1.8	5E-05	-0.00015
1.801	5E-05	-0.0003
1.802	0	-0.00075
1.803	5E-05	-0.0003
1.804	5E-05	-0.0009
1.805	0	-0.0012
1.806	5E-05	-0.0009
1.807	0	-0.0009
1.808	5E-05	-0.0006
1.809	0.0001	-0.00015
1.81	0	-0.00075
1.811	5E-05	-0.0009
1.812	0	-0.00045
1.813	5E-05	-0.00015
1.814	5E-05	-0.00045
1.815	0	-0.00075
1.816	5E-05	-0.00075
1.817	5E-05	-0.00045
1.818	5E-05	-0.0006
1.819	5E-05	-0.0006
1.82	0	-0.00045
1.821	5E-05	-0.0006
1.822	0	-0.00105
1.823	5E-05	-0.0009
1.824	0	-0.00045
1.825	0	-0.00075
1.826	5E-05	-0.00045
1.827	0.0001	-0.0006
1.828	5E-05	-0.0003
1.829	0	0
1.83	5E-05	0.00045
1.831	0	-0.00075
1.832	5E-05	-0.00045
1.833	0	-0.0009
1.834	5E-05	-0.0006
1.835	0	0
1.836	0	-0.0006
1.837	0.0001	-0.0009
1.838	5E-05	-0.00015
1.839	5E-05	-0.00045
1.84	0	-0.0006
1.841	5E-05	-0.00015
1.842	0	-0.00075
1.843	0	-0.0006
1.844	5E-05	-0.0003
1.845	0	-0.0006
1.846	5E-05	0.00015
1.847	0.0001	0.00015
1.848	5E-05	-0.00015
1.849	0	-0.0003
1.85	5E-05	-0.00015
1.851	5E-05	0
1.852	5E-05	-0.0003
1.853	0	-0.00045
1.854	5E-05	-0.00075
1.855	0	-0.00015
1.856	5E-05	0
1.857	5E-05	-0.00015
1.858	5E-05	-0.00015
1.859	5E-05	-0.00075
1.86	5E-05	0
1.861	0	0.00015
1.862	0	0
1.863	5E-05	0.00015
1.864	5E-05	-0.0003
1.865	5E-05	-0.00015
1.866	5E-05	0
1.867	5E-05	0.0006
1.868	5E-05	0
1.869	5E-05	0
1.87	5E-05	-0.00045
1.871	5E-05	-0.00045
1.872	5E-05	0
1.873	5E-05	-0.00045
1.874	5E-05	-0.0006
1.875	0.0001	-0.00015
1.876	0	-0.00075
1.877	5E-05	0.00015
1.878	5E-05	0.00075
1.879	5E-05	-0.00015
1.88	5E-05	0.00015
1.881	0	0.00015
1.882	5E-05	0.00015
1.883	5E-05	0.00045
1.884	5E-05	0
1.885	5E-05	-0.0003
1.886	0	-0.00015
1.887	5E-05	-0.0006
1.888	0	-0.00105
1.889	0	-0.00045
1.89	5E-05	-0.0003
1.891	5E-05	-0.0003
1.892	0	-0.00015
1.893	5E-05	0
1.894	5E-05	-0.0006
1.895	5E-05	-0.00045
1.896	5E-05	0.0003
1.897	5E-05	-0.00015
1.898	0	-0.00015
1.899	0	-0.0006
1.9	0	-0.00015
1.901	0	-0.00015
1.902	5E-05	-0.00015
1.903	5E-05	-0.0003
1.904	5E-05	-0.0006
1.905	5E-05	-0.0009
1.906	5E-05	-0.00045
1.907	0	0.0003
1.908	5E-05	-0.00075
1.909	0	-0.00015
1.91	5E-05	0.0003
1.911	5E-05	-0.00015
1.912	5E-05	0.00015
1.913	5E-05	-0.0003
1.914	5E-05	-0.00015
1.915	5E-05	-0.0003
1.916	5E-05	-0.00045
1.917	5E-05	-0.00015
1.918	5E-05	0
1.919	0	-0.0009
1.92	5E-05	-0.0006
1.921	0	0.00015
1.922	0	-0.00075
1.923	5E-05	-0.0009
1.924	5E-05	-0.0006
1.925	0	-0.0003
1.926	5E-05	-0.00015
1.927	0	-0.00045
1.928	0	-0.00045
1.929	5E-05	-0.00015
1.93	0	-0.00045
1.931	5E-05	-0.00075
1.932	0	0
1.933	0	-0.0003
1.934	5E-05	-0.0003
1.935	0	0
1.936	5E-05	-0.00075
1.937	0	-0.00075
1.938	0	-0.0003
1.939	5E-05	-0.0009
1.94	0	-0.00075
1.941	5E-05	-0.0009
1.942	5E-05	-0.00135
1.943	5E-05	-0.00045
1.944	0	-0.0003
1.945	0	-0.00045
1.946	5E-05	-0.00015
1.947	0	-0.00045
1.948	5E-05	-0.0009
1.949	5E-05	0.00015
1.95	5E-05	-0.0003
1.951	5E-05	-0.00105
1.952	0	-0.0006
1.953	5E-05	-0.00075
1.954	0	-0.00075
1.955	0	-0.00075
1.956	0	-0.00075
1.957	5E-05	-0.00135
1.958	5E-05	-0.00075
1.959	5E-05	-0.0006
1.96	5E-05	-0.00075
1.961	5E-05	-0.00015
1.962	0	-0.00075
1.963	5E-05	-0.00045
1.964	5E-05	0
1.965	0	-0.00105
1.966	5E-05	-0.0009
1.967	0	-0.0006
1.968	0	-0.00135
1.969	0.0001	-0.00105
1.97	0	-0.00075
1.971	5E-05	-0.0009
1.972	0	-0.00075
1.973	5E-05	-0.00135
1.974	5E-05	-0.0015
1.975	0	-0.00015
1.976	5E-05	-0.0009
1.977	5E-05	-0.00075
1.978	5E-05	-0.00075
1.979	5E-05	-0.0009
1.98	5E-05	-0.0006
1.981	5E-05	-0.00045
1.982	5E-05	-0.00105
1.983	5E-05	-0.0009
1.984	5E-05	-0.0009
1.985	0	-0.00165
1.986	5E-05	-0.0006
1.987	5E-05	-0.00075
1.988	5E-05	-0.00105
1.989	5E-05	-0.0012
1.99	5E-05	-0.00105
1.991	5E-05	-0.00075
1.992	5E-05	-0.00105
1.993	0	-0.00075
1.994	0	-0.00105
1.995	5E-05	-0.00075
1.996	5E-05	-0.00075
1.997	5E-05	-0.00075
1.998	0	-0.00015
1.999	0	-0.0012
2	5E-05	-0.0009
2.001	5E-05	-0.00045
2.002	5E-05	-0.0012
2.003	0	-0.00105
2.004	5E-05	-0.0006
2.005	0	-0.0012
2.006	0	-0.0015
2.007	5E-05	-0.0003
2.008	0	-0.0006
2.009	5E-05	-0.00075
2.01	5E-05	-0.0009
2.011	5E-05	-0.0012
2.012	0	0
2.013	5E-05	-0.0003
2.014	5E-05	-0.0003
2.015	5E-05	-0.00075
2.016	0.0001	-0.00045
2.017	5E-05	-0.00015
2.018	0	0
2.019	5E-05	-0.0006
2.02	0	-0.00135
2.021	5E-05	-0.00075
2.022	5E-05	-0.0006
2.023	5E-05	-0.00075
2.024	0	-0.0015
2.025	0.0001	-0.00015
2.026	0.0001	-0.00015
2.027	0	-0.0006
2.028	5E-05	-0.00105
2.029	5E-05	0.00015
2.03	5E-05	0
2.031	5E-05	-0.00015
2.032	5E-05	-0.0006
2.033	5E-05	-0.00015
2.034	5E-05	0
2.035	5E-05	-0.00015
2.036	5E-05	0
2.037	5E-05	-0.00075
2.038	5E-05	-0.00045
2.039	0	-0.00045
2.04	5E-05	0.00015
2.041	0	-0.00105
2.042	5E-05	-0.0006
2.043	5E-05	-0.00015
2.044	0	0
2.045	5E-05	0.00015
2.046	5E-05	-0.0003
2.047	5E-05	0.0003
2.048	5E-05	-0.0003
2.049	5E-05	-0.00015
2.05	5E-05	-0.0006
2.051	5E-05	-0.00015
2.052	5E-05	-0.0003
2.053	5E-05	-0.00015
2.054	5E-05	0
2.055	5E-05	0.00015
2.056	0	0.00015
2.057	5E-05	-0.0006
2.058	5E-05	0.00045
2.059	5E-05	0.00015
2.06	5E-05	0
2.061	5E-05	-0.00015
2.062	5E-05	-0.0003
2.063	5E-05	0
2.064	5E-05	0.00045
2.065	5E-05	0
2.066	5E-05	0.00015
2.067	0	0.0006
2.068	5E-05	0.00045
2.069	0	0.00015
2.07	5E-05	-0.00015
2.071	5E-05	-0.00045
2.072	0	-0.00045
2.073	0	0
2.074	5E-05	-0.0003
2.075	0	0.00015
2.076	5E-05	0.00015
2.077	0	-0.00015
2.078	5E-05	-0.00015
2.079	0	0.00015
2.08	5E-05	0
2.081	5E-05	0.00015
2.082	0	-0.0003
2.083	5E-05	-0.0006
2.084	0	0.0003
2.085	5E-05	0
2.086	5E-05	-0.0003
2.087	5E-05	-0.00015
2.088	5E-05	-0.0012
2.089	0	-0.00105
2.09	5E-05	0.00015
2.091	5E-05	0
2.092	5E-05	-0.00105
2.093	5E-05	-0.00075
2.094	5E-05	-0.0003
2.095	5E-05	-0.0003
2.096	5E-05	0.00015
2.097	5E-05	-0.00015
2.098	0	-0.00075
2.099	0	-0.00075
2.1	5E-05	-0.00075
2.101	5E-05	-0.00015
2.102	5E-05	-0.0006
2.103	0	-0.00075
2.104	5E-05	-0.00135
2.105	5E-05	-0.00105
2.106	5E-05	-0.00045
2.107	0	-0.00015
2.108	0	-0.00105
2.109	5E-05	-0.0012
2.11	0	-0.0006
2.111	0	-0.0009
2.112	5E-05	-0.00015
2.113	5E-05	-0.0006
2.114	5E-05	-0.00015
2.115	0	-0.00075
2.116	5E-05	-0.00105
2.117	0	-0.0012
2.118	5E-05	-0.00075
2.119	5E-05	-0.0006
2.12	0	-0.00105
2.121	5E-05	-0.0009
2.122	0	-0.00075
2.123	5E-05	-0.0006
2.124	5E-05	-0.0009
2.125	5E-05	-0.00015
2.126	5E-05	-0.0012
2.127	5E-05	-0.0003
2.128	5E-05	-0.0006
2.129	5E-05	-0.00075
2.13	5E-05	0.00015
2.131	5E-05	0.00015
2.132	5E-05	-0.00075
2.133	5E-05	-0.00045
2.134	5E-05	-0.00045
2.135	5E-05	-0.00075
2.136	5E-05	-0.0003
2.137	5E-05	-0.0006
2.138	5E-05	-0.0006
2.139	0	-0.00045
2.14	5E-05	-0.00075
2.141	5E-05	-0.00015
2.142	5E-05	-0.0003
2.143	0	-0.00045
2.144	5E-05	-0.0003
2.145	5E-05	-0.00015
2.146	0	-0.0006
2.147	0.0001	-0.0003
2.148	5E-05	0.0003
2.149	5E-05	-0.00045
2.15	5E-05	-0.00015
2.151	0	0.00015
2.152	5E-05	-0.0003
2.153	0	-0.00015
2.154	0	-0.0006
2.155	5E-05	-0.0009
2.156	0	-0.0003
2.157	5E-05	-0.0006
2.158	0	-0.00075
2.159	0.0001	0.00015
2.16	5E-05	-0.00015
2.161	5E-05	-0.0003
2.162	5E-05	0
2.163	0	-0.00015
2.164	5E-05	-0.00015
2.165	0	-0.00015
2.166	0	-0.00015
2.167	0	-0.0006
2.168	0	-0.0006
2.169	5E-05	-0.0003
2.17	5E-05	-0.00015
2.171	5E-05	-0.00045
2.172	0	-0.00105
2.173	0	0
2.174	5E-05	-0.00045
2.175	5E-05	-0.00105
2.176	5E-05	-0.0003
2.177	0	-0.00015
2.178	5E-05	-0.00075
2.179	5E-05	-0.00015
2.18	5E-05	-0.00015
2.181	5E-05	-0.0003
2.182	5E-05	0
2.183	0	-0.0003
2.184	5E-05	-0.0006
2.185	5E-05	-0.0003
2.186	0	-0.00075
2.187	0	-0.0006
2.188	5E-05	-0.0006
2.189	5E-05	-0.00105
2.19	5E-05	-0.0012
2.191	0	0
2.192	5E-05	-0.0003
2.193	0.0001	-0.00045
2.194	5E-05	-0.00045
2.195	0	-0.0006
2.196	0	-0.00045
2.197	0	-0.00045
2.198	5E-05	-0.00075
2.199	0	-0.00015
2.2	5E-05	-0.0003
2.201	0	-0.00015
2.202	5E-05	-0.0006
2.203	5E-05	-0.0006
2.204	5E-05	-0.00075
2.205	0	-0.00075
2.206	5E-05	-0.0009
2.207	5E-05	-0.0009
2.208	5E-05	-0.00015
2.209	0	-0.00015
2.21	5E-05	-0.0003
2.211	0	-0.00015
2.212	5E-05	-0.0006
2.213	5E-05	-0.0003
2.214	5E-05	-0.0006
2.215	5E-05	-0.0006
2.216	0.0001	-0.00015
2.217	5E-05	-0.0003
2.218	5E-05	-0.00015
2.219	5E-05	0.00015
2.22	0	-0.00045
2.221	5E-05	-0.0009
2.222	0	-0.00045
2.223	5E-05	-0.00075
2.224	5E-05	-0.0012
2.225	0	-0.0009
2.226	0.0001	-0.00045
2.227	5E-05	-0.00015
2.228	5E-05	0.00015
2.229	0	-0.00075
2.23	5E-05	-0.0003
2.231	5E-05	0
2.232	0	-0.00015
2.233	0	-0.00045
2.234	5E-05	-0.0009
2.235	5E-05	-0.00045
2.236	5E-05	-0.0003
2.237	5E-05	-0.00045
2.238	5E-05	-0.0009
2.239	0	-0.0009
2.24	5E-05	-0.0009
2.241	5E-05	-0.0009
2.242	0	-0.0006
2.243	5E-05	-0.00015
2.244	5E-05	-0.0003
2.245	5E-05	0
2.246	5E-05	-0.0006
2.247	5E-05	-0.00015
2.248	5E-05	-0.0003
2.249	5E-05	-0.00045
2.25	5E-05	-0.00075
2.251	5E-05	-0.00075
2.252	0	-0.00075
2.253	5E-05	-0.00045
2.254	0	-0.0006
2.255	5E-05	-0.0015
2.256	5E-05	-0.00075
2.257	5E-05	-0.0006
2.258	0	-0.00045
2.259	0.0001	-0.0006
2.26	5E-05	-0.00105
2.261	5E-05	-0.0006
2.262	5E-05	-0.00045
2.263	5E-05	-0.00015
2.264	5E-05	-0.00045
2.265	0	-0.0003
2.266	0	-0.0006
2.267	5E-05	-0.0006
2.268	0	-0.00045
2.269	5E-05	-0.00105
2.27	5E-05	-0.0003
2.271	5E-05	-0.00045
2.272	5E-05	-0.0009
2.273	5E-05	-0.0006
2.274	5E-05	0
2.275	0	-0.0006
2.276	0	-0.00075
2.277	5E-05	-0.00045
2.278	5E-05	-0.0003
2.279	0	-0.0003
2.28	5E-05	0
2.281	5E-05	-0.00045
2.282	5E-05	-0.0003
2.283	5E-05	-0.00045
2.284	0	-0.00015
2.285	0	0
2.286	5E-05	-0.0006
2.287	5E-05	-0.00075
2.288	0	-0.00015
2.289	0	-0.00045
2.29	0	-0.0003
2.291	0	-0.00015
2.292	5E-05	-0.0006
2.293	5E-05	-0.00015
2.294	5E-05	0
2.295	0	-0.0003
2.296	5E-05	-0.00015
2.297	5E-05	-0.0003
2.298	0	-0.00015
2.299	5E-05	0.00045
2.3	0	0
2.301	5E-05	-0.0006
2.302	5E-05	-0.00045
2.303	0	-0.0003
2.304	5E-05	-0.0009
2.305	5E-05	-0.0003
2.306	5E-05	-0.0009
2.307	5E-05	-0.00075
2.308	0	0.00015
2.309	5E-05	-0.0003
2.31	0	-0.0006
2.311	5E-05	-0.0003
2.312	0	0
2.313	5E-05	0.00045
2.314	0	0.0003
2.315	5E-05	-0.00045
2.316	5E-05	-0.00015
2.317	5E-05	0
2.318	5E-05	-0.0003
2.319	5E-05	-0.00045
2.32	5E-05	-0.0006
2.321	5E-05	-0.00075
2.322	5E-05	-0.00045
2.323	0	-0.0003
2.324	5E-05	-0.0009
2.325	5E-05	-0.00015
2.326	5E-05	-0.0006
2.327	5E-05	-0.0003
2.328	0	-0.00045
2.329	5E-05	-0.00015
2.33	5E-05	-0.0006
2.331	0	0.00015
2.332	5E-05	-0.0003
2.333	5E-05	-0.0006
2.334	5E-05	-0.00015
2.335	5E-05	-0.00075
2.336	5E-05	-0.0006
2.337	5E-05	-0.00045
2.338	5E-05	-0.0006
2.339	5E-05	-0.00105
2.34	5E-05	-0.00045
2.341	5E-05	-0.0009
2.342	5E-05	-0.00045
2.343	5E-05	0
2.344	5E-05	-0.00105
2.345	0	-0.0003
2.346	5E-05	-0.0003
2.347	0	-0.00045
2.348	0.0001	-0.00015
2.349	5E-05	0
2.35	5E-05	-0.00045
2.351	0	-0.00015
2.352	0	-0.0003
2.353	0	-0.0009
2.354	0	-0.0003
2.355	0	-0.0006
2.356	5E-05	-0.00075
2.357	5E-05	-0.00015
2.358	5E-05	-0.0006
2.359	5E-05	-0.0006
2.36	5E-05	-0.0003
2.361	0	-0.0006
2.362	5E-05	-0.00045
2.363	5E-05	-0.00045
2.364	0	-0.0006
2.365	5E-05	-0.00045
2.366	0	0
2.367	5E-05	-0.0003
2.368	5E-05	-0.00015
2.369	5E-05	-0.00045
2.37	5E-05	-0.0006
2.371	5E-05	-0.0006
2.372	5E-05	-0.0009
2.373	5E-05	-0.00075
2.374	5E-05	-0.0009
2.375	5E-05	-0.00045
2.376	5E-05	-0.0009
2.377	0	-0.0003
2.378	0	-0.00015
2.379	0	0
2.38	0	0
2.381	5E-05	-0.00045
2.382	5E-05	-0.00045
2.383	5E-05	-0.00045
2.384	5E-05	0.00015
2.385	5E-05	-0.0006
2.386	5E-05	-0.0006
2.387	0	-0.00075
2.388	5E-05	-0.00015
2.389	0	-0.0006
2.39	0	-0.0009
2.391	5E-05	-0.0009
2.392	5E-05	-0.00015
2.393	5E-05	-0.00045
2.394	5E-05	-0.00015
2.395	5E-05	0
2.396	5E-05	-0.00015
2.397	0	0.00015
2.398	5E-05	-0.00015
2.399	0	-0.00045
2.4	5E-05	-0.0006
2.401	5E-05	-0.0006
2.402	5E-05	-0.0009
2.403	5E-05	-0.00045
2.404	5E-05	-0.0006
2.405	5E-05	-0.0003
2.406	5E-05	-0.00075
2.407	0	-0.0006
2.408	5E-05	-0.00045
2.409	0	-0.0009
2.41	5E-05	-0.0006
2.411	0	-0.0006
2.412	5E-05	-0.00015
2.413	0	-0.00045
2.414	5E-05	0
2.415	5E-05	-0.00045
2.416	5E-05	-0.0006
2.417	5E-05	0
2.418	5E-05	-0.0003
2.419	5E-05	-0.0006
2.42	0	-0.0009
2.421	0	-0.0006
2.422	5E-05	-0.00105
2.423	0	-0.00045
2.424	5E-05	-0.0009
2.425	5E-05	-0.0006
2.426	5E-05	-0.00015
2.427	5E-05	-0.00015
2.428	0	-0.00045
2.429	5E-05	-0.0003
2.43	0	-0.0003
2.431	5E-05	-0.0006
2.432	5E-05	-0.00045
2.433	0	-0.00045
2.434	5E-05	0
2.435	0	-0.00015
2.436	5E-05	-0.0006
2.437	5E-05	-0.00075
2.438	5E-05	-0.00075
2.439	5E-05	-0.0012
2.44	0	-0.00075
2.441	5E-05	-0.0009
2.442	0	-0.00105
2.443	5E-05	-0.00045
2.444	5E-05	-0.00075
2.445	5E-05	-0.00045
2.446	0	-0.00045
2.447	0	-0.00075
2.448	0	-0.0009
2.449	5E-05	-0.0003
2.45	5E-05	-0.00015
2.451	5E-05	-0.00075
2.452	0	-0.00075
2.453	5E-05	-0.00105
2.454	5E-05	-0.0009
2.455	5E-05	-0.00045
2.456	0	-0.0009
2.457	5E-05	-0.00105
2.458	5E-05	-0.0012
2.459	0	-0.00105
2.46	5E-05	-0.00045
2.461	0	-0.0006
2.462	5E-05	-0.0003
2.463	5E-05	-0.00045
2.464	5E-05	-0.0006
2.465	5E-05	-0.00045
2.466	0	-0.0009
2.467	5E-05	-0.00075
2.468	5E-05	-0.0006
2.469	0	-0.00075
2.47	5E-05	-0.00105
2.471	0	-0.0009
2.472	5E-05	-0.0012
2.473	5E-05	-0.0009
2.474	5E-05	-0.00075
2.475	0	-0.0009
2.476	5E-05	-0.00075
2.477	5E-05	-0.00045
2.478	5E-05	-0.00045
2.479	0	-0.0012
2.48	5E-05	-0.0006
2.481	5E-05	-0.0009
2.482	0	-0.0009
2.483	5E-05	-0.0006
2.484	5E-05	-0.0003
2.485	0	-0.00015
2.486	5E-05	-0.0006
2.487	5E-05	-0.00135
2.488	5E-05	-0.0009
2.489	0	-0.00015
2.49	0	-0.00075
2.491	5E-05	-0.0006
2.492	5E-05	-0.00075
2.493	5E-05	-0.0006
2.494	0	0.0003
2.495	5E-05	0
2.496	5E-05	0
2.497	5E-05	-0.00015
2.498	5E-05	-0.0006
2.499	0	-0.00015
2.5	5E-05	0
2.501	5E-05	0
2.502	5E-05	-0.0003
2.503	5E-05	-0.00075
2.504	0	-0.0003
2.505	5E-05	-0.00045
2.506	5E-05	0.0003
2.507	5E-05	-0.00015
2.508	5E-05	-0.0012
2.509	5E-05	-0.0003
2.51	5E-05	0
2.511	5E-05	-0.0003
2.512	0	0.00015
2.513	5E-05	0.00015
2.514	5E-05	-0.00015
2.515	5E-05	0.00015
2.516	5E-05	-0.0003
2.517	5E-05	0.00015
2.518	5E-05	-0.00015
2.519	5E-05	-0.00015
2.52	0.0001	-0.00045
2.521	5E-05	-0.00015
2.522	0	-0.00075
2.523	0	-0.0003
2.524	5E-05	0.0003
2.525	5E-05	0.00015
2.526	5E-05	-0.0003
2.527	5E-05	-0.0003
2.528	5E-05	-0.00045
2.529	5E-05	-0.00045
2.53	5E-05	0.0006
2.531	5E-05	-0.0003
2.532	0	0.00015
2.533	5E-05	0
2.534	5E-05	-0.00015
2.535	5E-05	0
2.536	0	-0.0003
2.537	0	-0.0006
2.538	5E-05	-0.0006
2.539	5E-05	-0.00015
2.54	0	-0.0003
2.541	0	-0.00015
2.542	0	-0.00045
2.543	5E-05	-0.0003
2.544	0	-0.00015
2.545	0	-0.0006
2.546	5E-05	-0.00015
2.547	5E-05	0.00015
2.548	5E-05	0
2.549	5E-05	-0.0006
2.55	5E-05	-0.0003
2.551	0	0.00015
2.552	0	-0.00105
2.553	0	-0.00045
2.554	5E-05	-0.00075
2.555	0	-0.0006
2.556	5E-05	-0.0003
2.557	5E-05	-0.00075
2.558	5E-05	-0.00045
2.559	5E-05	-0.00015
2.56	0	-0.00045
2.561	5E-05	0.0003
2.562	5E-05	-0.00045
2.563	5E-05	-0.00045
2.564	5E-05	-0.0003
2.565	0	-0.00015
2.566	5E-05	-0.0006
2.567	5E-05	0.00015
2.568	0	-0.00045
2.569	0	-0.00045
2.57	5E-05	-0.00015
2.571	5E-05	-0.00135
2.572	5E-05	-0.0006
2.573	5E-05	-0.0003
2.574	0	-0.00075
2.575	0	-0.0009
2.576	5E-05	-0.00015
2.577	0	-0.0003
2.578	0	-0.0003
2.579	0	-0.0003
2.58	5E-05	-0.0003
2.581	0	-0.00015
2.582	5E-05	0
2.583	5E-05	-0.0003
2.584	0	-0.00075
2.585	5E-05	-0.00015
2.586	5E-05	-0.00045
2.587	5E-05	-0.00045
2.588	0	-0.0009
2.589	5E-05	-0.0009
2.59	5E-05	-0.00075
2.591	0	-0.0006
2.592	5E-05	-0.00105
2.593	0	-0.0006
2.594	5E-05	0
2.595	5E-05	-0.00075
2.596	5E-05	-0.00015
2.597	0	-0.00045
2.598	0	-0.00045
2.599	0.0001	-0.0003
2.6	5E-05	-0.0003
2.601	0	-0.0003
2.602	0	-0.0003
2.603	0	0.00015
2.604	5E-05	-0.00015
2.605	5E-05	-0.00045
2.606	0	-0.00135
2.607	5E-05	-0.00075
2.608	5E-05	-0.00075
2.609	5E-05	-0.00045
2.61	0	-0.0003
2.611	0	-0.0006
2.612	5E-05	-0.00015
2.613	5E-05	-0.00075
2.614	0	-0.00045
2.615	5E-05	0
2.616	0	-0.00015
2.617	0	-0.00105
2.618	0	-0.00045
2.619	5E-05	-0.0003
2.62	5E-05	-0.0009
2.621	0	-0.00045
2.622	5E-05	-0.0009
2.623	5E-05	-0.00105
2.624	5E-05	0.00015
2.625	0	-0.0003
2.626	5E-05	-0.00075
2.627	5E-05	-0.0003
2.628	5E-05	0
2.629	5E-05	-0.0006
2.63	0	-0.0006
2.631	5E-05	-0.00045
2.632	5E-05	-0.00045
2.633	0	-0.0003
2.634	0	-0.00135
2.635	5E-05	-0.0009
2.636	5E-05	-0.00015
2.637	0	0
2.638	5E-05	-0.00105
2.639	5E-05	-0.0009
2.64	5E-05	-0.00135
2.641	5E-05	-0.00015
2.642	5E-05	-0.0006
2.643	0	-0.0009
2.644	0	-0.00075
2.645	5E-05	0.00015
2.646	5E-05	0
2.647	5E-05	0.0003
2.648	0.0001	-0.00075
2.649	5E-05	-0.0012
2.65	5E-05	0.0003
2.651	0	-0.00045
2.652	5E-05	-0.00045
2.653	5E-05	-0.00075
2.654	0	-0.00045
2.655	5E-05	-0.00105
2.656	0	-0.0009
2.657	0	-0.00075
2.658	5E-05	0
2.659	5E-05	-0.00015
2.66	5E-05	-0.00075
2.661	0	-0.00045
2.662	5E-05	-0.0003
2.663	5E-05	0.00015
2.664	0	0.00045
2.665	5E-05	-0.00015
2.666	5E-05	0
2.667	5E-05	0.00045
2.668	0	-0.00015
2.669	5E-05	-0.0003
2.67	5E-05	0
2.671	5E-05	-0.00075
2.672	5E-05	-0.00045
2.673	5E-05	0
2.674	5E-05	-0.0009
2.675	5E-05	-0.0006
2.676	5E-05	-0.00075
2.677	0	-0.0006
2.678	5E-05	0.00015
2.679	5E-05	0
2.68	0	0.00015
2.681	5E-05	0
2.682	0	0.00015
2.683	5E-05	-0.00075
2.684	5E-05	-0.00015
2.685	5E-05	-0.0006
2.686	5E-05	-0.00105
2.687	0	0
2.688	5E-05	-0.00045
2.689	5E-05	-0.00075
2.69	5E-05	-0.00015
2.691	5E-05	-0.00045
2.692	0	-0.00075
2.693	5E-05	-0.00015
2.694	5E-05	-0.00075
2.695	5E-05	-0.0006
2.696	5E-05	-0.00015
2.697	0	-0.00075
2.698	5E-05	-0.00015
2.699	5E-05	0
2.7	5E-05	-0.0006
2.701	0	0.0003
2.702	5E-05	-0.00015
2.703	5E-05	-0.0015
2.704	5E-05	-0.0006
2.705	5E-05	-0.00045
2.706	5E-05	-0.00075
2.707	5E-05	-0.0003
2.708	5E-05	0
2.709	5E-05	-0.0003
2.71	0	0
2.711	0	-0.0003
2.712	5E-05	-0.00075
2.713	5E-05	0
2.714	5E-05	-0.00045
2.715	5E-05	-0.0006
2.716	0	-0.00015
2.717	5E-05	-0.00015
2.718	5E-05	-0.0009
2.719	5E-05	-0.0003
2.72	0	-0.0009
2.721	0	-0.00075
2.722	5E-05	-0.0009
2.723	5E-05	-0.00075
2.724	5E-05	-0.00075
2.725	0	-0.0003
2.726	5E-05	-0.0003
2.727	5E-05	-0.00045
2.728	5E-05	-0.0003
2.729	5E-05	0.00015
2.73	5E-05	0
2.731	5E-05	-0.00075
2.732	5E-05	-0.00045
2.733	5E-05	-0.0003
2.734	5E-05	0.00015
2.735	0	-0.00075
2.736	5E-05	-0.00045
2.737	0.0001	-0.0006
2.738	5E-05	-0.00075
2.739	5E-05	-0.0012
2.74	5E-05	-0.0006
2.741	5E-05	-0.00045
2.742	0	-0.0009
2.743	5E-05	-0.00015
2.744	5E-05	-0.0003
2.745	0	0
2.746	5E-05	-0.00075
2.747	5E-05	-0.00015
2.748	5E-05	-0.00015
2.749	0	-0.00045
2.75	5E-05	-0.00015
2.751	5E-05	-0.0003
2.752	5E-05	-0.00015
2.753	0	-0.0006
2.754	5E-05	-0.0006
2.755	0	-0.00075
2.756	5E-05	0
2.757	0	-0.00075
2.758	0	-0.00045
2.759	0	-0.00045
2.76	5E-05	-0.00105
2.761	5E-05	-0.0003
2.762	5E-05	0
2.763	0	-0.0006
2.764	5E-05	-0.00015
2.765	5E-05	-0.00015
2.766	0	-0.0003
2.767	5E-05	0.0006
2.768	0	-0.0006
2.769	5E-05	-0.00045
2.77	5E-05	-0.0006
2.771	5E-05	-0.00015
2.772	5E-05	-0.00045
2.773	0	-0.00015
2.774	5E-05	-0.00075
2.775	5E-05	-0.00075
2.776	0	0
2.777	5E-05	0
2.778	5E-05	0.0003
2.779	5E-05	-0.0006
2.78	0	0.00015
2.781	0	-0.00045
2.782	5E-05	-0.00015
2.783	5E-05	0
2.784	5E-05	-0.0003
2.785	0	0.00015
2.786	5E-05	-0.00045
2.787	5E-05	-0.00015
2.788	5E-05	-0.0003
2.789	5E-05	-0.00075
2.79	5E-05	-0.00075
2.791	0	-0.0006
2.792	5E-05	-0.00015
2.793	5E-05	0.00015
2.794	5E-05	0
2.795	5E-05	-0.00015
2.796	5E-05	0.0003
2.797	5E-05	-0.00015
2.798	5E-05	0.00015
2.799	0	0
2.8	5E-05	-0.0009
2.801	5E-05	-0.0003
2.802	5E-05	-0.0006
2.803	5E-05	-0.00045
2.804	5E-05	-0.00075
2.805	5E-05	-0.00045
2.806	5E-05	-0.00045
2.807	5E-05	-0.0006
2.808	5E-05	-0.00045
2.809	0	-0.0003
2.81	0	-0.00015
2.811	0	-0.0006
2.812	5E-05	-0.00015
2.813	5E-05	0.00015
2.814	5E-05	0
2.815	0	0.00015
2.816	5E-05	0.00015
2.817	5E-05	0
2.818	0	-0.0003
2.819	0	-0.0003
2.82	5E-05	-0.0003
2.821	0	-0.0003
2.822	0	-0.0009
2.823	5E-05	-0.00105
2.824	5E-05	-0.00015
2.825	5E-05	0.00045
2.826	5E-05	-0.00075
2.827	5E-05	-0.0003
2.828	0	-0.0003
2.829	5E-05	-0.0006
2.83	0	-0.00045
2.831	5E-05	-0.00015
2.832	0	0
2.833	5E-05	-0.00015
2.834	0	0.00075
2.835	5E-05	-0.00015
2.836	5E-05	-0.0006
2.837	5E-05	-0.00045
2.838	5E-05	-0.00105
2.839	0	-0.00075
2.84	5E-05	-0.0012
2.841	0.0001	-0.0003
2.842	0	-0.00015
2.843	5E-05	-0.0003
2.844	5E-05	-0.0009
2.845	5E-05	-0.00015
2.846	5E-05	-0.0006
2.847	5E-05	-0.00075
2.848	0	-0.0003
2.849	5E-05	-0.0009
2.85	5E-05	-0.00045
2.851	5E-05	-0.00015
2.852	0	-0.0003
2.853	0	-0.0006
2.854	5E-05	-0.0012
2.855	5E-05	-0.00045
2.856	5E-05	-0.0003
2.857	0	-0.00075
2.858	0	-0.0012
2.859	5E-05	-0.00075
2.86	0	-0.00075
2.861	5E-05	-0.0006
2.862	0	-0.0003
2.863	5E-05	-0.0003
2.864	0	-0.0006
2.865	0	-0.00135
2.866	0	-0.0009
2.867	5E-05	-0.0003
2.868	5E-05	-0.0009
2.869	0	-0.00135
2.87	5E-05	-0.0012
2.871	0	-0.00105
2.872	5E-05	-0.0012
2.873	5E-05	-0.00105
2.874	0	-0.00075
2.875	0	-0.00105
2.876	5E-05	-0.00075
2.877	0	-0.0006
2.878	5E-05	-0.00075
2.879	5E-05	-0.0009
2.88	0	-0.0006
2.881	5E-05	-0.00045
2.882	5E-05	-0.0009
2.883	0	-0.0006
2.884	5E-05	-0.0012
2.885	0	-0.00075
2.886	5E-05	-0.00015
2.887	5E-05	-0.00105
2.888	0	-0.0009
2.889	5E-05	-0.0015
2.89	0	-0.0015
2.891	5E-05	-0.00075
2.892	5E-05	-0.00105
2.893	5E-05	-0.00135
2.894	5E-05	-0.0012
2.895	5E-05	-0.0009
2.896	5E-05	-0.0006
2.897	0.0001	0.00045
2.898	5E-05	-0.00075
2.899	5E-05	-0.0009
2.9	0	-0.00135
2.901	0	-0.0012
2.902	5E-05	-0.00015
2.903	0	-0.0003
2.904	5E-05	-0.0012
2.905	5E-05	-0.0012
2.906	5E-05	-0.0006
2.907	5E-05	-0.00045
2.908	5E-05	-0.00045
2.909	0	-0.0009
2.91	5E-05	-0.0012
2.911	0	-0.00045
2.912	5E-05	0
2.913	5E-05	-0.00015
2.914	5E-05	0.0003
2.915	5E-05	-0.0003
2.916	5E-05	-0.0006
2.917	5E-05	0.00045
2.918	0	-0.0003
2.919	5E-05	-0.00015
2.92	5E-05	-0.00045
2.921	0	-0.0012
2.922	5E-05	-0.0006
2.923	0	-0.00015
2.924	0	-0.00075
2.925	5E-05	-0.00015
2.926	5E-05	-0.0006
2.927	5E-05	-0.0003
2.928	0	0.0003
2.929	5E-05	-0.00045
2.93	5E-05	-0.0003
2.931	0	-0.00015
2.932	5E-05	-0.00015
2.933	0	0
2.934	0.0001	-0.00015
2.935	5E-05	-0.00045
2.936	5E-05	-0.00015
2.937	5E-05	-0.00015
2.938	5E-05	-0.0006
2.939	5E-05	-0.00075
2.94	0	-0.0003
2.941	5E-05	-0.0003
2.942	0.0001	-0.0006
2.943	0.00025	0
2.944	0.00035	-0.0006
2.945	0.0004	-0.0003
2.946	0.0004	0.00015
2.947	0.0004	-0.00015
2.948	0.0004	-0.0003
2.949	0.00045	0.0003
2.95	0.0004	-0.00075
2.951	0.0004	0
2.952	0.0004	-0.0006
2.953	0.0004	-0.00075
2.954	0.0004	-0.0003
2.955	0.0004	-0.0006
2.956	0.0004	-0.00105
2.957	0.0004	0.00015
2.958	0.0004	-0.00015
2.959	0.0004	-0.00075
2.96	0.0004	-0.00015
2.961	0.0004	-0.0003
2.962	0.0004	-0.0006
2.963	0.0004	-0.0003
2.964	0.0004	0.00015
2.965	0.0004	-0.0006
2.966	0.0004	-0.0003
2.967	0.0004	-0.00045
2.968	0.0004	-0.0003
2.969	0.00035	-0.00015
2.97	0.0004	-0.00045
2.971	0.0004	-0.0003
2.972	0.00035	-0.0003
2.973	0.0004	-0.00045
2.974	0.0004	-0.0006
2.975	0.0004	-0.00015
2.976	0.0004	-0.00015
2.977	0.0004	-0.00045
2.978	0.0004	0.00015
2.979	0.00045	0.00015
2.98	0.00045	-0.0003
2.981	0.00045	0.0003
2.982	0.00045	0.00015
2.983	0.00045	0.0003
2.984	0.00045	0.00015
2.985	0.0005	0
2.986	0.00045	-0.0003
2.987	0.0005	0
2.988	0.00055	-0.0003
2.989	0.0006	-0.0003
2.99	0.0006	-0.00015
2.991	0.0007	-0.0006
2.992	0.00075	0.00045
2.993	0.0008	0.00045
2.994	0.00085	-0.0003
2.995	0.00095	0
2.996	0.0011	0.00045
2.997	0.00115	0.0003
2.998	0.00135	0.00045
2.999	0.0015	0.00075
3	0.00155	0.00045
3.001	0.00175	0.0009
3.002	0.0019	0.00075
3.003	0.002	0.0006
3.004	0.00215	0.00075
3.005	0.0023	0.00045
3.006	0.0025	0.00045
3.007	0.00265	0.00075
3.008	0.0029	0.0009
3.009	0.0031	0.0009
3.01	0.00325	0.0015
3.011	0.00355	0.00165
3.012	0.0037	0.0015
3.013	0.00395	0.00195
3.014	0.0042	0.0018
3.015	0.0044	0.00165
3.016	0.00465	0.0021
3.017	0.00485	0.00195
3.018	0.0051	0.0015
3.019	0.00525	0.0018
3.02	0.00535	0.00135
3.021	0.00545	0.0018
3.022	0.0055	0.0021
3.023	0.00555	0.0015
3.024	0.00565	0.00165
3.025	0.00575	0.0024
3.026	0.00585	0.00135
3.027	0.0059	0.0024
3.028	0.00605	0.0021
3.029	0.0061	0.0021
3.03	0.0062	0.00255
3.031	0.00625	0.0021
3.032	0.00635	0.00225
3.033	0.0064	0.00255
3.034	0.0065	0.0027
3.035	0.0065	0.00225
3.036	0.0066	0.00165
3.037	0.0067	0.00165
3.038	0.00675	0.00225
3.039	0.0068	0.0024
3.04	0.00685	0.0018
3.041	0.00695	0.0018
3.042	0.0071	0.0024
3.043	0.0073	0.0024
3.044	0.0075	0.00225
3.045	0.00765	0.0018
3.046	0.00785	0.0018
3.047	0.0081	0.00285
3.048	0.00835	0.00255
3.049	0.0086	0.00195
3.05	0.00885	0.00225
3.051	0.0091	0.00285
3.052	0.00935	0.0021
3.053	0.0096	0.0021
3.054	0.00985	0.0018
3.055	0.01005	0.00165
3.056	0.01035	0.0021
3.057	0.01045	0.0018
3.058	0.01075	0.00225
3.059	0.01095	0.0024
3.06	0.0112	0.00285
3.061	0.0114	0.00225
3.062	0.0116	0.00225
3.063	0.0118	0.0021
3.064	0.012	0.0027
3.065	0.01225	0.0033
3.066	0.01245	0.0024
3.067	0.0126	0.0027
3.068	0.0128	0.0027
3.069	0.01295	0.0033
3.07	0.0131	0.0027
3.071	0.01325	0.0024
3.072	0.01345	0.0018
3.073	0.01355	0.00255
3.074	0.01375	0.00255
3.075	0.01395	0.00255
3.076	0.01415	0.0033
3.077	0.0144	0.00255
3.078	0.01465	0.00285
3.079	0.0149	0.0036
3.08	0.01525	0.0033
3.081	0.01555	0.0033
3.082	0.0159	0.0033
3.083	0.01615	0.00255
3.084	0.0165	0.00345
3.085	0.0168	0.00375
3.086	0.01715	0.00315
3.087	0.01745	0.00375
3.088	0.0177	0.0033
3.089	0.01805	0.00375
3.09	0.0183	0.00405
3.091	0.0186	0.0036
3.092	0.01885	0.00345
3.093	0.0191	0.0042
3.094	0.01945	0.00435
3.095	0.0197	0.00405
3.096	0.02	0.00465
3.097	0.02025	0.0048
3.098	0.0205	0.00495
3.099	0.0208	0.0045
3.1	0.02105	0.00435
3.101	0.0213	0.00465
3.102	0.0215	0.00465
3.103	0.02175	0.0045
3.104	0.022	0.00465
3.105	0.0222	0.0048
3.106	0.02245	0.00465
3.107	0.02265	0.00495
3.108	0.0229	0.0054
3.109	0.0231	0.0048
3.11	0.0233	0.0051
3.111	0.0235	0.0054
3.112	0.0237	0.00525
3.113	0.0239	0.0048
3.114	0.0241	0.00585
3.115	0.0243	0.00555
3.116	0.02445	0.00585
3.117	0.02465	0.00585
3.118	0.0248	0.00555
3.119	0.025	0.00585
3.12	0.0252	0.00585
3.121	0.02535	0.0054
3.122	0.02555	0.0054
3.123	0.02565	0.00555
3.124	0.02585	0.0057
3.125	0.026	0.00615
3.126	0.02615	0.006
3.127	0.0263	0.00645
3.128	0.02645	0.00645
3.129	0.0266	0.00585
3.13	0.02675	0.00675
3.131	0.02685	0.0063
3.132	0.02705	0.006
3.133	0.0272	0.0063
3.134	0.02735	0.00645
3.135	0.02745	0.00645
3.136	0.02755	0.0069
3.137	0.0277	0.0066
3.138	0.02785	0.00615
3.139	0.0279	0.00675
3.14	0.028	0.00585
3.141	0.0281	0.00615
3.142	0.02825	0.00645
3.143	0.02835	0.00645
3.144	0.0285	0.00705
3.145	0.02855	0.0072
3.146	0.02875	0.00705
3.147	0.0288	0.00705
3.148	0.02895	0.0069
3.149	0.02905	0.00675
3.15	0.02915	0.00675
3.151	0.02925	0.00705
3.152	0.0293	0.00675
3.153	0.02945	0.00705
3.154	0.02955	0.0069
3.155	0.0296	0.00675
3.156	0.02975	0.00675
3.157	0.02975	0.0066
3.158	0.0299	0.00705
3.159	0.03	0.0072
3.16	0.03005	0.0069
3.161	0.03055	0.00195
3.162	0.0302	0.0078
3.163	0.03035	0.00735
3.164	0.0304	0.0075
3.165	0.03045	0.00825
3.166	0.03055	0.0075
3.167	0.0306	0.0078
3.168	0.0307	0.00765
3.169	0.0308	0.00675
3.17	0.03085	0.00705
3.171	0.0309	0.0072
3.172	0.031	0.0069
3.173	0.0311	0.0072
3.174	0.03115	0.0078
3.175	0.0312	0.00735
3.176	0.0313	0.0078
3.177	0.03135	0.0075
3.178	0.0314	0.00735
3.179	0.03145	0.0078
3.18	0.0315	0.0078
3.181	0.0316	0.0072
3.182	0.03165	0.00795
3.183	0.03175	0.00735
3.184	0.03175	0.0075
3.185	0.03185	0.0084
3.186	0.03185	0.00765
3.187	0.03195	0.0075
3.188	0.03195	0.0078
3.189	0.03205	0.0075
3.19	0.0321	0.0072
3.191	0.03215	0.00765
3.192	0.0322	0.00705
3.193	0.03225	0.00735
3.194	0.0323	0.00855
3.195	0.03235	0.00795
3.196	0.0324	0.00795
3.197	0.0324	0.00825
3.198	0.03245	0.00795
3.199	0.0325	0.0081
3.2	0.03255	0.00855
3.201	0.03255	0.00765
3.202	0.0326	0.00765
3.203	0.03265	0.0081
3.204	0.0327	0.00795
3.205	0.03275	0.00795
3.206	0.03275	0.00765
3.207	0.0328	0.00735
3.208	0.03285	0.00765
3.209	0.0329	0.0081
3.21	0.0329	0.00735
3.211	0.03285	0.0078
3.212	0.03285	0.0081
3.213	0.0329	0.00795
3.214	0.0328	0.0087
3.215	0.03285	0.0087
3.216	0.03285	0.00855
3.217	0.03285	0.0084
3.218	0.0329	0.00765
3.219	0.03285	0.00705
3.22	0.03285	0.0075
3.221	0.0329	0.00765
3.222	0.0329	0.00765
3.223	0.03295	0.0078
3.224	0.03295	0.00765
3.225	0.033	0.0081
3.226	0.03305	0.00825
3.227	0.0328	0.00765
3.228	0.0329	0.0081
3.229	0.03285	0.00795
3.23	0.0329	0.0081
3.231	0.0329	0.00825
3.232	0.03285	0.00855
3.233	0.0329	0.00825
3.234	0.0329	0.00825
3.235	0.03285	0.0084
3.236	0.03285	0.0078
3.237	0.03285	0.00765
3.238	0.0329	0.0078
3.239	0.0329	0.0078
3.24	0.03285	0.00795
3.241	0.03285	0.0078
3.242	0.03285	0.00765
3.243	0.0329	0.00825
3.244	0.0329	0.00885
3.245	0.0329	0.0084
3.246	0.03285	0.00825
3.247	0.0329	0.0084
3.248	0.0329	0.00825
3.249	0.0329	0.0084
3.25	0.0329	0.0084
3.251	0.0329	0.00825
3.252	0.03285	0.00855
3.253	0.03285	0.00765
3.254	0.0329	0.0081
3.255	0.0329	0.00825
3.256	0.0329	0.0087
3.257	0.0329	0.00795
3.258	0.03285	0.0078
3.259	0.0329	0.0075
3.26	0.03285	0.0087
3.261	0.0329	0.00885
3.262	0.0329	0.0084
3.263	0.0329	0.0087
3.264	0.0329	0.00855
3.265	0.0329	0.009
3.266	0.0329	0.00915
3.267	0.0329	0.00885
3.268	0.0329	0.00825
3.269	0.03285	0.0084
3.27	0.0329	0.00855
3.271	0.0329	0.00855
3.272	0.0329	0.00855
3.273	0.03295	0.00825
3.274	0.0329	0.00825
3.275	0.03285	0.00855
3.276	0.0329	0.00825
3.277	0.03285	0.00885
3.278	0.0329	0.00885
3.279	0.0329	0.00885
3.28	0.0329	0.009
3.281	0.0329	0.0087
3.282	0.0329	0.00855
3.283	0.03295	0.009
3.284	0.03295	0.00885
3.285	0.03285	0.0087
3.286	0.0329	0.00885
3.287	0.0329	0.00825
3.288	0.0329	0.00795
3.289	0.0329	0.00795
3.29	0.0329	0.00765
3.291	0.03295	0.0081
3.292	0.0331	0.00795
3.293	0.03315	0.0081
3.294	0.03335	0.00855
3.295	0.03335	0.00885
3.296	0.03345	0.00885
3.297	0.03345	0.0081
3.298	0.0335	0.0084
3.299	0.0336	0.00825
3.3	0.0336	0.0081
3.301	0.03365	0.00915
3.302	0.03365	0.00795
3.303	0.03365	0.0078
3.304	0.0337	0.0078
3.305	0.03365	0.00765
3.306	0.0337	0.00795
3.307	0.0337	0.0081
3.308	0.0337	0.00735
3.309	0.0337	0.0075
3.31	0.0337	0.00735
3.311	0.03375	0.00765
3.312	0.03375	0.009
3.313	0.03375	0.0081
3.314	0.03375	0.00825
3.315	0.03375	0.00825
3.316	0.03375	0.00825
3.317	0.03375	0.0084
3.318	0.03375	0.0081
3.319	0.03375	0.0075
3.32	0.03375	0.0075
3.321	0.0338	0.0075
3.322	0.0338	0.00825
3.323	0.0338	0.00765
3.324	0.0338	0.00735
3.325	0.03375	0.0081
3.326	0.0338	0.00765
3.327	0.0338	0.0078
3.328	0.03375	0.00765
3.329	0.0338	0.0078
3.33	0.0338	0.0081
3.331	0.03385	0.0081
3.332	0.0338	0.00795
3.333	0.0338	0.0075
3.334	0.03385	0.0081
3.335	0.03385	0.0081
3.336	0.0338	0.00825
3.337	0.0338	0.00795
3.338	0.0338	0.0078
3.339	0.0338	0.00705
3.34	0.0338	0.00765
3.341	0.0338	0.0078
3.342	0.03385	0.00795
3.343	0.03385	0.00855
3.344	0.03385	0.00795
3.345	0.03385	0.00795
3.346	0.03385	0.00825
3.347	0.03385	0.0084
3.348	0.03385	0.0081
3.349	0.03385	0.00825
3.35	0.03385	0.0081
3.351	0.0338	0.00855
3.352	0.03385	0.00825
3.353	0.0339	0.0084
3.354	0.03385	0.00765
3.355	0.03385	0.00825
3.356	0.03385	0.00825
3.357	0.03385	0.00735
3.358	0.0339	0.00825
3.359	0.03385	0.00765
3.36	0.0339	0.0081
3.361	0.0338	0.0084
3.362	0.0339	0.0081
3.363	0.0339	0.00795
3.364	0.0339	0.00885
3.365	0.03385	0.0084
3.366	0.0339	0.00885
3.367	0.0339	0.00795
3.368	0.03385	0.00765
3.369	0.03315	0.00795
3.37	0.0332	0.00795
3.371	0.0331	0.00765
3.372	0.0331	0.0078
3.373	0.0331	0.00765
3.374	0.033	0.00765
3.375	0.03305	0.00795
3.376	0.03305	0.00765
3.377	0.033	0.0081
3.378	0.033	0.0084
3.379	0.033	0.00795
3.38	0.033	0.0078
3.381	0.03305	0.0087
3.382	0.033	0.0084
3.383	0.03305	0.00765
3.384	0.033	0.00825
3.385	0.033	0.00855
3.386	0.033	0.0078
3.387	0.033	0.0075
3.388	0.033	0.00765
3.389	0.033	0.0072
3.39	0.033	0.0078
3.391	0.03305	0.0078
3.392	0.03305	0.00765
3.393	0.033	0.00855
3.394	0.03305	0.00795
3.395	0.03305	0.00795
3.396	0.03305	0.00825
3.397	0.033	0.00765
3.398	0.03305	0.00795
3.399	0.03305	0.00855
3.4	0.033	0.0075
3.401	0.03305	0.00795
3.402	0.033	0.0075
3.403	0.033	0.00765
3.404	0.03305	0.00795
3.405	0.03305	0.0081
3.406	0.03305	0.00795
3.407	0.03305	0.00765
3.408	0.03295	0.0075
3.409	0.03305	0.0078
3.41	0.033	0.0078
3.411	0.03305	0.00765
3.412	0.033	0.00795
3.413	0.033	0.00795
3.414	0.033	0.0084
3.415	0.03305	0.0081
3.416	0.03305	0.0087
3.417	0.03305	0.00765
3.418	0.033	0.00765
3.419	0.033	0.00795
3.42	0.03305	0.00825
3.421	0.033	0.00795
3.422	0.03305	0.0078
3.423	0.033	0.0075
3.424	0.03305	0.00765
3.425	0.033	0.0081
3.426	0.03295	0.00765
3.427	0.033	0.00855
3.428	0.033	0.00825
3.429	0.033	0.0075
3.43	0.03305	0.00825
3.431	0.03305	0.0087
3.432	0.033	0.00825
3.433	0.033	0.00825
3.434	0.033	0.0081
3.435	0.033	0.0078
3.436	0.033	0.0078
3.437	0.03305	0.00765
3.438	0.033	0.00705
3.439	0.033	0.00765
3.44	0.033	0.00735
3.441	0.033	0.0069
3.442	0.03305	0.00765
3.443	0.03305	0.0078
3.444	0.033	0.00825
3.445	0.03305	0.0081
3.446	0.03295	0.00795
3.447	0.03305	0.0084
3.448	0.03305	0.00915
3.449	0.03295	0.0081
3.45	0.033	0.0075
3.451	0.033	0.0078
3.452	0.0331	0.0075
3.453	0.03305	0.0078
3.454	0.033	0.0081
3.455	0.033	0.00795
3.456	0.03295	0.00825
3.457	0.03305	0.00795
3.458	0.03305	0.0081
3.459	0.03295	0.00735
3.46	0.03305	0.0072
3.461	0.03295	0.0075
3.462	0.03305	0.0087
3.463	0.033	0.00885
3.464	0.033	0.0081
3.465	0.033	0.00855
3.466	0.033	0.00825
3.467	0.0331	0.00825
3.468	0.033	0.0084
3.469	0.0329	0.0078
3.47	0.03305	0.0078
3.471	0.033	0.00765
3.472	0.033	0.00735
3.473	0.03305	0.0078
3.474	0.03295	0.0087
3.475	0.033	0.0078
3.476	0.03305	0.00825
3.477	0.033	0.0078
3.478	0.03305	0.00795
3.479	0.0331	0.00825
3.48	0.033	0.00825
3.481	0.033	0.0078
3.482	0.03295	0.00825
3.483	0.03305	0.00795
3.484	0.0331	0.0078
3.485	0.03305	0.0093
3.486	0.03295	0.0081
3.487	0.033	0.00825
3.488	0.033	0.0081
3.489	0.03305	0.00825
3.49	0.03305	0.00825
3.491	0.03295	0.00795
3.492	0.03305	0.00765
3.493	0.033	0.0078
3.494	0.0331	0.0093
3.495	0.033	0.00765
3.496	0.033	0.00855
3.497	0.03305	0.0087
3.498	0.033	0.0087
3.499	0.033	0.0087
3.5	0.03305	0.00855
3.501	0.033	0.00795
3.502	0.0331	0.00825
3.503	0.033	0.0084
3.504	0.033	0.0075
3.505	0.033	0.00825
3.506	0.033	0.00795
3.507	0.03305	0.00765
3.508	0.033	0.0081
3.509	0.03305	0.0084
3.51	0.033	0.00795
3.511	0.033	0.00885
3.512	0.033	0.00825
3.513	0.033	0.0081
3.514	0.033	0.009
3.515	0.03305	0.0084
3.516	0.033	0.00825
3.517	0.033	0.00885
3.518	0.03305	0.0081
3.519	0.033	0.00735
3.52	0.03305	0.0081
3.521	0.033	0.00795
3.522	0.033	0.0075
3.523	0.033	0.0078
3.524	0.033	0.00795
3.525	0.03305	0.00855
3.526	0.033	0.00825
3.527	0.033	0.00825
3.528	0.03305	0.00915
3.529	0.033	0.00825
3.53	0.033	0.0084
3.531	0.03295	0.0081
3.532	0.03305	0.00885
3.533	0.03305	0.00855
3.534	0.03305	0.0081
3.535	0.03305	0.0087
3.536	0.033	0.0081
3.537	0.033	0.00795
3.538	0.033	0.00765
3.539	0.03305	0.0075
3.54	0.03305	0.0075
3.541	0.033	0.00765
3.542	0.03305	0.00795
3.543	0.03305	0.00795
3.544	0.033	0.0084
3.545	0.03305	0.00825
3.546	0.03295	0.0087
3.547	0.033	0.0081
3.548	0.03305	0.00825
3.549	0.03305	0.0081
3.55	0.033	0.00795
3.551	0.03305	0.00795
3.552	0.03305	0.00825
3.553	0.033	0.0084
3.554	0.03295	0.0078
3.555	0.033	0.00765
3.556	0.033	0.0081
3.557	0.033	0.00795
3.558	0.03305	0.00765
3.559	0.033	0.0078
3.56	0.033	0.00825
3.561	0.033	0.0081
3.562	0.03305	0.00825
3.563	0.033	0.0087
3.564	0.03305	0.0081
3.565	0.033	0.00825
3.566	0.033	0.00825
3.567	0.033	0.0084
3.568	0.033	0.00855
3.569	0.033	0.0069
3.57	0.03295	0.00795
3.571	0.03305	0.0084
3.572	0.033	0.00795
3.573	0.03295	0.00765
3.574	0.033	0.0084
3.575	0.033	0.0078
3.576	0.03305	0.0078
3.577	0.03295	0.0087
3.578	0.033	0.0081
3.579	0.033	0.00855
3.58	0.03295	0.00825
3.581	0.03305	0.00855
3.582	0.033	0.00885
3.583	0.03305	0.0087
3.584	0.03305	0.0081
3.585	0.03295	0.0078
3.586	0.033	0.0075
3.587	0.033	0.0078
3.588	0.03305	0.00795
3.589	0.033	0.0081
3.59	0.033	0.0078
3.591	0.033	0.0075
3.592	0.033	0.00765
3.593	0.033	0.00795
3.594	0.03305	0.00855
3.595	0.03295	0.0087
3.596	0.033	0.00765
3.597	0.03305	0.00825
3.598	0.03305	0.0084
3.599	0.033	0.0081
3.6	0.033	0.0084
3.601	0.03305	0.0081
3.602	0.03295	0.00765
3.603	0.033	0.0084
3.604	0.03305	0.0078
3.605	0.03305	0.00795
3.606	0.03295	0.00765
3.607	0.033	0.00825
3.608	0.03305	0.0078
3.609	0.03295	0.0081
3.61	0.033	0.00795
3.611	0.033	0.0081
3.612	0.03305	0.00855
3.613	0.03305	0.00795
3.614	0.033	0.00855
3.615	0.03305	0.0087
3.616	0.0331	0.009
3.617	0.033	0.00825
3.618	0.033	0.0081
3.619	0.033	0.00765
3.62	0.033	0.00795
3.621	0.033	0.00795
3.622	0.033	0.0078
3.623	0.03295	0.0075
3.624	0.03305	0.0081
3.625	0.033	0.009
3.626	0.033	0.0081
3.627	0.033	0.00795
3.628	0.033	0.00765
3.629	0.033	0.00825
3.63	0.033	0.00855
3.631	0.03305	0.00825
3.632	0.033	0.00855
3.633	0.03305	0.009
3.634	0.033	0.0084
3.635	0.033	0.0081
3.636	0.033	0.00885
3.637	0.03295	0.00795
3.638	0.03295	0.0081
3.639	0.033	0.00765
3.64	0.033	0.0081
3.641	0.03305	0.0081
3.642	0.033	0.00825
3.643	0.03305	0.0087
3.644	0.033	0.0087
3.645	0.033	0.0081
3.646	0.03305	0.00825
3.647	0.033	0.00855
3.648	0.03305	0.00795
3.649	0.03295	0.0087
3.65	0.033	0.00855
3.651	0.03305	0.0087
3.652	0.03295	0.00855
3.653	0.03295	0.00855
3.654	0.033	0.00825
3.655	0.03295	0.00825
3.656	0.03305	0.00735
3.657	0.033	0.00765
3.658	0.03295	0.00915
3.659	0.03305	0.0078
3.66	0.03295	0.00795
3.661	0.03305	0.00915
3.662	0.03305	0.00855
3.663	0.033	0.00885
3.664	0.033	0.00885
3.665	0.033	0.00825
3.666	0.03305	0.0084
3.667	0.033	0.00885
3.668	0.033	0.00885
3.669	0.033	0.00765
3.67	0.03305	0.0081
3.671	0.03305	0.00825
3.672	0.03305	0.00855
3.673	0.03305	0.00795
3.674	0.033	0.00795
3.675	0.033	0.0087
3.676	0.03295	0.00915
3.677	0.03305	0.00795
3.678	0.03295	0.00825
3.679	0.033	0.0096
3.68	0.033	0.00855
3.681	0.033	0.00855
3.682	0.03295	0.00855
3.683	0.033	0.00825
3.684	0.03305	0.00915
3.685	0.0331	0.00855
3.686	0.03305	0.00825
3.687	0.03295	0.0081
3.688	0.03305	0.0078
3.689	0.033	0.0081
3.69	0.033	0.00795
3.691	0.033	0.00735
3.692	0.033	0.00795
3.693	0.033	0.0087
3.694	0.03295	0.00855
3.695	0.033	0.00795
3.696	0.03295	0.00885
3.697	0.03305	0.00855
3.698	0.03305	0.00885
3.699	0.033	0.0084
3.7	0.033	0.00765
3.701	0.03305	0.00825
3.702	0.03295	0.00825
3.703	0.03295	0.0081
3.704	0.033	0.00855
3.705	0.03305	0.00795
3.706	0.03295	0.00765
3.707	0.033	0.00795
3.708	0.03295	0.00795
3.709	0.033	0.0078
3.71	0.033	0.0081
3.711	0.03305	0.0069
3.712	0.033	0.0078
3.713	0.03305	0.00885
3.714	0.033	0.00855
3.715	0.03305	0.0084
3.716	0.03305	0.00795
3.717	0.033	0.0072
3.718	0.03305	0.00765
3.719	0.03295	0.00825
3.72	0.03295	0.0075
3.721	0.03295	0.0075
3.722	0.03305	0.0078
3.723	0.03295	0.00705
3.724	0.033	0.00795
3.725	0.033	0.0084
3.726	0.033	0.0072
3.727	0.03295	0.0072
3.728	0.033	0.0075
3.729	0.033	0.0078
3.73	0.033	0.00855
3.731	0.03295	0.00795
3.732	0.033	0.00735
3.733	0.033	0.0078
3.734	0.033	0.00765
3.735	0.033	0.0081
3.736	0.033	0.0078
3.737	0.033	0.00765
3.738	0.03305	0.00735
3.739	0.033	0.00765
3.74	0.033	0.00765
3.741	0.033	0.00735
3.742	0.033	0.0072
3.743	0.03295	0.00735
3.744	0.03305	0.0075
3.745	0.033	0.00795
3.746	0.03295	0.0075
3.747	0.033	0.0078
3.748	0.033	0.00855
3.749	0.033	0.00825
3.75	0.033	0.00765
3.751	0.033	0.00795
3.752	0.03305	0.00765
3.753	0.03295	0.0078
3.754	0.03305	0.00765
3.755	0.03305	0.00705
3.756	0.03295	0.0075
3.757	0.033	0.0072
3.758	0.033	0.00795
3.759	0.033	0.0084
3.76	0.033	0.0078
3.761	0.033	0.0078
3.762	0.033	0.00795
3.763	0.033	0.00825
3.764	0.03305	0.0081
3.765	0.033	0.00795
3.766	0.03295	0.00825
3.767	0.03305	0.0078
3.768	0.033	0.0084
3.769	0.033	0.00795
3.77	0.03305	0.00795
3.771	0.03295	0.0075
3.772	0.03295	0.00795
3.773	0.033	0.0078
3.774	0.033	0.00765
3.775	0.0331	0.00765
3.776	0.033	0.00795
3.777	0.03305	0.0084
3.778	0.03295	0.00795
3.779	0.03305	0.00825
3.78	0.033	0.0084
3.781	0.033	0.00825
3.782	0.033	0.0081
3.783	0.033	0.0081
3.784	0.033	0.0081
3.785	0.03295	0.0081
3.786	0.03305	0.00765
3.787	0.033	0.00795
3.788	0.03295	0.00765
3.789	0.033	0.0075
3.79	0.033	0.0075
3.791	0.033	0.0078
3.792	0.033	0.00765
3.793	0.033	0.00795
3.794	0.033	0.00825
3.795	0.03295	0.00795
3.796	0.03295	0.00765
3.797	0.033	0.0075
3.798	0.033	0.00795
3.799	0.03305	0.0084
3.8	0.03305	0.00825
3.801	0.033	0.00795
3.802	0.03295	0.0081
3.803	0.03305	0.00795
3.804	0.03295	0.00765
3.805	0.03295	0.00795
3.806	0.03305	0.0072
3.807	0.03295	0.00705
3.808	0.03305	0.0084
3.809	0.03305	0.00795
3.81	0.033	0.0075
3.811	0.033	0.0081
3.812	0.033	0.00795
3.813	0.03305	0.0078
3.814	0.033	0.00825
3.815	0.03295	0.00765
3.816	0.033	0.0078
3.817	0.03305	0.00735
3.818	0.033	0.00765
3.819	0.03295	0.00795
3.82	0.033	0.0078
3.821	0.03305	0.0075
3.822	0.03305	0.0075
3.823	0.03305	0.0075
3.824	0.033	0.00735
3.825	0.033	0.00735
3.826	0.033	0.0072
3.827	0.03295	0.00765
3.828	0.033	0.0081
3.829	0.033	0.00855
3.83	0.03305	0.0081
3.831	0.03295	0.0084
3.832	0.033	0.00825
3.833	0.03305	0.00765
3.834	0.03305	0.0078
3.835	0.03305	0.0075
3.836	0.033	0.00735
3.837	0.03295	0.00795
3.838	0.03305	0.00795
3.839	0.033	0.00765
3.84	0.033	0.00825
3.841	0.033	0.00735
3.842	0.033	0.00765
3.843	0.03305	0.0075
3.844	0.033	0.0075
3.845	0.033	0.00795
3.846	0.03305	0.00825
3.847	0.03295	0.00795
3.848	0.03305	0.0084
3.849	0.03295	0.00855
3.85	0.03295	0.00825
3.851	0.03305	0.00795
3.852	0.033	0.00735
3.853	0.033	0.0075
3.854	0.03295	0.00765
3.855	0.033	0.00795
3.856	0.033	0.00735
3.857	0.033	0.0075
3.858	0.03305	0.0078
3.859	0.033	0.00825
3.86	0.033	0.0078
3.861	0.03305	0.00795
3.862	0.033	0.0078
3.863	0.03305	0.00825
3.864	0.03305	0.00825
3.865	0.03305	0.0084
3.866	0.033	0.0084
3.867	0.033	0.0084
3.868	0.03305	0.0078
3.869	0.033	0.00795
3.87	0.03295	0.00795
3.871	0.033	0.0081
3.872	0.03295	0.00765
3.873	0.03295	0.0075
3.874	0.033	0.0078
3.875	0.03305	0.0081
3.876	0.033	0.0084
3.877	0.03295	0.00825
3.878	0.033	0.00825
3.879	0.033	0.0078
3.88	0.033	0.0084
3.881	0.033	0.0084
3.882	0.033	0.00825
3.883	0.03305	0.0081
3.884	0.0331	0.00825
3.885	0.033	0.0084
3.886	0.033	0.00825
3.887	0.033	0.00795
3.888	0.033	0.00795
3.889	0.03305	0.0078
3.89	0.033	0.0075
3.891	0.03305	0.00765
3.892	0.03295	0.00885
3.893	0.033	0.00795
3.894	0.033	0.00825
3.895	0.03305	0.00825
3.896	0.033	0.00825
3.897	0.0331	0.00825
3.898	0.03295	0.00885
3.899	0.033	0.0084
3.9	0.033	0.00825
3.901	0.03305	0.0087
3.902	0.033	0.0084
3.903	0.03295	0.00855
3.904	0.03305	0.0081
3.905	0.033	0.0078
3.906	0.03305	0.0084
3.907	0.033	0.00825
3.908	0.03305	0.0084
3.909	0.033	0.00825
3.91	0.03295	0.0081
3.911	0.033	0.0084
3.912	0.033	0.00855
3.913	0.033	0.0081
3.914	0.033	0.00855
3.915	0.033	0.00885
3.916	0.03305	0.0087
3.917	0.033	0.00855
3.918	0.03305	0.00855
3.919	0.033	0.00795
3.92	0.033	0.0084
3.921	0.033	0.00855
3.922	0.03305	0.0078
3.923	0.03305	0.00795
3.924	0.033	0.00795
3.925	0.03295	0.0081
3.926	0.03305	0.0081
3.927	0.033	0.0087
3.928	0.033	0.0084
3.929	0.033	0.009
3.93	0.033	0.00855
3.931	0.033	0.0084
3.932	0.03305	0.00915
3.933	0.033	0.0084
3.934	0.03305	0.0084
3.935	0.03295	0.00855
3.936	0.0331	0.0081
3.937	0.033	0.00825
3.938	0.03305	0.00855
3.939	0.033	0.00795
3.94	0.033	0.0081
3.941	0.03305	0.0081
3.942	0.033	0.00825
3.943	0.03305	0.00855
3.944	0.03305	0.00855
3.945	0.03305	0.00825
3.946	0.033	0.00825
3.947	0.033	0.00855
3.948	0.03305	0.0084
3.949	0.033	0.00885
3.95	0.033	0.0084
3.951	0.033	0.0081
3.952	0.03295	0.00825
3.953	0.03305	0.00825
3.954	0.033	0.00825
3.955	0.033	0.0081
3.956	0.033	0.00765
3.957	0.033	0.00795
3.958	0.03305	0.0084
3.959	0.03305	0.00825
3.96	0.033	0.00795
3.961	0.033	0.0084
3.962	0.03305	0.0081
3.963	0.03305	0.0084
3.964	0.033	0.00855
3.965	0.033	0.0084
3.966	0.03295	0.0087
3.967	0.033	0.0084
3.968	0.03295	0.0081
3.969	0.03295	0.0081
3.97		0.00825
3.971		0.00795
3.972		0.00795
3.973		0.0075
3.974		0.00735
3.975		0.0081
3.976		0.0081
3.977		0.00795
3.978		0.00825
