MIN=0	-0.1	-0.3
MAX=4.52548339959391	0.1	0.3
SCALE=0.1	0.05	0.1
DEC=3	4	4
DEF="Time" t / s	"Current" I_A1 / A	"Voltage" U_B1 / V
0	0	-0.0006
0.001	0	-0.00135
0.002	-5E-05	-0.0012
0.003	0	-0.0009
0.004	-5E-05	-0.00135
0.005	0	-0.00105
0.006	-5E-05	-0.0006
0.007	0	-0.00045
0.008	0	-0.00075
0.009	0	0.00015
0.01	-5E-05	-0.00015
0.011	-5E-05	-0.0012
0.012	0	-0.00075
0.013	0	-0.00075
0.014	0	-0.0003
0.015	0	-0.00075
0.016	0	-0.00075
0.017	0	-0.00075
0.018	-5E-05	-0.00075
0.019	-5E-05	-0.0009
0.02	-5E-05	-0.0003
0.021	-5E-05	-0.0006
0.022	0	-0.0012
0.023	-5E-05	-0.0003
0.024	-5E-05	-0.00075
0.025	-5E-05	-0.00045
0.026	0	-0.00075
0.027	0	-0.0003
0.028	-5E-05	-0.0003
0.029	-5E-05	-0.00045
0.03	-5E-05	-0.00105
0.031	0	-0.0003
0.032	0	-0.0003
0.033	-5E-05	-0.0012
0.034	0	-0.00075
0.035	0	-0.00105
0.036	0	-0.00075
0.037	-5E-05	-0.00015
0.038	-5E-05	-0.00015
0.039	0	-0.00045
0.04	0	-0.00045
0.041	-5E-05	-0.0006
0.042	0	0
0.043	-5E-05	0.00015
0.044	-5E-05	-0.0003
0.045	0	-0.00015
0.046	0	-0.0006
0.047	-5E-05	-0.0012
0.048	0	-0.0003
0.049	0	-0.0006
0.05	0	-0.00135
0.051	-5E-05	-0.00075
0.052	0	-0.00045
0.053	-5E-05	-0.00075
0.054	0	-0.0012
0.055	0	-0.0006
0.056	-5E-05	-0.00075
0.057	0	-0.00015
0.058	0	0.00015
0.059	0	-0.0003
0.06	0	-0.00015
0.061	0	-0.00075
0.062	0	-0.0006
0.063	0	-0.00045
0.064	0	-0.00105
0.065	0	-0.0012
0.066	0	-0.0006
0.067	-5E-05	-0.00105
0.068	0	-0.0012
0.069	-5E-05	-0.0006
0.07	0	-0.0009
0.071	0	-0.00075
0.072	0	-0.00075
0.073	0	-0.00075
0.074	-5E-05	-0.00045
0.075	-5E-05	-0.00015
0.076	0	-0.00075
0.077	-5E-05	-0.00015
0.078	0	-0.00045
0.079	-5E-05	-0.00015
0.08	0	-0.00015
0.081	0	-0.0009
0.082	0	-0.0009
0.083	0	-0.00105
0.084	0	-0.0009
0.085	0	-0.0003
0.086	0	0
0.087	-5E-05	-0.0012
0.088	0	-0.0009
0.089	-5E-05	-0.0009
0.09	0	-0.0006
0.091	0	-0.00015
0.092	0	-0.00045
0.093	0	-0.00075
0.094	0	-0.0003
0.095	0	-0.00015
0.096	0	-0.0006
0.097	-5E-05	-0.00045
0.098	0	-0.0006
0.099	0	-0.0009
0.1	-5E-05	-0.00015
0.101	0	-0.0006
0.102	0	-0.00105
0.103	0	-0.0006
0.104	0	-0.0009
0.105	0	-0.0006
0.106	0	-0.00015
0.107	0	0
0.108	0	-0.00045
0.109	0	-0.00015
0.11	-5E-05	-0.00105
0.111	0	-0.00045
0.112	0	0.00015
0.113	0	-0.00075
0.114	-5E-05	-0.0006
0.115	-5E-05	-0.0003
0.116	0	-0.0009
0.117	0	-0.0006
0.118	0	-0.00075
0.119	0	-0.0012
0.12	0	-0.00075
0.121	0	0.00045
0.122	0	-0.00015
0.123	-5E-05	0
0.124	-5E-05	-0.00015
0.125	0	-0.0003
0.126	0	-0.0006
0.127	0	-0.00075
0.128	0	-0.0003
0.129	0	0
0.13	0	-0.0012
0.131	0	-0.00105
0.132	0	-0.0006
0.133	-5E-05	-0.0006
0.134	0	-0.00075
0.135	-5E-05	-0.00075
0.136	0	-0.00075
0.137	0	-0.0006
0.138	-5E-05	-0.00045
0.139	0	-0.00045
0.14	0	-0.00015
0.141	0	-0.0006
0.142	0	0.00015
0.143	-5E-05	0
0.144	0	-0.00045
0.145	-5E-05	-0.00075
0.146	0	-0.0003
0.147	0	-0.00045
0.148	-5E-05	-0.0006
0.149	0	0
0.15	0	-0.00075
0.151	0	-0.00015
0.152	-5E-05	-0.00105
0.153	0	-0.0009
0.154	0	-0.00045
0.155	0	-0.0006
0.156	-5E-05	-0.0009
0.157	-5E-05	-0.0006
0.158	0	-0.0003
0.159	0	-0.00045
0.16	-5E-05	0.0003
0.161	0	-0.0006
0.162	-5E-05	-0.00135
0.163	0	-0.00045
0.164	0	-0.0006
0.165	0	-0.00075
0.166	-5E-05	-0.0006
0.167	0	-0.0009
0.168	0	-0.0015
0.169	-5E-05	-0.00045
0.17	-5E-05	-0.0012
0.171	-5E-05	-0.00105
0.172	-5E-05	-0.0006
0.173	0	-0.00135
0.174	0	-0.00075
0.175	0	-0.00015
0.176	0	-0.00075
0.177	0	-0.0006
0.178	-5E-05	-0.00045
0.179	-5E-05	-0.00105
0.18	-5E-05	-0.0012
0.181	0	-0.0012
0.182	0	-0.00105
0.183	0	-0.00075
0.184	0	-0.00045
0.185	-5E-05	-0.00075
0.186	0	-0.00045
0.187	0	-0.00075
0.188	0	-0.00105
0.189	-5E-05	0
0.19	-5E-05	-0.00075
0.191	0	-0.0012
0.192	-5E-05	-0.00045
0.193	0	-0.0006
0.194	0	0.0003
0.195	0	-0.0003
0.196	0	-0.00045
0.197	0	-0.00105
0.198	0	-0.00075
0.199	0	-0.0006
0.2	0	-0.0003
0.201	-5E-05	-0.0006
0.202	0	-0.0012
0.203	0	-0.00045
0.204	0	-0.00045
0.205	0	0.0003
0.206	0	-0.00015
0.207	-5E-05	-0.00045
0.208	-5E-05	-0.00075
0.209	0	0
0.21	0	0.0003
0.211	0	-0.00015
0.212	0	-0.0003
0.213	-5E-05	-0.00105
0.214	0	-0.00045
0.215	-5E-05	0
0.216	0	0
0.217	0	-0.0003
0.218	-5E-05	-0.00075
0.219	0	-0.00075
0.22	-5E-05	-0.00015
0.221	0	0
0.222	-5E-05	0.00015
0.223	0	-0.0003
0.224	0	0.00015
0.225	0	0.00045
0.226	0	0
0.227	-5E-05	0.00045
0.228	0	-0.00015
0.229	0	0
0.23	0	0
0.231	0	-0.00045
0.232	0	-0.0003
0.233	0	-0.00015
0.234	0	-0.00045
0.235	-5E-05	0
0.236	-5E-05	0
0.237	0	-0.00015
0.238	-5E-05	0.00075
0.239	0	-0.00015
0.24	0	-0.00015
0.241	0	0.0003
0.242	5E-05	-0.0003
0.243	0	-0.0006
0.244	0	0.0006
0.245	-5E-05	-0.00015
0.246	0	0
0.247	0	0.00015
0.248	-5E-05	-0.00045
0.249	0	-0.0003
0.25	0	-0.00045
0.251	0	-0.0006
0.252	-5E-05	-0.0003
0.253	-5E-05	-0.00075
0.254	0	-0.0003
0.255	-5E-05	-0.00015
0.256	0	-0.00015
0.257	0	-0.0003
0.258	-5E-05	-0.00045
0.259	0	-0.0003
0.26	-5E-05	-0.0006
0.261	-5E-05	0.00015
0.262	0	-0.0003
0.263	0	-0.00015
0.264	0	-0.0003
0.265	0	-0.0009
0.266	0	-0.0006
0.267	-5E-05	-0.0009
0.268	-5E-05	-0.00045
0.269	0	-0.0006
0.27	0	-0.0006
0.271	-5E-05	-0.0009
0.272	-5E-05	-0.00045
0.273	-5E-05	-0.00015
0.274	0	-0.00045
0.275	0	-0.0003
0.276	0	-0.00045
0.277	0	-0.0006
0.278	0	-0.0009
0.279	5E-05	-0.00015
0.28	0	-0.0006
0.281	-5E-05	-0.0009
0.282	-5E-05	-0.00075
0.283	0	-0.00075
0.284	0	-0.00045
0.285	-5E-05	-0.0009
0.286	0	-0.00105
0.287	-5E-05	-0.0006
0.288	5E-05	-0.00075
0.289	0	-0.00045
0.29	0	0.00015
0.291	-5E-05	-0.00045
0.292	-5E-05	-0.00015
0.293	0	-0.00015
0.294	0	-0.0012
0.295	0	-0.0006
0.296	-5E-05	-0.0003
0.297	0	-0.0006
0.298	0	-0.0009
0.299	-5E-05	-0.0009
0.3	0	-0.0009
0.301	-5E-05	-0.00015
0.302	0	-0.0009
0.303	0	-0.0012
0.304	-5E-05	-0.00075
0.305	0	-0.00075
0.306	-5E-05	-0.0006
0.307	0	-0.00015
0.308	0	-0.0003
0.309	0	-0.00015
0.31	0	-0.0003
0.311	0	-0.0006
0.312	0	-0.0006
0.313	0	-0.00075
0.314	0	-0.00105
0.315	0	-0.00075
0.316	0	-0.0006
0.317	0	-0.0012
0.318	0	-0.0009
0.319	0	-0.00075
0.32	0	-0.00075
0.321	0	-0.00045
0.322	-5E-05	-0.0006
0.323	0	-0.0012
0.324	0	-0.0006
0.325	0	-0.0003
0.326	0	-0.0003
0.327	-5E-05	-0.0003
0.328	0	-0.00105
0.329	-5E-05	-0.0003
0.33	0	-0.0003
0.331	0	-0.0006
0.332	-5E-05	-0.0015
0.333	-5E-05	-0.00105
0.334	0	-0.0006
0.335	0	-0.0003
0.336	0	-0.0006
0.337	0	-0.00105
0.338	0	-0.00015
0.339	0	-0.00015
0.34	0	-0.00045
0.341	-5E-05	-0.0003
0.342	0	-0.0006
0.343	0	-0.00015
0.344	0	-0.00015
0.345	0	-0.0003
0.346	0	-0.0003
0.347	0	0
0.348	0	0
0.349	0	-0.0006
0.35	-5E-05	-0.0009
0.351	0	-0.0003
0.352	0	-0.0006
0.353	-5E-05	0
0.354	0	-0.00075
0.355	0	-0.0006
0.356	0	0.00015
0.357	0	0
0.358	0	0.00015
0.359	-5E-05	-0.00045
0.36	0	-0.00015
0.361	0	0
0.362	-5E-05	0
0.363	0	-0.00075
0.364	0	-0.00045
0.365	0	-0.0003
0.366	-5E-05	-0.0006
0.367	-5E-05	-0.00075
0.368	0	-0.0003
0.369	0	-0.0006
0.37	0	-0.0003
0.371	0	-0.00015
0.372	-5E-05	-0.0006
0.373	0	0.00015
0.374	0	-0.00015
0.375	0	-0.00045
0.376	-5E-05	0.00045
0.377	0	0.00015
0.378	0	-0.00015
0.379	0	0
0.38	0	-0.00045
0.381	-5E-05	-0.0006
0.382	0	-0.0003
0.383	0	-0.0009
0.384	0	-0.00045
0.385	-5E-05	-0.0006
0.386	0	-0.00135
0.387	-5E-05	-0.00045
0.388	0	-0.0003
0.389	0	-0.0003
0.39	0	-0.00015
0.391	0	-0.00045
0.392	0	-0.00075
0.393	0	-0.0003
0.394	0	0.00015
0.395	0	-0.0006
0.396	-5E-05	-0.00075
0.397	0	-0.00105
0.398	0	-0.0012
0.399	-5E-05	-0.00075
0.4	0	-0.0006
0.401	0	-0.00105
0.402	-5E-05	-0.0006
0.403	0	-0.0006
0.404	0	-0.00075
0.405	0	-0.0006
0.406	0	-0.00075
0.407	0	-0.00045
0.408	0	-0.0006
0.409	-5E-05	-0.0003
0.41	0	-0.0006
0.411	-5E-05	-0.0003
0.412	0	-0.0006
0.413	0	-0.0006
0.414	-5E-05	-0.0009
0.415	0	-0.0012
0.416	0	-0.00045
0.417	-5E-05	-0.0009
0.418	-5E-05	-0.00075
0.419	0	-0.00045
0.42	0	-0.0006
0.421	0	-0.00105
0.422	-5E-05	-0.0006
0.423	-5E-05	-0.0006
0.424	0	-0.00075
0.425	0	0.0003
0.426	0	-0.00045
0.427	0	-0.0003
0.428	0	-0.0003
0.429	0	-0.0003
0.43	0	-0.0006
0.431	-5E-05	-0.0003
0.432	-5E-05	-0.0009
0.433	0	-0.00135
0.434	0	-0.0003
0.435	-5E-05	-0.00075
0.436	0	-0.0006
0.437	0	-0.0006
0.438	0	-0.00075
0.439	5E-05	-0.00045
0.44	-5E-05	-0.00015
0.441	-5E-05	-0.00045
0.442	-5E-05	-0.0003
0.443	0	0
0.444	0	-0.00045
0.445	0	0
0.446	0	-0.00045
0.447	0	-0.00105
0.448	-5E-05	-0.0003
0.449	0	-0.00015
0.45	-5E-05	-0.00075
0.451	0	0.00015
0.452	0	-0.00075
0.453	0	-0.00075
0.454	0	-0.0003
0.455	-5E-05	-0.0003
0.456	0	-0.0003
0.457	0	0
0.458	-5E-05	-0.00015
0.459	0	0.00015
0.46	-5E-05	0.00045
0.461	0	-0.00045
0.462	0	-0.00045
0.463	0	-0.0006
0.464	0	-0.0009
0.465	0	-0.0006
0.466	0	-0.00045
0.467	0	-0.0006
0.468	-5E-05	-0.0003
0.469	-5E-05	-0.00045
0.47	0	-0.0009
0.471	0	-0.0003
0.472	0	-0.0003
0.473	0	-0.00075
0.474	-5E-05	0.00015
0.475	5E-05	-0.00015
0.476	0	-0.0003
0.477	0	-0.0003
0.478	-5E-05	-0.00015
0.479	0	-0.0006
0.48	0	-0.0003
0.481	-5E-05	-0.00045
0.482	0	-0.00075
0.483	0	-0.0006
0.484	-5E-05	-0.0009
0.485	0	-0.0003
0.486	0	0.00045
0.487	0	-0.00045
0.488	-5E-05	-0.00045
0.489	0	-0.0003
0.49	-5E-05	-0.0006
0.491	-5E-05	-0.00015
0.492	0	0.00015
0.493	-5E-05	-0.00045
0.494	0	-0.00015
0.495	0	0.0003
0.496	0	0.00015
0.497	0	-0.00015
0.498	-5E-05	-0.00015
0.499	0	-0.0006
0.5	-5E-05	-0.0006
0.501	-5E-05	-0.00075
0.502	0	-0.00045
0.503	0	-0.0006
0.504	-5E-05	-0.00045
0.505	-5E-05	-0.0003
0.506	0	-0.0003
0.507	-5E-05	-0.0003
0.508	5E-05	-0.00015
0.509	-5E-05	0.00015
0.51	0	-0.00045
0.511	-5E-05	-0.0003
0.512	5E-05	-0.0006
0.513	0	-0.00045
0.514	-5E-05	0.00015
0.515	0	-0.0003
0.516	-5E-05	-0.0006
0.517	0	-0.0003
0.518	0	-0.0009
0.519	0	-0.0006
0.52	0	-0.00045
0.521	0	-0.0003
0.522	0	-0.00015
0.523	-5E-05	0.00045
0.524	0	0
0.525	-5E-05	-0.00015
0.526	0	0
0.527	0	-0.0003
0.528	0	-0.00045
0.529	0	-0.00015
0.53	0	-0.0003
0.531	0	0
0.532	0	-0.00015
0.533	0	-0.00075
0.534	-5E-05	-0.0003
0.535	0	-0.00045
0.536	0	-0.0006
0.537	-5E-05	-0.00015
0.538	0	-0.00015
0.539	0	-0.00045
0.54	0	0.0003
0.541	0	-0.00045
0.542	0	-0.0003
0.543	0	-0.00015
0.544	0	-0.00045
0.545	0	-0.0006
0.546	-5E-05	-0.0006
0.547	0	-0.00075
0.548	0	0
0.549	0	0.0003
0.55	0	-0.0009
0.551	0	-0.00045
0.552	0	-0.0003
0.553	-5E-05	-0.00015
0.554	0	-0.0003
0.555	-5E-05	-0.00045
0.556	0	-0.0006
0.557	0	0.0003
0.558	0	0.0003
0.559	0	-0.00015
0.56	0	0.00045
0.561	0	-0.0003
0.562	-5E-05	-0.00015
0.563	0	0
0.564	0	0
0.565	-5E-05	-0.0003
0.566	0	-0.0003
0.567	0	-0.00075
0.568	0	-0.00045
0.569	0	0
0.57	-5E-05	-0.0003
0.571	-5E-05	-0.0003
0.572	0	-0.00045
0.573	0	-0.0006
0.574	0	-0.0003
0.575	0	0.0003
0.576	0	0.0003
0.577	5E-05	-0.00015
0.578	5E-05	0
0.579	-5E-05	-0.00015
0.58	0	0
0.581	0	-0.00015
0.582	0	-0.00075
0.583	-5E-05	-0.0003
0.584	0	-0.0006
0.585	0	-0.0006
0.586	-5E-05	0
0.587	0	-0.00015
0.588	0	0.00045
0.589	0	0.0003
0.59	0	-0.0003
0.591	0	-0.0003
0.592	0	0.0003
0.593	-5E-05	0.00015
0.594	0	0.0003
0.595	-5E-05	-0.0003
0.596	0	-0.00075
0.597	0	-0.0006
0.598	-5E-05	-0.00015
0.599	0	-0.00045
0.6	0	-0.00075
0.601	0	-0.0012
0.602	-5E-05	-0.0009
0.603	0	0.00015
0.604	0	-0.00015
0.605	0	-0.00075
0.606	-5E-05	-0.0006
0.607	-5E-05	-0.00075
0.608	0	-0.00105
0.609	0	0.0003
0.61	-5E-05	-0.0009
0.611	0	-0.0009
0.612	0	-0.0003
0.613	0	-0.0012
0.614	0	-0.00105
0.615	-5E-05	-0.0006
0.616	0	-0.00105
0.617	0	-0.0015
0.618	0	-0.00045
0.619	-5E-05	-0.00135
0.62	0	-0.0003
0.621	0	-0.0012
0.622	0	-0.00135
0.623	0	-0.0009
0.624	-5E-05	-0.0006
0.625	0	-0.00105
0.626	0	-0.00045
0.627	0	-0.0006
0.628	-5E-05	-0.0012
0.629	0	-0.00045
0.63	0	-0.00045
0.631	-5E-05	-0.00075
0.632	0	-0.00075
0.633	-5E-05	-0.00105
0.634	0	-0.0012
0.635	-5E-05	-0.0003
0.636	0	-0.00105
0.637	0	-0.0012
0.638	0	-0.00015
0.639	0	-0.00105
0.64	0	-0.00075
0.641	0	-0.0006
0.642	-5E-05	-0.0003
0.643	0	-0.0003
0.644	0	-0.0003
0.645	0	-0.00075
0.646	0	-0.0006
0.647	-5E-05	-0.00075
0.648	0	-0.00105
0.649	-5E-05	-0.0006
0.65	0	-0.00075
0.651	0	-0.0006
0.652	-5E-05	-0.0015
0.653	0	-0.0003
0.654	-5E-05	-0.0009
0.655	-5E-05	-0.0003
0.656	0	-0.0006
0.657	0	-0.00075
0.658	0	-0.00015
0.659	0	-0.0003
0.66	0	-0.00045
0.661	0	-0.00015
0.662	0	-0.00075
0.663	0	-0.00105
0.664	0	-0.0003
0.665	-5E-05	-0.00075
0.666	-5E-05	-0.00075
0.667	-5E-05	-0.00045
0.668	-5E-05	-0.0009
0.669	0	-0.00075
0.67	-5E-05	-0.00015
0.671	0	-0.0009
0.672	-5E-05	0.00015
0.673	-5E-05	-0.0003
0.674	-5E-05	-0.0003
0.675	-5E-05	-0.00045
0.676	0	-0.00045
0.677	0	-0.00045
0.678	0	-0.00015
0.679	0	-0.00045
0.68	-5E-05	-0.0006
0.681	0	-0.00075
0.682	0	-0.00045
0.683	0	-0.00045
0.684	-5E-05	-0.00045
0.685	0	-0.0006
0.686	-5E-05	-0.00075
0.687	0	-0.00135
0.688	-5E-05	-0.00075
0.689	0	-0.00045
0.69	0	-0.0006
0.691	0	-0.0003
0.692	0	0
0.693	0	0.0003
0.694	0	-0.0009
0.695	-5E-05	-0.0009
0.696	5E-05	-0.0006
0.697	0	-0.0009
0.698	-5E-05	-0.0009
0.699	0	-0.00075
0.7	0	-0.00045
0.701	-5E-05	-0.0006
0.702	0	-0.00075
0.703	-5E-05	-0.0009
0.704	-5E-05	-0.0012
0.705	0	-0.0009
0.706	0	-0.00105
0.707	0	-0.0003
0.708	-5E-05	-0.0006
0.709	0	0
0.71	-5E-05	-0.00045
0.711	-5E-05	-0.00075
0.712	-5E-05	-0.0003
0.713	0	-0.00045
0.714	0	-0.0009
0.715	0	-0.0009
0.716	0	-0.0012
0.717	0	-0.00165
0.718	0	-0.00045
0.719	0	-0.00105
0.72	0	-0.0009
0.721	-5E-05	-0.0006
0.722	0	-0.00105
0.723	0	-0.00075
0.724	0	-0.0003
0.725	0	-0.00105
0.726	0	-0.00075
0.727	0	0.00015
0.728	0	-0.0006
0.729	0	-0.0003
0.73	0	0
0.731	-5E-05	-0.0009
0.732	0	-0.0006
0.733	0	-0.0009
0.734	-5E-05	-0.0012
0.735	0	-0.00015
0.736	0	-0.0009
0.737	0	-0.0012
0.738	0	-0.0003
0.739	0	0.0006
0.74	0	0
0.741	0	-0.00015
0.742	0	-0.00045
0.743	0	-0.0009
0.744	-5E-05	-0.00015
0.745	0	-0.00015
0.746	0	-0.00045
0.747	-5E-05	-0.0003
0.748	0	-0.00075
0.749	-5E-05	-0.0009
0.75	0	-0.00015
0.751	0	-0.00105
0.752	-5E-05	-0.00105
0.753	0	-0.00015
0.754	-5E-05	-0.0006
0.755	0	-0.00045
0.756	0	0.00045
0.757	-5E-05	-0.00105
0.758	0	-0.0006
0.759	-5E-05	-0.00045
0.76	0	-0.0009
0.761	-5E-05	0
0.762	0	0
0.763	0	-0.0003
0.764	-5E-05	-0.00105
0.765	0	-0.00015
0.766	0	-0.00105
0.767	-5E-05	-0.0003
0.768	-5E-05	-0.0009
0.769	-5E-05	-0.0006
0.77	-5E-05	-0.0006
0.771	0	-0.00075
0.772	0	-0.0003
0.773	-5E-05	-0.00015
0.774	0	-0.0003
0.775	0	0.00015
0.776	0	0.00015
0.777	0	0.0003
0.778	0	-0.0003
0.779	0	-0.0006
0.78	0	-0.0003
0.781	0	-0.00045
0.782	0	-0.0003
0.783	0	-0.0006
0.784	0	-0.0006
0.785	0	-0.0006
0.786	0	-0.00045
0.787	-5E-05	0
0.788	0	-0.0003
0.789	0	0.00015
0.79	-5E-05	-0.00075
0.791	0	-0.00045
0.792	-5E-05	-0.00045
0.793	0	0.0006
0.794	0	-0.00045
0.795	0	-0.0003
0.796	0	0
0.797	-5E-05	-0.00015
0.798	0	0.00015
0.799	0	-0.0006
0.8	-5E-05	-0.0009
0.801	0	-0.00075
0.802	-5E-05	-0.00075
0.803	0	-0.00105
0.804	0	0.0003
0.805	0	-0.0003
0.806	-5E-05	-0.00045
0.807	0	-0.00015
0.808	0	-0.0003
0.809	0	-0.00045
0.81	0	0.00045
0.811	0	0
0.812	0	-0.00045
0.813	-5E-05	-0.0006
0.814	0	-0.00075
0.815	0	0
0.816	-5E-05	-0.00015
0.817	0	-0.00075
0.818	0	-0.0003
0.819	0	0.0003
0.82	-5E-05	-0.0006
0.821	-5E-05	-0.00075
0.822	0	0.0003
0.823	-5E-05	-0.0003
0.824	0	-0.00015
0.825	-5E-05	0
0.826	0	-0.0006
0.827	0	-0.00015
0.828	-5E-05	-0.00015
0.829	0	-0.00075
0.83	-5E-05	-0.0003
0.831	0	-0.0006
0.832	0	-0.0006
0.833	-5E-05	0
0.834	-5E-05	-0.0006
0.835	-5E-05	-0.0006
0.836	0	-0.0003
0.837	0	-0.00045
0.838	0	-0.0009
0.839	0	0.00015
0.84	0	-0.00015
0.841	5E-05	-0.00075
0.842	0	-0.00015
0.843	0	-0.00015
0.844	-5E-05	-0.0003
0.845	0	-0.00015
0.846	-5E-05	-0.0003
0.847	0	0.00015
0.848	0	-0.00045
0.849	0	-0.0009
0.85	5E-05	-0.0006
0.851	0	-0.00045
0.852	0	-0.0009
0.853	-5E-05	-0.0006
0.854	0	0
0.855	0	-0.0009
0.856	-5E-05	-0.00075
0.857	0	-0.0009
0.858	0	-0.00015
0.859	-5E-05	-0.0003
0.86	5E-05	-0.00015
0.861	0	0.00015
0.862	-5E-05	-0.00045
0.863	0	-0.00075
0.864	0	-0.00045
0.865	-5E-05	-0.0003
0.866	-5E-05	-0.0012
0.867	0	-0.00105
0.868	0	-0.0012
0.869	0	-0.00045
0.87	0	-0.0009
0.871	0	-0.0006
0.872	-5E-05	-0.00075
0.873	0	-0.00075
0.874	0	-0.00045
0.875	0	-0.00045
0.876	0	0
0.877	-5E-05	-0.00045
0.878	0	-0.00045
0.879	-5E-05	-0.00045
0.88	0	-0.00045
0.881	0	-0.00045
0.882	-5E-05	-0.00015
0.883	0	-0.0012
0.884	-5E-05	-0.0009
0.885	0	-0.0003
0.886	0	-0.00075
0.887	0	-0.00015
0.888	0	-0.00075
0.889	-5E-05	0
0.89	0	0.00015
0.891	-5E-05	-0.0003
0.892	0	-0.0006
0.893	-5E-05	-0.0009
0.894	-5E-05	-0.00015
0.895	0	-0.0009
0.896	0	-0.0003
0.897	0	-0.0009
0.898	0	-0.0006
0.899	0	-0.0006
0.9	0	-0.00075
0.901	-5E-05	-0.00045
0.902	-5E-05	-0.0006
0.903	-5E-05	-0.00015
0.904	0	-0.00105
0.905	-5E-05	-0.00045
0.906	0	-0.00075
0.907	0	-0.00045
0.908	-5E-05	-0.00015
0.909	0	-0.00045
0.91	-5E-05	-0.00105
0.911	0	-0.00105
0.912	-5E-05	-0.00075
0.913	0	-0.0006
0.914	0	-0.0006
0.915	-5E-05	-0.0009
0.916	0	-0.0009
0.917	0	-0.00045
0.918	0	-0.0009
0.919	0	-0.0009
0.92	0	-0.0009
0.921	0	-0.00135
0.922	-5E-05	-0.00075
0.923	0	-0.0003
0.924	0	-0.00015
0.925	0	-0.0003
0.926	0	-0.0006
0.927	-5E-05	-0.0003
0.928	-5E-05	-0.00075
0.929	0	-0.00075
0.93	0	-0.00075
0.931	0	-0.00075
0.932	0	-0.0009
0.933	0	-0.0009
0.934	-5E-05	-0.00105
0.935	0	-0.0012
0.936	0	-0.00135
0.937	0	-0.00075
0.938	-5E-05	-0.00075
0.939	0	-0.0009
0.94	0	-0.0006
0.941	0	-0.00045
0.942	0	-0.00045
0.943	-5E-05	-0.0009
0.944	0	-0.00045
0.945	-5E-05	-0.0003
0.946	0	-0.0012
0.947	-5E-05	-0.00135
0.948	-5E-05	-0.00075
0.949	-5E-05	-0.0009
0.95	-5E-05	-0.00075
0.951	0	-0.0006
0.952	0	-0.00105
0.953	0	-0.0012
0.954	0	-0.0009
0.955	0	-0.0003
0.956	-5E-05	-0.00105
0.957	0	-0.00075
0.958	-5E-05	-0.0009
0.959	-5E-05	0.00015
0.96	0	-0.00045
0.961	0	-0.0009
0.962	0	-0.00075
0.963	0	-0.0003
0.964	0	-0.0009
0.965	0	-0.00105
0.966	0	0.0003
0.967	0	-0.0009
0.968	-5E-05	-0.00105
0.969	-5E-05	-0.00075
0.97	0	-0.00105
0.971	-5E-05	-0.00045
0.972	0	-0.0003
0.973	0	-0.00045
0.974	0	-0.0003
0.975	0	-0.0006
0.976	0	0.00015
0.977	0	0.00045
0.978	-5E-05	-0.00075
0.979	0	-0.0006
0.98	-5E-05	0.00015
0.981	0	0.00015
0.982	0	-0.00015
0.983	0	-0.00045
0.984	0	-0.00045
0.985	0	-0.00015
0.986	0	0.0003
0.987	-5E-05	-0.0003
0.988	0	-0.0006
0.989	0	0
0.99	0	0.00015
0.991	0	0
0.992	0	0.00045
0.993	0	0.0003
0.994	-5E-05	0.0009
0.995	0	0.00045
0.996	0	0
0.997	0	0.0003
0.998	0	-0.00045
0.999	0	0
1	0	0.00015
1.001	0	0
1.002	0	0.00015
1.003	-5E-05	0.0003
1.004	0	-0.00015
1.005	0	0.00045
1.006	-5E-05	0.00045
1.007	0	-0.0003
1.008	0	-0.00015
1.009	0	0.0003
1.01	0	0.00045
1.011	0	0.00105
1.012	0	0.0006
1.013	0	-0.00045
1.014	-5E-05	-0.00045
1.015	0	-0.00015
1.016	0	-0.00045
1.017	-5E-05	0.00015
1.018	0	-0.00045
1.019	0	-0.0015
1.02	0	0
1.021	0	-0.00015
1.022	0	0
1.023	0	-0.00015
1.024	-5E-05	-0.00075
1.025	0	-0.0009
1.026	0	0
1.027	-5E-05	0.0003
1.028	0	-0.0006
1.029	-5E-05	-0.0006
1.03	0	-0.0009
1.031	-5E-05	-0.0006
1.032	0	-0.00015
1.033	-5E-05	-0.00075
1.034	0	-0.00105
1.035	0	-0.0009
1.036	-5E-05	-0.0012
1.037	-5E-05	-0.00075
1.038	0	-0.00015
1.039	0	-0.00075
1.04	0	0.00015
1.041	0	-0.0006
1.042	-5E-05	-0.00105
1.043	0	-0.00075
1.044	0	-0.0006
1.045	0	-0.00075
1.046	0	-0.0006
1.047	-5E-05	-0.0006
1.048	0	-0.0009
1.049	0	-0.00045
1.05	-5E-05	-0.0009
1.051	0	-0.00075
1.052	-5E-05	-0.00105
1.053	0	-0.0012
1.054	-5E-05	-0.00105
1.055	0	-0.0006
1.056	0	-0.00015
1.057	0	-0.00045
1.058	0	-0.00045
1.059	0	-0.00105
1.06	-5E-05	-0.0003
1.061	-5E-05	-0.0009
1.062	0	-0.00015
1.063	-5E-05	-0.0003
1.064	0	-0.00075
1.065	0	-0.00075
1.066	-5E-05	-0.0003
1.067	0	-0.00075
1.068	0	-0.00075
1.069	0	-0.00075
1.07	-5E-05	-0.0009
1.071	0	-0.00075
1.072	0	-0.0006
1.073	-5E-05	-0.00045
1.074	0	-0.00015
1.075	-5E-05	-0.00015
1.076	0	-0.0006
1.077	0	0
1.078	0	-0.00015
1.079	0	-0.00075
1.08	0	-0.0003
1.081	0	-0.0003
1.082	0	-0.00045
1.083	0	-0.0009
1.084	0	-0.0006
1.085	0	-0.0009
1.086	0	-0.00015
1.087	-5E-05	-0.00045
1.088	-5E-05	-0.00045
1.089	-5E-05	-0.00015
1.09	0	-0.00045
1.091	0	-0.00045
1.092	0	0.00015
1.093	-5E-05	-0.0006
1.094	0	-0.0009
1.095	0	0
1.096	0	-0.00015
1.097	0	-0.00045
1.098	-5E-05	-0.0003
1.099	0	-0.00075
1.1	0	-0.0003
1.101	-5E-05	-0.00075
1.102	0	-0.00075
1.103	0	-0.00015
1.104	0	-0.00075
1.105	0	-0.00075
1.106	0	0
1.107	5E-05	-0.00045
1.108	0	-0.00045
1.109	0	0.00015
1.11	0	-0.0003
1.111	0	-0.00045
1.112	-5E-05	0.00015
1.113	0	-0.00045
1.114	0	-0.0006
1.115	0	-0.00075
1.116	0	-0.00075
1.117	0	-0.0009
1.118	0	-0.0009
1.119	-5E-05	-0.00075
1.12	0	-0.00015
1.121	0	-0.0006
1.122	0	-0.0006
1.123	0	-0.0003
1.124	0	0
1.125	0	-0.0003
1.126	0	-0.00045
1.127	0	-0.00015
1.128	-5E-05	-0.00045
1.129	0	-0.00015
1.13	0	-0.0003
1.131	0	-0.0006
1.132	0	-0.0003
1.133	0	-0.0006
1.134	0	-0.0009
1.135	-5E-05	-0.0006
1.136	0	-0.0009
1.137	0	-0.00045
1.138	0	-0.00045
1.139	-5E-05	-0.0009
1.14	0	-0.00045
1.141	-5E-05	0
1.142	-5E-05	-0.00045
1.143	0	-0.0006
1.144	-5E-05	-0.00045
1.145	0	-0.0006
1.146	0	0.0003
1.147	0	-0.00045
1.148	0	-0.0006
1.149	-5E-05	-0.0006
1.15	0	-0.0006
1.151	-5E-05	-0.00045
1.152	0	-0.00045
1.153	-5E-05	-0.00075
1.154	0	-0.00075
1.155	-5E-05	-0.00045
1.156	0	-0.0006
1.157	0	-0.00045
1.158	-5E-05	0.00015
1.159	0	-0.00015
1.16	-5E-05	-0.0006
1.161	-5E-05	-0.0003
1.162	-5E-05	-0.0006
1.163	0	-0.00045
1.164	0	-0.00045
1.165	0	-0.00105
1.166	0	-0.0009
1.167	0	-0.0003
1.168	0	-0.00015
1.169	0	-0.00045
1.17	0	-0.0009
1.171	-5E-05	-0.00075
1.172	0	-0.0003
1.173	0	-0.0003
1.174	0	-0.0006
1.175	0	-0.00015
1.176	0	-0.00045
1.177	0	-0.00045
1.178	-5E-05	0
1.179	-5E-05	-0.0003
1.18	0	-0.0006
1.181	0	-0.00045
1.182	0	-0.00075
1.183	0	-0.0006
1.184	0	-0.00075
1.185	0	-0.0006
1.186	0	-0.00075
1.187	-5E-05	-0.00075
1.188	-5E-05	-0.0012
1.189	0	-0.00015
1.19	0	0.00015
1.191	0	-0.00045
1.192	-5E-05	-0.00045
1.193	0	-0.00045
1.194	0	-0.00045
1.195	0	0
1.196	0	-0.00015
1.197	0	-0.0009
1.198	-5E-05	-0.00045
1.199	-5E-05	-0.00075
1.2	0	-0.00045
1.201	-5E-05	-0.0006
1.202	0	-0.0009
1.203	0	-0.00075
1.204	0	-0.0006
1.205	0	-0.00045
1.206	0	-0.0006
1.207	0	-0.0003
1.208	0	-0.00045
1.209	0	-0.0003
1.21	0	0
1.211	-5E-05	0
1.212	0	-0.0006
1.213	-5E-05	-0.00015
1.214	0	-0.00075
1.215	0	-0.00045
1.216	0	-0.0006
1.217	-5E-05	-0.0006
1.218	0	-0.0006
1.219	0	-0.0003
1.22	-5E-05	-0.00075
1.221	-5E-05	-0.0003
1.222	-5E-05	-0.0003
1.223	0	-0.0006
1.224	-5E-05	-0.00015
1.225	0	-0.0003
1.226	0	-0.00015
1.227	0	0.0003
1.228	0	-0.00045
1.229	-5E-05	-0.00045
1.23	0	-0.00045
1.231	-5E-05	-0.00075
1.232	0	-0.00045
1.233	-5E-05	-0.00045
1.234	0	-0.00075
1.235	0	-0.00045
1.236	0	-0.00045
1.237	0	-0.0009
1.238	0	-0.00015
1.239	0	0
1.24	0	-0.0003
1.241	-5E-05	-0.00015
1.242	0	-0.00015
1.243	0	-0.0003
1.244	-5E-05	-0.00045
1.245	-5E-05	-0.00045
1.246	0	-0.0006
1.247	-5E-05	-0.0006
1.248	0	-0.00075
1.249	0	-0.0006
1.25	-5E-05	-0.0003
1.251	0	-0.00075
1.252	-5E-05	-0.0006
1.253	0	-0.0003
1.254	0	-0.00075
1.255	0	-0.0006
1.256	0	-0.0003
1.257	-5E-05	-0.0006
1.258	0	-0.0003
1.259	-5E-05	0
1.26	0	-0.00045
1.261	0	0
1.262	0	-0.00015
1.263	0	-0.00075
1.264	0	-0.0006
1.265	0	-0.00075
1.266	0	-0.00075
1.267	0	-0.0003
1.268	0	-0.00045
1.269	0	-0.0006
1.27	0	-0.00075
1.271	-5E-05	-0.0006
1.272	-5E-05	-0.0006
1.273	-5E-05	-0.0003
1.274	0	-0.0006
1.275	0	-0.00045
1.276	0	-0.00015
1.277	0	-0.00015
1.278	0	-0.00045
1.279	-5E-05	0
1.28	-5E-05	-0.0003
1.281	0	-0.00045
1.282	-5E-05	-0.0006
1.283	-5E-05	-0.00075
1.284	0	-0.00105
1.285	-5E-05	-0.0006
1.286	-5E-05	-0.0009
1.287	0	-0.0006
1.288	0	-0.00045
1.289	0	-0.00075
1.29	0	-0.00015
1.291	0	-0.0003
1.292	0	-0.00045
1.293	-5E-05	0
1.294	-5E-05	-0.00075
1.295	0	-0.00045
1.296	0	0
1.297	0	-0.0006
1.298	-5E-05	-0.0003
1.299	0	-0.0003
1.3	0	-0.0009
1.301	0	-0.0006
1.302	0	-0.0006
1.303	-5E-05	-0.0006
1.304	0	-0.00015
1.305	-5E-05	-0.0003
1.306	0	-0.0003
1.307	-5E-05	-0.0003
1.308	-5E-05	0
1.309	0	0.00015
1.31	0	-0.00045
1.311	0	-0.00015
1.312	0	-0.00075
1.313	0	-0.00015
1.314	0	0
1.315	0	-0.00045
1.316	-5E-05	-0.00045
1.317	0	-0.0009
1.318	-5E-05	-0.00045
1.319	-5E-05	-0.0003
1.32	0	-0.0003
1.321	-5E-05	-0.00075
1.322	0	0
1.323	0	-0.00015
1.324	0	0
1.325	0	0
1.326	-5E-05	0
1.327	0	0.0003
1.328	-5E-05	-0.0003
1.329	0	-0.0003
1.33	-5E-05	0.00015
1.331	-5E-05	0.00015
1.332	0	-0.00045
1.333	0	-0.0003
1.334	0	-0.00045
1.335	-5E-05	-0.0003
1.336	0	-0.0003
1.337	0	-0.00015
1.338	0	-0.0003
1.339	0	0.00015
1.34	-5E-05	-0.0003
1.341	0	-0.00045
1.342	0	0.0003
1.343	0	0.0003
1.344	0	0.00015
1.345	0	0.00015
1.346	0	-0.0003
1.347	0	-0.0003
1.348	0	-0.0003
1.349	-5E-05	-0.0009
1.35	0	-0.0003
1.351	0	-0.0003
1.352	-5E-05	-0.00075
1.353	0	-0.0003
1.354	-5E-05	-0.00045
1.355	0	-0.00045
1.356	0	0
1.357	0	-0.0003
1.358	0	-0.00105
1.359	0	0.00015
1.36	0	0.00045
1.361	0	-0.00015
1.362	0	-0.00045
1.363	-5E-05	-0.00045
1.364	0	-0.00045
1.365	0	-0.00015
1.366	0	-0.0009
1.367	-5E-05	-0.00135
1.368	-5E-05	-0.00075
1.369	0	-0.0003
1.37	0	-0.00075
1.371	0	-0.00075
1.372	-5E-05	-0.00105
1.373	0	0.00015
1.374	0	-0.00075
1.375	-5E-05	-0.00105
1.376	0	-0.00045
1.377	-5E-05	-0.00045
1.378	0	-0.00105
1.379	-5E-05	-0.00105
1.38	0	-0.00105
1.381	-5E-05	-0.0009
1.382	-5E-05	-0.00015
1.383	0	-0.0012
1.384	-5E-05	-0.00195
1.385	0	-0.0015
1.386	-5E-05	-0.0006
1.387	-5E-05	-0.00075
1.388	0	-0.0009
1.389	0	-0.00135
1.39	-5E-05	-0.0012
1.391	-5E-05	-0.0003
1.392	0	-0.00135
1.393	0	-0.0009
1.394	0	-0.0009
1.395	-5E-05	-0.00105
1.396	0	-0.0012
1.397	0	-0.00105
1.398	0	-0.00135
1.399	0	-0.0012
1.4	-5E-05	-0.00075
1.401	0	-0.00135
1.402	-5E-05	-0.0009
1.403	0	-0.0012
1.404	0	-0.0012
1.405	-5E-05	-0.0006
1.406	0	-0.0006
1.407	0	-0.00135
1.408	0	-0.0006
1.409	0	-0.00075
1.41	-5E-05	-0.00045
1.411	0	0
1.412	0	-0.0006
1.413	0	-0.0015
1.414	0	-0.0003
1.415	0	-0.00015
1.416	0	-0.0006
1.417	0	-0.0003
1.418	-5E-05	-0.00135
1.419	0	-0.00075
1.42	0	-0.0003
1.421	0	-0.00045
1.422	0	-0.00045
1.423	0	-0.0003
1.424	0	-0.0009
1.425	0	0.0003
1.426	0	-0.0006
1.427	0	0
1.428	-5E-05	-0.00015
1.429	0	-0.00075
1.43	-5E-05	-0.00045
1.431	-5E-05	-0.00015
1.432	0	-0.00015
1.433	-5E-05	-0.00045
1.434	0	-0.0009
1.435	0	-0.00135
1.436	0	-0.0003
1.437	0	0
1.438	0	-0.0003
1.439	0	-0.00015
1.44	0	0.00015
1.441	-5E-05	-0.00045
1.442	-5E-05	0
1.443	-5E-05	0.00045
1.444	0	-0.00045
1.445	0	0.0003
1.446	0	0.0003
1.447	-5E-05	-0.00045
1.448	0	-0.0006
1.449	0	0
1.45	0	-0.0003
1.451	-5E-05	-0.00015
1.452	0	-0.0003
1.453	0	-0.0003
1.454	-5E-05	0
1.455	0	-0.00075
1.456	0	-0.00015
1.457	0	-0.00045
1.458	0	-0.0003
1.459	0	-0.00045
1.46	0	-0.00015
1.461	-5E-05	0
1.462	0	0
1.463	-5E-05	0
1.464	-5E-05	-0.00075
1.465	0	-0.00045
1.466	0	0.00015
1.467	-5E-05	-0.0012
1.468	0	-0.00045
1.469	-5E-05	-0.00075
1.47	0	-0.00105
1.471	0	0
1.472	0	-0.0009
1.473	0	-0.00045
1.474	-5E-05	0
1.475	0	-0.00015
1.476	0	-0.00105
1.477	-5E-05	0
1.478	-5E-05	-0.0006
1.479	0	-0.0003
1.48	-5E-05	-0.00015
1.481	0	-0.00075
1.482	0	-0.00075
1.483	0	-0.00015
1.484	0	-0.00075
1.485	0	-0.00075
1.486	0	-0.0009
1.487	-5E-05	-0.00015
1.488	0	-0.00015
1.489	0	-0.00075
1.49	-5E-05	-0.00075
1.491	0	-0.0003
1.492	-5E-05	0.0003
1.493	0	-0.0003
1.494	0	-0.00015
1.495	0	-0.0003
1.496	0	-0.00075
1.497	-5E-05	-0.0012
1.498	0	-0.0006
1.499	0	-0.0009
1.5	0	-0.00045
1.501	0	-0.0003
1.502	-5E-05	-0.00045
1.503	-5E-05	-0.0006
1.504	0	-0.00075
1.505	0	-0.0012
1.506	-5E-05	-0.0006
1.507	0	-0.0006
1.508	0	0
1.509	-5E-05	-0.00015
1.51	0	-0.00045
1.511	0	0.00015
1.512	0	0.0003
1.513	-5E-05	-0.0003
1.514	0	-0.0006
1.515	0	-0.0009
1.516	0	-0.00075
1.517	0	-0.0006
1.518	-5E-05	-0.0012
1.519	0	-0.00045
1.52	-5E-05	0.00015
1.521	0	-0.00075
1.522	0	0.00015
1.523	-5E-05	-0.0006
1.524	0	-0.00075
1.525	-5E-05	-0.0003
1.526	0	0
1.527	0	-0.00075
1.528	0	-0.00045
1.529	0	0.00045
1.53	0	-0.0003
1.531	0	-0.0003
1.532	0	-0.0012
1.533	-5E-05	-0.0009
1.534	-5E-05	-0.0006
1.535	0	-0.0006
1.536	-5E-05	-0.0006
1.537	0	-0.00045
1.538	-5E-05	-0.00045
1.539	0	-0.0009
1.54	0	-0.00045
1.541	0	-0.00045
1.542	0	0.00015
1.543	-5E-05	-0.00015
1.544	0	-0.00015
1.545	-5E-05	-0.0003
1.546	0	0
1.547	-5E-05	-0.0006
1.548	0	0
1.549	-5E-05	-0.0006
1.55	0	-0.0003
1.551	-5E-05	-0.00015
1.552	-5E-05	-0.0003
1.553	5E-05	-0.00045
1.554	0	-0.0006
1.555	0	-0.00015
1.556	0	-0.0006
1.557	0	0
1.558	-5E-05	-0.00015
1.559	-5E-05	-0.00045
1.56	0	-0.0006
1.561	0	0
1.562	0	-0.00045
1.563	0	-0.00015
1.564	0	-0.0003
1.565	0	-0.0006
1.566	-5E-05	-0.00045
1.567	0	-0.00105
1.568	-5E-05	-0.0006
1.569	-5E-05	-0.00045
1.57	0	-0.0009
1.571	0	0
1.572	0	0.00015
1.573	-5E-05	-0.00015
1.574	0	0
1.575	-5E-05	-0.00075
1.576	0	-0.0006
1.577	-5E-05	-0.0003
1.578	0	-0.00015
1.579	-5E-05	-0.0003
1.58	0	-0.0006
1.581	0	-0.00105
1.582	-5E-05	-0.00075
1.583	0	-0.00045
1.584	-5E-05	-0.0003
1.585	0	-0.0009
1.586	-5E-05	-0.0012
1.587	0	-0.00045
1.588	-5E-05	-0.00075
1.589	0	-0.0003
1.59	0	-0.0003
1.591	0	-0.00045
1.592	0	0.0006
1.593	0	0.00015
1.594	0	-0.0006
1.595	0	-0.00045
1.596	0	-0.00015
1.597	0	-0.00075
1.598	-5E-05	-0.00045
1.599	0	-0.0006
1.6	0	-0.00075
1.601	0	-0.0006
1.602	-5E-05	-0.0015
1.603	0	-0.00105
1.604	-5E-05	-0.00045
1.605	-5E-05	-0.00045
1.606	0	-0.00045
1.607	-5E-05	-0.00045
1.608	0	-0.0006
1.609	-5E-05	-0.0003
1.61	0	-0.0006
1.611	0	-0.0003
1.612	0	-0.00045
1.613	-5E-05	0
1.614	0	-0.0006
1.615	0	-0.00075
1.616	-5E-05	-0.0006
1.617	0	-0.00075
1.618	0	-0.0006
1.619	-5E-05	-0.00075
1.62	0	-0.00105
1.621	0	-0.00075
1.622	0	-0.00045
1.623	0	-0.00105
1.624	0	-0.00045
1.625	0	-0.00015
1.626	0	-0.00045
1.627	0	0.00045
1.628	-5E-05	-0.00045
1.629	0	-0.00075
1.63	-5E-05	-0.00075
1.631	-5E-05	-0.00045
1.632	0	-0.00045
1.633	0	-0.0006
1.634	0	-0.0006
1.635	0	-0.0003
1.636	0	-0.0006
1.637	0	-0.00105
1.638	0	0
1.639	0	-0.0003
1.64	0	-0.00045
1.641	-5E-05	-0.00015
1.642	0	0
1.643	0	-0.00015
1.644	0	-0.0006
1.645	0	-0.00105
1.646	-5E-05	-0.0003
1.647	0	-0.00045
1.648	0	-0.0006
1.649	0	-0.00045
1.65	0	-0.00015
1.651	-5E-05	-0.00105
1.652	0	-0.00075
1.653	-5E-05	-0.00015
1.654	0	-0.0009
1.655	0	0.00015
1.656	0	0.00015
1.657	0	-0.00045
1.658	0	-0.0006
1.659	0	-0.0006
1.66	-5E-05	-0.0003
1.661	0	-0.00015
1.662	0	-0.00015
1.663	0	-0.0006
1.664	-5E-05	-0.00015
1.665	0	-0.0009
1.666	0	-0.00075
1.667	0	-0.0003
1.668	0	-0.00105
1.669	0	-0.00075
1.67	0	-0.0003
1.671	0	-0.0006
1.672	0	-0.00135
1.673	0	-0.00015
1.674	0	-0.0006
1.675	0	-0.00075
1.676	0	0.00015
1.677	0	-0.00015
1.678	0	-0.0003
1.679	0	0
1.68	0	-0.00135
1.681	0	-0.0006
1.682	0	-0.0003
1.683	-5E-05	-0.0012
1.684	0	-0.00075
1.685	0	-0.00045
1.686	0	-0.0012
1.687	-5E-05	-0.00015
1.688	0	-0.0003
1.689	-5E-05	-0.0009
1.69	-5E-05	-0.00015
1.691	-5E-05	-0.00045
1.692	-5E-05	-0.0003
1.693	0	0.00015
1.694	0	-0.00075
1.695	0	-0.00045
1.696	-5E-05	0
1.697	0	0.0003
1.698	-5E-05	0
1.699	0	-0.0006
1.7	-5E-05	-0.00075
1.701	-5E-05	-0.00105
1.702	0	-0.0003
1.703	0	-0.00075
1.704	0	-0.00015
1.705	-5E-05	-0.0003
1.706	0	0
1.707	0	-0.0009
1.708	0	0.00015
1.709	-5E-05	0
1.71	-0.0001	-0.00075
1.711	0	0.00015
1.712	0	-0.00075
1.713	0	0.00015
1.714	0	-0.0003
1.715	0	-0.0009
1.716	0	-0.0006
1.717	0	-0.00075
1.718	0	-0.0003
1.719	0	-0.0009
1.72	0	-0.0003
1.721	0	-0.0006
1.722	0	-0.00045
1.723	-5E-05	-0.00075
1.724	0	0.00015
1.725	0	-0.00015
1.726	-5E-05	-0.00075
1.727	0	-0.00045
1.728	0	-0.00075
1.729	-5E-05	-0.0003
1.73	0	-0.0003
1.731	0	-0.0006
1.732	0	-0.0003
1.733	-5E-05	-0.00045
1.734	0	-0.0006
1.735	0	-0.0003
1.736	-5E-05	-0.00015
1.737	0	-0.0012
1.738	-5E-05	-0.0006
1.739	0	0.0003
1.74	0	-0.00045
1.741	0	0.00015
1.742	-5E-05	-0.0003
1.743	0	-0.00015
1.744	5E-05	-0.0003
1.745	0	-0.00045
1.746	0	-0.00075
1.747	0	0
1.748	0	-0.0009
1.749	0	-0.00135
1.75	-5E-05	-0.0009
1.751	-5E-05	-0.00045
1.752	-5E-05	-0.0009
1.753	0	-0.0003
1.754	-5E-05	-0.0009
1.755	-5E-05	-0.00105
1.756	-5E-05	-0.0003
1.757	0	-0.00015
1.758	0	-0.0003
1.759	-5E-05	-0.0006
1.76	0	0.00015
1.761	-5E-05	-0.00015
1.762	0	-0.00015
1.763	0	-0.00075
1.764	0	-0.00075
1.765	-5E-05	-0.0006
1.766	0	-0.0009
1.767	0	-0.00075
1.768	0	-0.0006
1.769	0	-0.00105
1.77	-5E-05	-0.00135
1.771	0	-0.0006
1.772	-5E-05	-0.00105
1.773	0	-0.00075
1.774	-5E-05	-0.00015
1.775	0	-0.0006
1.776	0	0
1.777	0	-0.00075
1.778	0	-0.00015
1.779	-5E-05	-0.00045
1.78	0	-0.0015
1.781	0	-0.00105
1.782	0	-0.0003
1.783	-5E-05	-0.00075
1.784	-5E-05	-0.00135
1.785	0	-0.00105
1.786	0	-0.00105
1.787	0	-0.00075
1.788	-5E-05	-0.0009
1.789	0	-0.0006
1.79	0	-0.00075
1.791	0	-0.00075
1.792	0	-0.0006
1.793	-5E-05	-0.00015
1.794	0	-0.0012
1.795	0	-0.00075
1.796	0	-0.0009
1.797	-5E-05	-0.0009
1.798	0	-0.00135
1.799	-5E-05	-0.00105
1.8	0	-0.00075
1.801	0	-0.0012
1.802	-5E-05	-0.0006
1.803	0	-0.00075
1.804	0	-0.00045
1.805	0	-0.00045
1.806	-5E-05	-0.0012
1.807	-5E-05	-0.00075
1.808	0	-0.0009
1.809	0	-0.0009
1.81	0	-0.00135
1.811	-5E-05	-0.00045
1.812	5E-05	-0.00015
1.813	0	-0.0003
1.814	0	-0.00075
1.815	-5E-05	-0.0015
1.816	-5E-05	-0.00135
1.817	0	-0.00075
1.818	0	-0.0009
1.819	0	-0.00135
1.82	-5E-05	-0.00165
1.821	0	-0.00135
1.822	0	-0.0003
1.823	0	0.00015
1.824	0	-0.0006
1.825	-5E-05	-0.0009
1.826	0	-0.00075
1.827	0	-0.0009
1.828	0	-0.00015
1.829	0	-0.00075
1.83	0	-0.00105
1.831	-5E-05	-0.00075
1.832	0	-0.0003
1.833	0	-0.00015
1.834	0	-0.0003
1.835	0	-0.0012
1.836	0	-0.00135
1.837	0	-0.0006
1.838	-5E-05	-0.0006
1.839	0	0
1.84	0	0.0003
1.841	0	-0.0003
1.842	0	0
1.843	0	0.00045
1.844	0	-0.00015
1.845	0	0
1.846	0	0
1.847	0	-0.00075
1.848	0	0.00015
1.849	0	-0.0003
1.85	0	-0.00045
1.851	0	0.00015
1.852	-5E-05	-0.0006
1.853	-5E-05	-0.0003
1.854	0	0.00045
1.855	0	-0.00045
1.856	0	-0.00015
1.857	-5E-05	-0.00015
1.858	0	-0.00015
1.859	0	0.00015
1.86	0	0.00015
1.861	-5E-05	-0.00045
1.862	0	0.0003
1.863	0	0
1.864	-5E-05	-0.00075
1.865	0	-0.00045
1.866	0	0.00015
1.867	0	-0.00045
1.868	0	-0.00075
1.869	0	0
1.87	0	-0.00045
1.871	-5E-05	-0.00015
1.872	0	-0.00015
1.873	0	-0.00045
1.874	0	0.00015
1.875	-5E-05	-0.00015
1.876	0	-0.00045
1.877	0	0.00015
1.878	0	-0.0003
1.879	0	-0.0006
1.88	0	0.00015
1.881	0	-0.00045
1.882	0	-0.00075
1.883	0	0
1.884	-5E-05	-0.00075
1.885	0	-0.0006
1.886	0	-0.0003
1.887	-5E-05	-0.00045
1.888	0	-0.00045
1.889	-5E-05	0
1.89	0	-0.00045
1.891	0	-0.00045
1.892	0	-0.00015
1.893	0	-0.0006
1.894	-5E-05	0.00015
1.895	0	-0.00045
1.896	0	-0.0006
1.897	0	0.00015
1.898	0	-0.0003
1.899	0	-0.00135
1.9	0	-0.0006
1.901	0	-0.00075
1.902	0	-0.0006
1.903	0	-0.00075
1.904	0	-0.00075
1.905	0	-0.00075
1.906	0	-0.00075
1.907	-5E-05	-0.00075
1.908	0	0
1.909	0	-0.00015
1.91	-5E-05	-0.00045
1.911	0	-0.0003
1.912	0	-0.00045
1.913	0	0.00015
1.914	0	-0.0006
1.915	-5E-05	-0.0009
1.916	0	-0.00045
1.917	-5E-05	-0.00045
1.918	0	-0.00015
1.919	-5E-05	-0.0006
1.92	-5E-05	-0.0006
1.921	0	-0.00075
1.922	-5E-05	0
1.923	5E-05	-0.0003
1.924	0	-0.0003
1.925	0	-0.00015
1.926	-5E-05	0
1.927	0	0
1.928	0	-0.0003
1.929	0	0.0003
1.93	-5E-05	-0.00045
1.931	0	-0.00045
1.932	0	-0.00045
1.933	0	-0.00075
1.934	0	-0.0012
1.935	0	-0.00045
1.936	-5E-05	-0.00015
1.937	0	0
1.938	0	0.0003
1.939	-5E-05	-0.00045
1.94	-0.0001	-0.00015
1.941	0	-0.0006
1.942	0	0.0003
1.943	0	0.00045
1.944	-5E-05	-0.0003
1.945	0	-0.00015
1.946	0	0.00045
1.947	0	0.0003
1.948	0	-0.0003
1.949	-5E-05	-0.0003
1.95	0	-0.0006
1.951	0	-0.00015
1.952	-5E-05	-0.0003
1.953	-5E-05	0
1.954	-5E-05	-0.00015
1.955	0	0.00015
1.956	-5E-05	0
1.957	0	0
1.958	0	0
1.959	0	-0.00015
1.96	0	0.00045
1.961	0	-0.00015
1.962	0	-0.00045
1.963	-5E-05	0.00015
1.964	0	0.0003
1.965	0	-0.00015
1.966	-5E-05	-0.00015
1.967	0	-0.00045
1.968	-5E-05	-0.00015
1.969	0	-0.00015
1.97	0	-0.00015
1.971	0	-0.0003
1.972	0	0.00015
1.973	0	-0.0003
1.974	0	0.00015
1.975	0	0.00015
1.976	-5E-05	0.00015
1.977	0	0.00015
1.978	0	0
1.979	0	0.00015
1.98	0	0.00045
1.981	0	0.00015
1.982	-5E-05	-0.0009
1.983	0	-0.00045
1.984	0	-0.00015
1.985	0	-0.00045
1.986	-0.0001	-0.0006
1.987	0	-0.0003
1.988	0	-0.0003
1.989	0	0.0006
1.99	0	0.00015
1.991	-5E-05	-0.00015
1.992	-5E-05	0
1.993	0	-0.00015
1.994	0	-0.00015
1.995	0	-0.0009
1.996	0	-0.00015
1.997	0	0.0003
1.998	0	0
1.999	-5E-05	-0.0009
2	-5E-05	-0.00075
2.001	0	-0.0003
2.002	-5E-05	-0.0003
2.003	0	-0.0006
2.004	-5E-05	-0.0015
2.005	0	-0.0009
2.006	0	0
2.007	0	-0.00015
2.008	0	-0.00045
2.009	-5E-05	-0.0003
2.01	0	-0.00015
2.011	0	-0.00015
2.012	0	-0.00075
2.013	-5E-05	-0.00075
2.014	0	-0.0009
2.015	0	-0.0003
2.016	-5E-05	-0.0009
2.017	0	-0.0009
2.018	0	-0.0009
2.019	-5E-05	-0.0012
2.02	-5E-05	-0.0003
2.021	0	-0.0015
2.022	-5E-05	-0.00105
2.023	0	-0.0006
2.024	0	-0.0003
2.025	0	-0.00075
2.026	0	-0.0003
2.027	0	-0.0006
2.028	-5E-05	-0.00075
2.029	0	-0.0006
2.03	0	-0.0015
2.031	0	-0.00165
2.032	-5E-05	-0.00075
2.033	0	-0.00105
2.034	0	-0.00105
2.035	0	-0.00045
2.036	-5E-05	-0.0012
2.037	-5E-05	-0.0009
2.038	0	-0.0009
2.039	0	-0.00075
2.04	0	-0.00135
2.041	-5E-05	-0.0006
2.042	0	-0.00075
2.043	0	-0.0006
2.044	0	-0.00045
2.045	-5E-05	-0.0006
2.046	0	-0.0006
2.047	-5E-05	-0.0006
2.048	0	-0.00075
2.049	5E-05	-0.00105
2.05	-5E-05	-0.0012
2.051	0	-0.0015
2.052	0	-0.0006
2.053	0	-0.00075
2.054	0	-0.00135
2.055	-5E-05	-0.0009
2.056	0	-0.0006
2.057	0	-0.00075
2.058	0	-0.00045
2.059	-5E-05	-0.0009
2.06	-5E-05	-0.0012
2.061	0	-0.00045
2.062	0	-0.00045
2.063	0	-0.0003
2.064	-5E-05	-0.00075
2.065	0	-0.0009
2.066	-5E-05	-0.0012
2.067	0	-0.0009
2.068	-5E-05	-0.0015
2.069	-5E-05	-0.0009
2.07	0	-0.0006
2.071	0	-0.00045
2.072	0	-0.00075
2.073	0	-0.0003
2.074	0	-0.00075
2.075	-5E-05	-0.0003
2.076	0	0
2.077	0	-0.0009
2.078	-5E-05	-0.0003
2.079	0	-0.0003
2.08	0	-0.0006
2.081	0	-0.00045
2.082	0	-0.0006
2.083	-5E-05	-0.0009
2.084	0	-0.0006
2.085	0	-0.00075
2.086	0	-0.00075
2.087	0	-0.00015
2.088	0	-0.0006
2.089	5E-05	-0.00075
2.09	0	-0.0003
2.091	-5E-05	-0.00045
2.092	-5E-05	-0.00045
2.093	0	0
2.094	0	-0.0009
2.095	0	-0.00045
2.096	0	-0.0003
2.097	-5E-05	-0.0009
2.098	0	-0.0006
2.099	0	-0.00045
2.1	0	-0.0006
2.101	-5E-05	-0.00075
2.102	-5E-05	-0.00045
2.103	0	-0.0012
2.104	0	-0.00075
2.105	0	-0.00045
2.106	0	-0.0006
2.107	0	-0.0003
2.108	0	-0.0006
2.109	0	-0.00045
2.11	0	-0.0006
2.111	-5E-05	-0.00045
2.112	0	-0.0006
2.113	-5E-05	-0.0003
2.114	-5E-05	-0.0006
2.115	0	-0.0006
2.116	0	-0.00075
2.117	0	-0.00075
2.118	0	-0.00075
2.119	0	-0.0012
2.12	-5E-05	-0.0009
2.121	0	-0.00105
2.122	-5E-05	-0.00045
2.123	0	-0.00075
2.124	-5E-05	-0.00015
2.125	0	-0.00015
2.126	0	-0.0003
2.127	-5E-05	-0.0003
2.128	0	-0.00045
2.129	0	-0.00045
2.13	0	-0.00045
2.131	0	-0.0009
2.132	0	-0.0009
2.133	0	-0.0006
2.134	0	-0.0009
2.135	5E-05	-0.0009
2.136	-5E-05	-0.0003
2.137	-5E-05	-0.00075
2.138	-5E-05	-0.00075
2.139	-5E-05	-0.00045
2.14	-5E-05	-0.0006
2.141	0	-0.00045
2.142	0	-0.00015
2.143	-5E-05	-0.00045
2.144	0	-0.00015
2.145	-5E-05	-0.0006
2.146	0	-0.0006
2.147	-5E-05	-0.00045
2.148	0	-0.00045
2.149	0	-0.00075
2.15	0	-0.00045
2.151	-5E-05	-0.00075
2.152	-5E-05	-0.00075
2.153	0	-0.00015
2.154	0	-0.0006
2.155	0	-0.00045
2.156	-5E-05	-0.00015
2.157	0	-0.0009
2.158	-5E-05	-0.0006
2.159	0	-0.0003
2.16	0	-0.0006
2.161	-5E-05	-0.0006
2.162	0	-0.00045
2.163	0	-0.00045
2.164	0	-0.0006
2.165	0	-0.0003
2.166	-5E-05	-0.00045
2.167	0	-0.00045
2.168	-5E-05	-0.00075
2.169	0	-0.00105
2.17	-5E-05	-0.0006
2.171	0	-0.00015
2.172	0	-0.00015
2.173	0	0
2.174	0	-0.0006
2.175	0	-0.0003
2.176	0	0.0003
2.177	0	0.00015
2.178	0	-0.0003
2.179	0	-0.00045
2.18	0	-0.0003
2.181	5E-05	0
2.182	0	-0.00015
2.183	0	-0.00045
2.184	-5E-05	-0.00045
2.185	0	-0.00015
2.186	-5E-05	-0.0003
2.187	0	-0.00015
2.188	-5E-05	-0.00015
2.189	0	-0.00015
2.19	0	-0.0003
2.191	0	-0.00015
2.192	0	0.00015
2.193	-5E-05	0.0003
2.194	0	0.00015
2.195	0	-0.00015
2.196	0	0
2.197	0	-0.00015
2.198	-5E-05	-0.00015
2.199	0	-0.00015
2.2	0	-0.00045
2.201	0	-0.0003
2.202	-5E-05	0.00045
2.203	0	-0.00015
2.204	0	-0.00015
2.205	0	0
2.206	0	0.00015
2.207	-5E-05	0
2.208	-5E-05	-0.00045
2.209	0	0
2.21	0	0.0003
2.211	0	0.00015
2.212	0	0.0003
2.213	0	0.00015
2.214	-5E-05	-0.00015
2.215	0	-0.00075
2.216	-5E-05	0
2.217	0	-0.00015
2.218	5E-05	-0.00075
2.219	-5E-05	-0.0006
2.22	0	-0.0003
2.221	-5E-05	-0.00015
2.222	0	-0.00015
2.223	0	-0.00045
2.224	-5E-05	-0.0006
2.225	0	-0.00015
2.226	0	-0.00045
2.227	0	0.00045
2.228	0	0.00015
2.229	-5E-05	-0.00075
2.23	-5E-05	-0.0009
2.231	0	-0.00045
2.232	0	-0.0006
2.233	0	-0.0003
2.234	0	-0.0006
2.235	0	-0.00105
2.236	0	-0.0009
2.237	-5E-05	-0.00075
2.238	0	0.0003
2.239	-5E-05	-0.00045
2.24	-5E-05	-0.00075
2.241	0	-0.0009
2.242	-5E-05	-0.00045
2.243	0	-0.00015
2.244	-5E-05	-0.0006
2.245	0	-0.0006
2.246	0	-0.00045
2.247	0	-0.00045
2.248	-5E-05	-0.00015
2.249	0	-0.00075
2.25	0	-0.0012
2.251	0	-0.0006
2.252	0	-0.00075
2.253	-5E-05	-0.0012
2.254	-5E-05	-0.00075
2.255	0	-0.0009
2.256	0	-0.0003
2.257	0	0
2.258	0	-0.00045
2.259	0	-0.00075
2.26	0	-0.00015
2.261	0	-0.0006
2.262	0	-0.00015
2.263	0	-0.00045
2.264	0	-0.00075
2.265	-5E-05	-0.0006
2.266	0	-0.0006
2.267	0	-0.00075
2.268	-5E-05	-0.00015
2.269	0	-0.0003
2.27	0	-0.0015
2.271	0	-0.00075
2.272	0	-0.00045
2.273	0	-0.0006
2.274	-5E-05	0.00015
2.275	0	-0.0003
2.276	0	-0.0003
2.277	0	0
2.278	0	-0.0003
2.279	0	-0.00045
2.28	0	-0.00015
2.281	0	-0.0009
2.282	0	-0.0003
2.283	0	-0.0003
2.284	0	-0.00045
2.285	-5E-05	-0.00045
2.286	0	-0.0003
2.287	0	-0.0006
2.288	-5E-05	-0.00045
2.289	-5E-05	-0.00075
2.29	0	-0.00015
2.291	-5E-05	-0.0006
2.292	0	0
2.293	0	0
2.294	0	0
2.295	0	-0.0006
2.296	-5E-05	-0.0003
2.297	-5E-05	-0.00015
2.298	-5E-05	-0.00045
2.299	0	-0.0009
2.3	0	-0.0006
2.301	-5E-05	-0.00105
2.302	0	-0.00075
2.303	-5E-05	0
2.304	0	-0.00075
2.305	-5E-05	-0.00045
2.306	0	-0.0003
2.307	-5E-05	-0.00075
2.308	-5E-05	-0.00045
2.309	0	-0.00045
2.31	0	-0.00045
2.311	0	0.00015
2.312	0	-0.00075
2.313	0	-0.0012
2.314	-5E-05	-0.0003
2.315	0	-0.0006
2.316	0	-0.00075
2.317	0	-0.0006
2.318	0	-0.00105
2.319	0	-0.00105
2.32	-5E-05	-0.00075
2.321	0	-0.0012
2.322	-5E-05	-0.00075
2.323	-5E-05	-0.0006
2.324	-5E-05	-0.00135
2.325	-5E-05	-0.00045
2.326	0	-0.0003
2.327	-5E-05	-0.0009
2.328	0	-0.00015
2.329	0	-0.0006
2.33	0	-0.00075
2.331	-5E-05	-0.0006
2.332	0	-0.00015
2.333	-5E-05	-0.00135
2.334	-5E-05	-0.00105
2.335	0	-0.0009
2.336	0	-0.0009
2.337	0	-0.00105
2.338	0	-0.00105
2.339	0	-0.00075
2.34	-5E-05	-0.00075
2.341	0	-0.00045
2.342	0	-0.0009
2.343	0	-0.0006
2.344	0	-0.00045
2.345	0	-0.0009
2.346	0	-0.0003
2.347	-5E-05	-0.00075
2.348	0	-0.0009
2.349	0	-0.00075
2.35	0	-0.00105
2.351	0	-0.0012
2.352	-5E-05	-0.00075
2.353	0	-0.00075
2.354	-5E-05	-0.00165
2.355	0	-0.0012
2.356	-5E-05	-0.0012
2.357	0	0.00015
2.358	0	-0.0006
2.359	0	-0.00075
2.36	0	-0.0009
2.361	-5E-05	-0.0009
2.362	0	-0.0009
2.363	0	-0.00075
2.364	0	-0.00135
2.365	0	-0.0012
2.366	-5E-05	-0.0012
2.367	0	-0.0015
2.368	0	-0.0009
2.369	0	-0.00105
2.37	-5E-05	-0.00105
2.371	0	-0.0015
2.372	-5E-05	-0.00075
2.373	0	-0.0009
2.374	-5E-05	-0.00015
2.375	-5E-05	-0.00105
2.376	0	-0.00105
2.377	0	-0.00075
2.378	0	-0.00105
2.379	-5E-05	-0.00075
2.38	0	-0.0009
2.381	-5E-05	-0.00075
2.382	0	-0.00075
2.383	0	-0.00075
2.384	0	-0.00105
2.385	-5E-05	-0.00105
2.386	0	-0.00075
2.387	0	-0.0012
2.388	0	-0.0012
2.389	0	-0.00045
2.39	-5E-05	-0.00075
2.391	0	-0.0003
2.392	0	-0.00075
2.393	0	-0.00075
2.394	0	-0.0003
2.395	0	0.0003
2.396	0	-0.0009
2.397	0	-0.00105
2.398	-5E-05	-0.00075
2.399	0	-0.0003
2.4	0	0
2.401	0	-0.00165
2.402	0	-0.00075
2.403	-5E-05	-0.00075
2.404	0	-0.0006
2.405	0	-0.0009
2.406	0	-0.00045
2.407	0	0
2.408	-5E-05	-0.00045
2.409	0	-0.00045
2.41	0	-0.00075
2.411	0	0.0003
2.412	-5E-05	0.00015
2.413	-5E-05	-0.00015
2.414	0	-0.00075
2.415	-5E-05	-0.00015
2.416	-5E-05	-0.00015
2.417	0	-0.00015
2.418	0	-0.00075
2.419	0	-0.0012
2.42	0	-0.0003
2.421	-5E-05	-0.0006
2.422	-5E-05	-0.00015
2.423	0	-0.00045
2.424	0	0
2.425	0	0
2.426	-5E-05	0.0006
2.427	-5E-05	-0.0003
2.428	-5E-05	0.0003
2.429	0	0.00045
2.43	-5E-05	-0.00015
2.431	-5E-05	-0.0003
2.432	0	-0.00045
2.433	0	-0.00045
2.434	0	-0.0003
2.435	0	0.00015
2.436	-5E-05	-0.00075
2.437	0	0.00045
2.438	0	-0.0003
2.439	-5E-05	-0.0006
2.44	0	0.00015
2.441	0	0.00015
2.442	0	-0.00015
2.443	-5E-05	0
2.444	0	0.00015
2.445	0	0
2.446	0	0.00045
2.447	0	-0.00045
2.448	0	-0.0006
2.449	-5E-05	0
2.45	-5E-05	-0.00015
2.451	0	-0.0006
2.452	-5E-05	-0.00045
2.453	0	-0.00045
2.454	-5E-05	0.0009
2.455	0	0
2.456	0	0
2.457	0	-0.0003
2.458	0	0.0003
2.459	-5E-05	-0.00015
2.46	0	-0.0003
2.461	0	-0.0003
2.462	-5E-05	-0.0003
2.463	0	-0.0003
2.464	0	-0.0003
2.465	0	-0.0003
2.466	0	-0.00075
2.467	-5E-05	-0.00015
2.468	0	-0.00075
2.469	0	-0.0009
2.47	0	-0.0006
2.471	-5E-05	-0.00105
2.472	-5E-05	-0.0003
2.473	0	-0.0003
2.474	0	-0.00075
2.475	0	-0.00045
2.476	0	0.0003
2.477	0	-0.00045
2.478	0	-0.00015
2.479	0	-0.00015
2.48	-5E-05	-0.00075
2.481	0	-0.00105
2.482	0	-0.0006
2.483	0	-0.00075
2.484	0	-0.00075
2.485	-5E-05	-0.0012
2.486	0	-0.0006
2.487	-5E-05	-0.00075
2.488	0	-0.0006
2.489	0	0
2.49	-5E-05	-0.00075
2.491	0	-0.00045
2.492	0	-0.0003
2.493	0	-0.00015
2.494	0	-0.0003
2.495	-5E-05	-0.00045
2.496	0	-0.00015
2.497	-5E-05	-0.0006
2.498	0	-0.00015
2.499	0	-0.0006
2.5	0	-0.0003
2.501	0	-0.00075
2.502	0	-0.0012
2.503	0	-0.00075
2.504	0	-0.0003
2.505	0	-0.00015
2.506	0	-0.0012
2.507	-5E-05	-0.0003
2.508	0	0
2.509	0	-0.00045
2.51	-5E-05	-0.00015
2.511	-5E-05	-0.0003
2.512	0	-0.0006
2.513	-5E-05	0
2.514	-5E-05	0
2.515	0	-0.00015
2.516	-5E-05	0
2.517	0	-0.00075
2.518	0	-0.00075
2.519	0	-0.00015
2.52	0	-0.00075
2.521	-5E-05	0
2.522	0	-0.00075
2.523	-5E-05	-0.00045
2.524	0	0.00045
2.525	0	0.00015
2.526	0	-0.00015
2.527	0	0.00015
2.528	0	-0.0003
2.529	0	-0.00105
2.53	0	-0.00015
2.531	0	-0.0006
2.532	-5E-05	-0.0006
2.533	0	-0.0003
2.534	-5E-05	-0.00045
2.535	-5E-05	-0.00045
2.536	0	-0.0003
2.537	0	-0.00045
2.538	0	-0.0006
2.539	-5E-05	-0.00045
2.54	0	-0.00045
2.541	0	-0.0006
2.542	0	0.0003
2.543	0	-0.00015
2.544	-5E-05	-0.00015
2.545	0	0.00015
2.546	0	-0.0003
2.547	0	-0.0003
2.548	-5E-05	-0.0006
2.549	0	-0.00075
2.55	0	-0.00075
2.551	0	-0.0003
2.552	0	-0.00045
2.553	0	-0.0003
2.554	0	-0.0006
2.555	0	-0.0003
2.556	-5E-05	0.00015
2.557	-5E-05	-0.0006
2.558	-5E-05	-0.0003
2.559	0	0.00045
2.56	0	-0.00015
2.561	0	-0.00075
2.562	-5E-05	0.00015
2.563	-5E-05	0
2.564	0	-0.0003
2.565	0	-0.0006
2.566	-5E-05	-0.0006
2.567	-5E-05	-0.0006
2.568	-5E-05	-0.0006
2.569	0	-0.00045
2.57	0	-0.0006
2.571	0	-0.00105
2.572	0	-0.0009
2.573	0	0.00045
2.574	-5E-05	-0.00045
2.575	0	-0.00045
2.576	-5E-05	-0.00045
2.577	0	0
2.578	0	-0.0003
2.579	0	-0.00045
2.58	-5E-05	-0.0003
2.581	-5E-05	-0.00015
2.582	0	-0.0003
2.583	0	-0.00075
2.584	0	0.00015
2.585	0	-0.00105
2.586	0	-0.0009
2.587	0	0.0003
2.588	0	-0.0003
2.589	0	-0.00045
2.59	-5E-05	0
2.591	0	-0.0003
2.592	0	-0.00045
2.593	-5E-05	0.00015
2.594	0	0.0006
2.595	0	0.00015
2.596	0	0.0003
2.597	-5E-05	-0.0003
2.598	0	-0.00045
2.599	0	0
2.6	0	-0.0003
2.601	0	-0.0006
2.602	0	0
2.603	0	-0.00045
2.604	0	0.0003
2.605	0	0.00105
2.606	0	-0.0003
2.607	0	-0.0006
2.608	-5E-05	-0.00015
2.609	0	-0.00015
2.61	0	0.0003
2.611	0	-0.00015
2.612	0	0.00015
2.613	-5E-05	0.0012
2.614	-5E-05	0.00015
2.615	0	-0.0003
2.616	-5E-05	-0.00015
2.617	-5E-05	-0.00045
2.618	0	-0.00075
2.619	-5E-05	-0.00015
2.62	0	-0.0006
2.621	0	0.00015
2.622	0	0.00075
2.623	0	0.00045
2.624	0	-0.00015
2.625	0	0.00015
2.626	-5E-05	-0.0006
2.627	0	-0.0003
2.628	0	-0.00015
2.629	0	0.00045
2.63	0	0.0006
2.631	-5E-05	0.00045
2.632	0	-0.00075
2.633	0	-0.0006
2.634	0	-0.0003
2.635	-5E-05	-0.00075
2.636	0	-0.0006
2.637	0	-0.00135
2.638	-5E-05	-0.0003
2.639	0	0.00045
2.64	-5E-05	0.0006
2.641	0	-0.0006
2.642	-5E-05	-0.0003
2.643	0	-0.00075
2.644	-5E-05	-0.00015
2.645	-5E-05	0
2.646	-5E-05	-0.00075
2.647	0	-0.00075
2.648	0	-0.0015
2.649	-5E-05	-0.00105
2.65	0	-0.00045
2.651	-5E-05	-0.0006
2.652	0	-0.0009
2.653	0	-0.00165
2.654	-5E-05	-0.0009
2.655	0	-0.0009
2.656	-5E-05	0.0003
2.657	0	-0.00075
2.658	0	-0.0006
2.659	-5E-05	-0.0006
2.66	0	-0.0006
2.661	0	-0.0003
2.662	-5E-05	-0.0006
2.663	-5E-05	-0.00075
2.664	0	-0.00075
2.665	-5E-05	-0.00075
2.666	0	-0.0012
2.667	0	-0.00075
2.668	-5E-05	-0.0012
2.669	0	-0.0009
2.67	-5E-05	-0.0012
2.671	-5E-05	-0.00135
2.672	-5E-05	-0.0012
2.673	0	0
2.674	0	-0.00075
2.675	-5E-05	-0.00075
2.676	5E-05	-0.00075
2.677	-5E-05	-0.00045
2.678	-5E-05	-0.0009
2.679	0	-0.0006
2.68	0	-0.0006
2.681	-5E-05	-0.00135
2.682	-5E-05	-0.00075
2.683	0	-0.0012
2.684	0	-0.0009
2.685	0	0
2.686	-5E-05	-0.00075
2.687	0	-0.0009
2.688	-5E-05	-0.00105
2.689	0	-0.00075
2.69	0	-0.00105
2.691	-5E-05	-0.0003
2.692	0	-0.00075
2.693	0	0
2.694	0	-0.00015
2.695	-5E-05	-0.0003
2.696	-5E-05	-0.00015
2.697	0	-0.00015
2.698	0	-0.00075
2.699	0	-0.0003
2.7	0	-0.00075
2.701	0	-0.00135
2.702	0	-0.0003
2.703	0	-0.00045
2.704	0	-0.00075
2.705	-5E-05	-0.0003
2.706	0	-0.00045
2.707	0	-0.0003
2.708	0	0.00015
2.709	-5E-05	0
2.71	0	-0.0003
2.711	0	-0.00015
2.712	0	-0.0009
2.713	0	-0.00015
2.714	-5E-05	-0.0003
2.715	0	-0.00075
2.716	0	-0.0009
2.717	0	-0.00045
2.718	-5E-05	-0.0009
2.719	-5E-05	-0.00105
2.72	0	-0.00015
2.721	-5E-05	-0.0009
2.722	0	-0.00075
2.723	0	-0.0006
2.724	-5E-05	-0.0003
2.725	0	-0.0006
2.726	0	-0.0003
2.727	0	-0.00105
2.728	-5E-05	-0.00045
2.729	0	-0.0006
2.73	0	-0.0009
2.731	0	-0.00015
2.732	0	-0.00045
2.733	0	-0.00105
2.734	-5E-05	-0.0003
2.735	0	-0.00075
2.736	0	-0.0012
2.737	-5E-05	-0.0003
2.738	-5E-05	-0.00075
2.739	0	-0.0009
2.74	-5E-05	-0.00045
2.741	0	-0.0009
2.742	0	-0.00045
2.743	0	0
2.744	-5E-05	-0.00105
2.745	0	-0.00045
2.746	0	-0.0003
2.747	0	-0.00075
2.748	0	-0.00075
2.749	0	-0.00045
2.75	0	-0.0009
2.751	-5E-05	-0.0009
2.752	0	-0.0009
2.753	0	-0.00075
2.754	-5E-05	-0.00075
2.755	0	-0.0003
2.756	-5E-05	-0.0003
2.757	0	-0.00045
2.758	0	-0.0006
2.759	0	-0.0003
2.76	0	-0.00075
2.761	0	-0.00045
2.762	0	-0.00075
2.763	0	-0.00045
2.764	-5E-05	-0.00045
2.765	-5E-05	-0.00015
2.766	-5E-05	-0.00045
2.767	-5E-05	-0.0009
2.768	0	-0.00075
2.769	0	-0.0006
2.77	0	-0.00075
2.771	0	-0.0006
2.772	0	-0.0006
2.773	0	-0.0006
2.774	0	0
2.775	0	-0.00015
2.776	0	-0.0003
2.777	-5E-05	-0.0003
2.778	0	-0.00045
2.779	0	-0.00045
2.78	-5E-05	-0.0003
2.781	0	-0.00075
2.782	-5E-05	-0.00075
2.783	0	-0.0006
2.784	0	-0.00075
2.785	0	-0.00075
2.786	0	-0.00045
2.787	-5E-05	-0.0006
2.788	0	-0.00075
2.789	-5E-05	-0.0003
2.79	-5E-05	-0.0006
2.791	0	-0.00015
2.792	-5E-05	-0.0003
2.793	0	-0.0006
2.794	0	-0.00045
2.795	0	-0.00105
2.796	0	-0.00045
2.797	0	-0.00045
2.798	0	-0.00045
2.799	0	-0.00075
2.8	-5E-05	-0.0003
2.801	0	-0.0009
2.802	0	-0.00045
2.803	0	-0.0006
2.804	0	-0.00075
2.805	-5E-05	-0.00075
2.806	0	-0.0006
2.807	0	-0.0003
2.808	0	-0.00015
2.809	0	0
2.81	-5E-05	-0.0009
2.811	0	0
2.812	0	0
2.813	0	-0.00015
2.814	0	-0.00015
2.815	-5E-05	-0.00045
2.816	0	-0.0006
2.817	0	-0.00015
2.818	0	0.00015
2.819	-5E-05	-0.0006
2.82	-5E-05	-0.00075
2.821	-5E-05	-0.0006
2.822	0	-0.00075
2.823	0	0
2.824	0	-0.00015
2.825	0	-0.0003
2.826	0	0.00045
2.827	0	0
2.828	0	0
2.829	0	0.00015
2.83	-0.0001	-0.0006
2.831	0	-0.0006
2.832	0	-0.0006
2.833	-5E-05	-0.00045
2.834	0	-0.0003
2.835	0	-0.00015
2.836	-5E-05	-0.00015
2.837	0	0
2.838	0	-0.0003
2.839	-5E-05	-0.00045
2.84	0	0.00015
2.841	0	-0.0003
2.842	0	0
2.843	0	0.00045
2.844	0	0.0003
2.845	0	0.0003
2.846	0	0.00015
2.847	0	-0.00015
2.848	0	0
2.849	-5E-05	-0.0003
2.85	0	-0.0006
2.851	0	-0.0006
2.852	-5E-05	-0.00045
2.853	0	-0.00045
2.854	0	0.00015
2.855	-5E-05	0
2.856	-5E-05	-0.0003
2.857	0	-0.00015
2.858	0	-0.00015
2.859	0	-0.0006
2.86	0	0
2.861	-5E-05	-0.00015
2.862	0	-0.00045
2.863	-5E-05	0
2.864	0	0.0003
2.865	-5E-05	-0.0006
2.866	-5E-05	-0.00045
2.867	0	-0.00075
2.868	-5E-05	-0.00075
2.869	0	-0.0003
2.87	0	-0.00075
2.871	0	-0.00045
2.872	0	-0.0003
2.873	0	-0.00015
2.874	0	-0.00045
2.875	-5E-05	0.0003
2.876	-5E-05	-0.00075
2.877	-5E-05	-0.00045
2.878	0	-0.0003
2.879	-5E-05	-0.00075
2.88	-5E-05	-0.00015
2.881	0	-0.0009
2.882	0	-0.00045
2.883	0	-0.0003
2.884	-5E-05	-0.00045
2.885	0	-0.0009
2.886	0	-0.00075
2.887	0	-0.00075
2.888	0	-0.00075
2.889	0	-0.00015
2.89	0	-0.0006
2.891	0	-0.00015
2.892	-5E-05	-0.00015
2.893	-5E-05	-0.00015
2.894	0	-0.0003
2.895	-5E-05	-0.0003
2.896	0	-0.00045
2.897	0	-0.0006
2.898	-5E-05	-0.00045
2.899	0	-0.0009
2.9	0	-0.0009
2.901	0	-0.00045
2.902	-5E-05	-0.0009
2.903	0	-0.00075
2.904	-5E-05	-0.0006
2.905	0	-0.0009
2.906	0	0.00015
2.907	0	0
2.908	0	-0.0003
2.909	0	-0.0003
2.91	0	-0.00015
2.911	-5E-05	-0.00045
2.912	-5E-05	-0.00045
2.913	0	-0.00045
2.914	0	-0.00075
2.915	0	-0.0003
2.916	-5E-05	-0.00045
2.917	-5E-05	-0.00075
2.918	0	0
2.919	0	-0.0006
2.92	0	-0.0009
2.921	0	-0.0006
2.922	0	-0.0009
2.923	0	-0.0006
2.924	0	-0.0003
2.925	0	-0.00045
2.926	0	-0.00045
2.927	0	0
2.928	0	-0.00045
2.929	0	-0.0003
2.93	-5E-05	-0.00015
2.931	0	-0.0006
2.932	0	-0.0003
2.933	-5E-05	-0.00075
2.934	0	-0.00045
2.935	-5E-05	-0.0009
2.936	0	-0.0006
2.937	0	-0.00075
2.938	0	-0.0003
2.939	0	-0.0006
2.94	-5E-05	-0.0006
2.941	0	-0.0006
2.942	0	-0.00045
2.943	0	-0.00015
2.944	-5E-05	-0.0006
2.945	0	-0.0003
2.946	0	-0.00075
2.947	0	-0.0003
2.948	-5E-05	-0.0009
2.949	-5E-05	-0.0006
2.95	0	-0.0009
2.951	-5E-05	-0.00045
2.952	0	-0.0009
2.953	-5E-05	-0.0003
2.954	-5E-05	-0.0006
2.955	0	-0.0006
2.956	0	-0.00045
2.957	-5E-05	-0.00075
2.958	-5E-05	-0.00015
2.959	0	-0.0006
2.96	0	-0.00045
2.961	-5E-05	-0.00045
2.962	0	-0.0003
2.963	-5E-05	-0.00075
2.964	0	-0.0006
2.965	0	-0.00075
2.966	0	-0.0009
2.967	-5E-05	-0.0006
2.968	0	-0.00105
2.969	0	-0.00105
2.97	0	-0.00135
2.971	-5E-05	-0.0012
2.972	-5E-05	-0.0003
2.973	0	-0.00045
2.974	0	-0.0009
2.975	0	-0.00045
2.976	-5E-05	-0.0006
2.977	0	-0.0006
2.978	0	-0.00045
2.979	0	-0.00105
2.98	0	-0.0009
2.981	-5E-05	-0.00105
2.982	-5E-05	-0.0009
2.983	-5E-05	-0.0012
2.984	-5E-05	-0.00105
2.985	0	-0.00135
2.986	-5E-05	-0.00075
2.987	0	-0.0006
2.988	0	-0.0009
2.989	0	-0.00075
2.99	0	-0.00075
2.991	5E-05	-0.0009
2.992	0.0002	-0.0009
2.993	0.00025	-0.00045
2.994	0.0003	-0.00105
2.995	0.0003	-0.00045
2.996	0.0003	-0.00075
2.997	0.0003	-0.0009
2.998	0.0003	-0.0009
2.999	0.0003	-0.00075
3	0.0003	-0.0015
3.001	0.00035	-0.0015
3.002	0.0003	-0.0015
3.003	0.00035	-0.00135
3.004	0.00035	-0.00075
3.005	0.00035	-0.0006
3.006	0.00035	-0.0018
3.007	0.00035	-0.00135
3.008	0.0003	-0.0009
3.009	0.00035	-0.00135
3.01	0.00035	-0.00075
3.011	0.00035	-0.0012
3.012	0.00035	-0.0021
3.013	0.00035	-0.00105
3.014	0.00035	-0.00075
3.015	0.00035	-0.00135
3.016	0.00035	-0.0015
3.017	0.00035	-0.0015
3.018	0.00035	-0.00135
3.019	0.0003	-0.00075
3.02	0.00035	-0.00135
3.021	0.00035	-0.0018
3.022	0.00035	-0.0006
3.023	0.0004	-0.00015
3.024	0.0004	-0.0012
3.025	0.00035	-0.00105
3.026	0.0004	-0.00105
3.027	0.00045	-0.0009
3.028	0.0004	-0.0003
3.029	0.00045	-0.0006
3.03	0.0004	-0.0012
3.031	0.00045	-0.0015
3.032	0.00045	-0.0003
3.033	0.00045	-0.0006
3.034	0.0005	-0.00075
3.035	0.00055	-0.0012
3.036	0.00055	-0.0012
3.037	0.00065	-0.00045
3.038	0.00075	-0.0006
3.039	0.0008	-0.00045
3.04	0.0009	0.00045
3.041	0.00105	-0.00015
3.042	0.0012	-0.00075
3.043	0.00155	0.00045
3.044	0.00195	0.0003
3.045	0.0023	0.0009
3.046	0.00275	0.00075
3.047	0.0032	0.00015
3.048	0.0037	0.00105
3.049	0.0043	0.0021
3.05	0.0048	0.00135
3.051	0.00535	0.00135
3.052	0.0057	0.0009
3.053	0.0059	0.0018
3.054	0.00615	0.00225
3.055	0.0064	0.0024
3.056	0.00665	0.0024
3.057	0.00695	0.00285
3.058	0.0072	0.00285
3.059	0.0074	0.0033
3.06	0.0076	0.00285
3.061	0.00785	0.00285
3.062	0.0081	0.0027
3.063	0.0083	0.00285
3.064	0.00855	0.00285
3.065	0.00875	0.0027
3.066	0.0089	0.003
3.067	0.0092	0.00285
3.068	0.00935	0.003
3.069	0.00955	0.0033
3.07	0.0097	0.003
3.071	0.00995	0.00315
3.072	0.0101	0.00285
3.073	0.0103	0.00255
3.074	0.0105	0.00315
3.075	0.01075	0.00345
3.076	0.011	0.00285
3.077	0.0113	0.00345
3.078	0.0116	0.00375
3.079	0.0119	0.00375
3.08	0.01225	0.0036
3.081	0.01255	0.00315
3.082	0.0129	0.0033
3.083	0.0133	0.0033
3.084	0.0136	0.0042
3.085	0.01395	0.00285
3.086	0.0143	0.0039
3.087	0.0147	0.0042
3.088	0.0151	0.00405
3.089	0.0154	0.00435
3.09	0.0158	0.0042
3.091	0.0161	0.0048
3.092	0.0165	0.0045
3.093	0.01685	0.00435
3.094	0.0172	0.0042
3.095	0.0176	0.0057
3.096	0.01795	0.0048
3.097	0.01825	0.0051
3.098	0.01855	0.0051
3.099	0.0189	0.0048
3.1	0.01925	0.00525
3.101	0.01955	0.0051
3.102	0.01985	0.00525
3.103	0.0201	0.0057
3.104	0.02045	0.0054
3.105	0.02075	0.0057
3.106	0.021	0.00615
3.107	0.0213	0.0057
3.108	0.02155	0.00585
3.109	0.02185	0.0066
3.11	0.0221	0.00555
3.111	0.0224	0.0063
3.112	0.0227	0.0063
3.113	0.0229	0.0063
3.114	0.0232	0.00615
3.115	0.0234	0.0057
3.116	0.02365	0.0063
3.117	0.0239	0.0063
3.118	0.0241	0.0066
3.119	0.02435	0.0063
3.12	0.02455	0.00645
3.121	0.0248	0.0063
3.122	0.025	0.00675
3.123	0.0252	0.00735
3.124	0.0255	0.00765
3.125	0.02565	0.00705
3.126	0.02585	0.00765
3.127	0.02605	0.0072
3.128	0.02625	0.00675
3.129	0.02645	0.00825
3.13	0.02665	0.0075
3.131	0.0268	0.0078
3.132	0.02705	0.00765
3.133	0.0273	0.00735
3.134	0.0276	0.00735
3.135	0.0279	0.00765
3.136	0.0282	0.00765
3.137	0.02855	0.00795
3.138	0.02895	0.009
3.139	0.02925	0.00795
3.14	0.0296	0.00825
3.141	0.02995	0.0087
3.142	0.0303	0.0084
3.143	0.03065	0.009
3.144	0.03095	0.0087
3.145	0.03125	0.00915
3.146	0.0315	0.00945
3.147	0.03185	0.01005
3.148	0.03215	0.0093
3.149	0.0324	0.00975
3.15	0.0327	0.00915
3.151	0.03295	0.00885
3.152	0.0332	0.00945
3.153	0.03355	0.00915
3.154	0.0338	0.00975
3.155	0.03405	0.01035
3.156	0.0341	0.0099
3.157	0.0333	0.009
3.158	0.0334	0.01005
3.159	0.03335	0.0102
3.16	0.0334	0.01005
3.161	0.0334	0.0099
3.162	0.03335	0.0096
3.163	0.0334	0.00945
3.164	0.03335	0.0102
3.165	0.0334	0.00945
3.166	0.03335	0.0096
3.167	0.0334	0.0096
3.168	0.03345	0.0099
3.169	0.0334	0.00945
3.17	0.0334	0.00915
3.171	0.0334	0.00915
3.172	0.03345	0.0093
3.173	0.0334	0.00975
3.174	0.0334	0.0096
3.175	0.0334	0.01005
3.176	0.0334	0.00975
3.177	0.0334	0.0099
3.178	0.0334	0.00945
3.179	0.0334	0.00975
3.18	0.03345	0.0099
3.181	0.0334	0.00975
3.182	0.03345	0.00885
3.183	0.03345	0.00915
3.184	0.03345	0.00975
3.185	0.0334	0.00945
3.186	0.0334	0.009
3.187	0.03345	0.0093
3.188	0.03345	0.009
3.189	0.03345	0.0099
3.19	0.03345	0.0099
3.191	0.0334	0.00975
3.192	0.03345	0.0102
3.193	0.03345	0.0093
3.194	0.03345	0.00975
3.195	0.03345	0.00975
3.196	0.0334	0.0096
3.197	0.03345	0.009
3.198	0.03345	0.0093
3.199	0.0334	0.0087
3.2	0.03345	0.00915
3.201	0.0334	0.00975
3.202	0.0335	0.00945
3.203	0.0335	0.00915
3.204	0.0334	0.00945
3.205	0.03345	0.00945
3.206	0.03345	0.00945
3.207	0.0335	0.0096
3.208	0.03345	0.0093
3.209	0.03345	0.00915
3.21	0.0335	0.01035
3.211	0.0335	0.01005
3.212	0.0335	0.00945
3.213	0.03345	0.0099
3.214	0.03345	0.0096
3.215	0.0335	0.00915
3.216	0.0335	0.0093
3.217	0.03345	0.009
3.218	0.0335	0.00915
3.219	0.0335	0.00915
3.22	0.03345	0.00825
3.221	0.03345	0.009
3.222	0.0335	0.00945
3.223	0.0335	0.0093
3.224	0.0335	0.0093
3.225	0.0335	0.009
3.226	0.0335	0.00915
3.227	0.03355	0.00975
3.228	0.03355	0.00975
3.229	0.03355	0.0093
3.23	0.03355	0.00915
3.231	0.03355	0.00945
3.232	0.0336	0.00915
3.233	0.03355	0.0096
3.234	0.03355	0.0093
3.235	0.03355	0.0087
3.236	0.03355	0.0084
3.237	0.0336	0.0087
3.238	0.03355	0.009
3.239	0.0336	0.0093
3.24	0.03355	0.00915
3.241	0.03355	0.00855
3.242	0.0336	0.00945
3.243	0.0336	0.0096
3.244	0.0336	0.0093
3.245	0.0336	0.0099
3.246	0.0336	0.00945
3.247	0.0336	0.00885
3.248	0.03355	0.009
3.249	0.0336	0.00885
3.25	0.0336	0.0093
3.251	0.0336	0.00885
3.252	0.0336	0.00885
3.253	0.0336	0.00885
3.254	0.03365	0.009
3.255	0.03365	0.0087
3.256	0.03365	0.00945
3.257	0.03365	0.00975
3.258	0.03365	0.00915
3.259	0.03365	0.0093
3.26	0.0337	0.00945
3.261	0.0337	0.00945
3.262	0.0337	0.00915
3.263	0.0338	0.00945
3.264	0.0339	0.0093
3.265	0.03395	0.00885
3.266	0.0332	0.00885
3.267	0.0331	0.00915
3.268	0.033	0.00885
3.269	0.033	0.00855
3.27	0.033	0.00855
3.271	0.03305	0.009
3.272	0.03295	0.0093
3.273	0.033	0.0096
3.274	0.03295	0.00975
3.275	0.033	0.0093
3.276	0.033	0.00915
3.277	0.03295	0.00975
3.278	0.033	0.00945
3.279	0.0329	0.00885
3.28	0.03295	0.00975
3.281	0.033	0.00915
3.282	0.03295	0.0093
3.283	0.033	0.0087
3.284	0.03295	0.0087
3.285	0.03295	0.009
3.286	0.033	0.00855
3.287	0.03295	0.00855
3.288	0.033	0.00945
3.289	0.033	0.0093
3.29	0.03295	0.0087
3.291	0.033	0.00975
3.292	0.03295	0.0093
3.293	0.033	0.00945
3.294	0.0329	0.01005
3.295	0.033	0.0096
3.296	0.033	0.00945
3.297	0.03295	0.00945
3.298	0.033	0.0093
3.299	0.033	0.00975
3.3	0.03295	0.00975
3.301	0.033	0.00885
3.302	0.033	0.009
3.303	0.03295	0.009
3.304	0.0329	0.00855
3.305	0.033	0.009
3.306	0.03295	0.00945
3.307	0.033	0.009
3.308	0.0329	0.0096
3.309	0.03295	0.00975
3.31	0.033	0.0096
3.311	0.0329	0.0108
3.312	0.03295	0.0093
3.313	0.03295	0.0096
3.314	0.033	0.00945
3.315	0.03295	0.00975
3.316	0.03295	0.00915
3.317	0.0329	0.0093
3.318	0.03295	0.00885
3.319	0.033	0.009
3.32	0.03295	0.00915
3.321	0.0329	0.009
3.322	0.033	0.009
3.323	0.03295	0.0096
3.324	0.0329	0.0093
3.325	0.03295	0.00885
3.326	0.0329	0.0096
3.327	0.033	0.00945
3.328	0.033	0.00945
3.329	0.0329	0.00915
3.33	0.03305	0.0093
3.331	0.033	0.00975
3.332	0.033	0.00945
3.333	0.0329	0.0084
3.334	0.0329	0.0093
3.335	0.033	0.009
3.336	0.033	0.009
3.337	0.033	0.00945
3.338	0.0329	0.009
3.339	0.033	0.009
3.34	0.03295	0.0099
3.341	0.033	0.0093
3.342	0.03295	0.00975
3.343	0.03295	0.00975
3.344	0.033	0.00885
3.345	0.033	0.0099
3.346	0.0329	0.009
3.347	0.03295	0.009
3.348	0.033	0.0096
3.349	0.033	0.00915
3.35	0.03295	0.0093
3.351	0.03295	0.0093
3.352	0.03295	0.00945
3.353	0.03305	0.00915
3.354	0.033	0.01035
3.355	0.03295	0.009
3.356	0.03295	0.00915
3.357	0.03295	0.01005
3.358	0.033	0.00975
3.359	0.03295	0.0093
3.36	0.0329	0.0099
3.361	0.03295	0.0099
3.362	0.03295	0.00945
3.363	0.03295	0.01005
3.364	0.0329	0.00975
3.365	0.0329	0.00945
3.366	0.033	0.0093
3.367	0.033	0.00855
3.368	0.033	0.009
3.369	0.03295	0.0096
3.37	0.033	0.0087
3.371	0.033	0.00945
3.372	0.03295	0.0099
3.373	0.033	0.0093
3.374	0.033	0.00945
3.375	0.03295	0.00945
3.376	0.03295	0.00945
3.377	0.03295	0.0099
3.378	0.03295	0.01035
3.379	0.0329	0.01005
3.38	0.033	0.0099
3.381	0.03295	0.00945
3.382	0.03295	0.0099
3.383	0.03295	0.0096
3.384	0.033	0.00885
3.385	0.03295	0.009
3.386	0.0329	0.0096
3.387	0.03295	0.009
3.388	0.03295	0.0093
3.389	0.033	0.0099
3.39	0.033	0.01035
3.391	0.03295	0.0099
3.392	0.0329	0.0102
3.393	0.03295	0.00945
3.394	0.0329	0.0099
3.395	0.03295	0.01005
3.396	0.033	0.01005
3.397	0.033	0.0102
3.398	0.033	0.009
3.399	0.03295	0.00975
3.4	0.033	0.00975
3.401	0.03295	0.00975
3.402	0.033	0.009
3.403	0.0329	0.0093
3.404	0.03295	0.00945
3.405	0.03295	0.00915
3.406	0.033	0.01005
3.407	0.033	0.0102
3.408	0.033	0.0099
3.409	0.03295	0.009
3.41	0.03305	0.0099
3.411	0.033	0.0102
3.412	0.03295	0.00975
3.413	0.03295	0.00945
3.414	0.03295	0.0087
3.415	0.03285	0.00945
3.416	0.0329	0.00915
3.417	0.033	0.00915
3.418	0.0329	0.0093
3.419	0.03295	0.00915
3.42	0.033	0.0096
3.421	0.03295	0.0096
3.422	0.03295	0.00855
3.423	0.0329	0.00915
3.424	0.03295	0.00945
3.425	0.03295	0.009
3.426	0.0329	0.0093
3.427	0.03295	0.00855
3.428	0.033	0.00975
3.429	0.03295	0.00945
3.43	0.03295	0.009
3.431	0.03295	0.00855
3.432	0.033	0.0093
3.433	0.03295	0.00915
3.434	0.0329	0.00855
3.435	0.0329	0.00855
3.436	0.0329	0.00825
3.437	0.03305	0.00855
3.438	0.03295	0.0087
3.439	0.03305	0.009
3.44	0.033	0.009
3.441	0.0329	0.01005
3.442	0.033	0.00975
3.443	0.03295	0.00885
3.444	0.033	0.00915
3.445	0.033	0.0087
3.446	0.033	0.00975
3.447	0.03295	0.009
3.448	0.03295	0.0087
3.449	0.03295	0.0087
3.45	0.033	0.00945
3.451	0.0329	0.00975
3.452	0.03295	0.00885
3.453	0.03295	0.00855
3.454	0.033	0.00795
3.455	0.03295	0.00915
3.456	0.03295	0.00915
3.457	0.03295	0.00915
3.458	0.033	0.0096
3.459	0.03295	0.00915
3.46	0.0329	0.00945
3.461	0.033	0.0102
3.462	0.03295	0.01035
3.463	0.03295	0.0093
3.464	0.03295	0.00945
3.465	0.0329	0.00855
3.466	0.03295	0.00915
3.467	0.03295	0.00945
3.468	0.0329	0.0093
3.469	0.03295	0.00885
3.47	0.03295	0.00885
3.471	0.03305	0.00915
3.472	0.033	0.0093
3.473	0.03295	0.00975
3.474	0.033	0.00945
3.475	0.033	0.00915
3.476	0.033	0.0099
3.477	0.033	0.00975
3.478	0.033	0.0096
3.479	0.03295	0.01005
3.48	0.03295	0.01005
3.481	0.033	0.0093
3.482	0.033	0.00975
3.483	0.03295	0.009
3.484	0.03295	0.0096
3.485	0.03295	0.0093
3.486	0.03295	0.00885
3.487	0.03295	0.00975
3.488	0.033	0.00945
3.489	0.033	0.0096
3.49	0.033	0.0102
3.491	0.03295	0.0099
3.492	0.03295	0.00945
3.493	0.0329	0.01005
3.494	0.03295	0.00945
3.495	0.03295	0.0096
3.496	0.03295	0.0099
3.497	0.03295	0.0096
3.498	0.03295	0.00945
3.499	0.03295	0.009
3.5	0.03295	0.009
3.501	0.03295	0.00915
3.502	0.03295	0.00945
3.503	0.0329	0.00915
3.504	0.0329	0.00915
3.505	0.03295	0.0096
3.506	0.03295	0.00945
3.507	0.03295	0.0096
3.508	0.03295	0.0093
3.509	0.0329	0.0093
3.51	0.03295	0.00975
3.511	0.03295	0.0096
3.512	0.03295	0.0093
3.513	0.033	0.00945
3.514	0.03295	0.0093
3.515	0.0329	0.00885
3.516	0.033	0.00975
3.517	0.03295	0.0087
3.518	0.033	0.00915
3.519	0.03285	0.009
3.52	0.03295	0.0087
3.521	0.033	0.00915
3.522	0.033	0.0096
3.523	0.03295	0.0093
3.524	0.03295	0.00885
3.525	0.03295	0.01035
3.526	0.033	0.0093
3.527	0.033	0.00975
3.528	0.033	0.00975
3.529	0.0329	0.00945
3.53	0.033	0.0096
3.531	0.03295	0.00975
3.532	0.0329	0.009
3.533	0.03295	0.00885
3.534	0.03295	0.009
3.535	0.03295	0.00855
3.536	0.03295	0.00885
3.537	0.03295	0.00915
3.538	0.03295	0.00885
3.539	0.033	0.00975
3.54	0.033	0.0099
3.541	0.03295	0.0093
3.542	0.0329	0.0096
3.543	0.03295	0.00945
3.544	0.03295	0.00915
3.545	0.03295	0.00975
3.546	0.033	0.0093
3.547	0.0329	0.0099
3.548	0.0329	0.0099
3.549	0.03295	0.00885
3.55	0.03295	0.00915
3.551	0.033	0.00915
3.552	0.03295	0.009
3.553	0.03295	0.009
3.554	0.0329	0.0096
3.555	0.0329	0.009
3.556	0.0329	0.0093
3.557	0.033	0.01005
3.558	0.03295	0.0096
3.559	0.03295	0.00915
3.56	0.033	0.0099
3.561	0.03295	0.0093
3.562	0.03295	0.00975
3.563	0.03295	0.0096
3.564	0.03295	0.00945
3.565	0.033	0.00945
3.566	0.03295	0.00945
3.567	0.03295	0.00915
3.568	0.0329	0.00945
3.569	0.033	0.00885
3.57	0.033	0.0087
3.571	0.0329	0.00975
3.572	0.03295	0.00915
3.573	0.0329	0.00885
3.574	0.03295	0.0093
3.575	0.03295	0.00945
3.576	0.03295	0.00975
3.577	0.03295	0.0099
3.578	0.0329	0.00885
3.579	0.03295	0.0093
3.58	0.03295	0.00975
3.581	0.0329	0.00975
3.582	0.033	0.00945
3.583	0.0329	0.00975
3.584	0.03295	0.009
3.585	0.03295	0.00885
3.586	0.03295	0.009
3.587	0.0329	0.00915
3.588	0.03295	0.0087
3.589	0.0329	0.0093
3.59	0.03295	0.0093
3.591	0.033	0.00945
3.592	0.03295	0.00945
3.593	0.03295	0.0093
3.594	0.03305	0.00975
3.595	0.03295	0.0102
3.596	0.03295	0.0093
3.597	0.0329	0.00945
3.598	0.03295	0.00945
3.599	0.03295	0.009
3.6	0.03295	0.009
3.601	0.033	0.00855
3.602	0.033	0.00885
3.603	0.03295	0.0093
3.604	0.033	0.0093
3.605	0.033	0.00885
3.606	0.03295	0.00885
3.607	0.0329	0.00915
3.608	0.03295	0.0093
3.609	0.03295	0.0096
3.61	0.03295	0.0093
3.611	0.033	0.00945
3.612	0.03295	0.00975
3.613	0.03295	0.00915
3.614	0.033	0.009
3.615	0.0329	0.0087
3.616	0.03295	0.009
3.617	0.033	0.00915
3.618	0.03295	0.00945
3.619	0.033	0.00885
3.62	0.0329	0.009
3.621	0.03295	0.0093
3.622	0.0329	0.00885
3.623	0.03295	0.0093
3.624	0.03295	0.0093
3.625	0.03295	0.0096
3.626	0.0329	0.0099
3.627	0.033	0.00945
3.628	0.033	0.00915
3.629	0.03295	0.00945
3.63	0.03305	0.01005
3.631	0.03295	0.00915
3.632	0.03295	0.00885
3.633	0.033	0.0093
3.634	0.033	0.0093
3.635	0.0329	0.0093
3.636	0.03295	0.009
3.637	0.03295	0.00915
3.638	0.03295	0.009
3.639	0.03295	0.00945
3.64	0.03295	0.009
3.641	0.03295	0.0093
3.642	0.03295	0.0093
3.643	0.03295	0.00915
3.644	0.033	0.0096
3.645	0.03295	0.0096
3.646	0.0329	0.0096
3.647	0.03295	0.00915
3.648	0.03295	0.0087
3.649	0.03295	0.009
3.65	0.03295	0.00915
3.651	0.03295	0.0093
3.652	0.033	0.00945
3.653	0.033	0.009
3.654	0.03295	0.009
3.655	0.03295	0.0093
3.656	0.03295	0.009
3.657	0.0329	0.00915
3.658	0.033	0.00945
3.659	0.03295	0.0093
3.66	0.03295	0.00975
3.661	0.03295	0.0099
3.662	0.033	0.00945
3.663	0.03295	0.00975
3.664	0.03295	0.00975
3.665	0.03295	0.0093
3.666	0.033	0.00915
3.667	0.03295	0.00885
3.668	0.03295	0.00855
3.669	0.033	0.00885
3.67	0.0329	0.009
3.671	0.033	0.009
3.672	0.03295	0.00915
3.673	0.033	0.00945
3.674	0.03295	0.00915
3.675	0.03295	0.00915
3.676	0.03295	0.00945
3.677	0.033	0.00915
3.678	0.033	0.0096
3.679	0.033	0.00945
3.68	0.0329	0.0096
3.681	0.03295	0.0099
3.682	0.033	0.00915
3.683	0.033	0.0087
3.684	0.033	0.0093
3.685	0.03295	0.00855
3.686	0.033	0.00855
3.687	0.03295	0.009
3.688	0.03295	0.0093
3.689	0.03295	0.0093
3.69	0.03295	0.00975
3.691	0.033	0.0096
3.692	0.0329	0.009
3.693	0.03295	0.0099
3.694	0.03295	0.00945
3.695	0.03295	0.0099
3.696	0.03295	0.00945
3.697	0.033	0.0093
3.698	0.0329	0.00945
3.699	0.0329	0.00915
3.7	0.03295	0.00945
3.701	0.03295	0.00975
3.702	0.03295	0.00915
3.703	0.03295	0.00885
3.704	0.03295	0.00945
3.705	0.0329	0.00915
3.706	0.03295	0.0093
3.707	0.03295	0.00975
3.708	0.033	0.00945
3.709	0.03295	0.0099
3.71	0.033	0.0096
3.711	0.033	0.00975
3.712	0.033	0.00975
3.713	0.0329	0.00975
3.714	0.03295	0.0093
3.715	0.03295	0.00945
3.716	0.03295	0.00945
3.717	0.0329	0.009
3.718	0.03295	0.00915
3.719	0.03295	0.00885
3.72	0.03295	0.009
3.721	0.033	0.0093
3.722	0.03295	0.0099
3.723	0.03295	0.00915
3.724	0.03295	0.00975
3.725	0.03295	0.00975
3.726	0.03295	0.0093
3.727	0.03295	0.00945
3.728	0.033	0.00975
3.729	0.033	0.00945
3.73	0.033	0.0099
3.731	0.03295	0.0099
3.732	0.033	0.00915
3.733	0.03295	0.0096
3.734	0.03295	0.009
3.735	0.0329	0.009
3.736	0.03295	0.00915
3.737	0.033	0.00885
3.738	0.0329	0.0093
3.739	0.03295	0.00945
3.74	0.033	0.00945
3.741	0.033	0.00945
3.742	0.033	0.00975
3.743	0.0329	0.00945
3.744	0.033	0.00975
3.745	0.033	0.00945
3.746	0.03295	0.0093
3.747	0.03305	0.0096
3.748	0.0329	0.0093
3.749	0.03295	0.00915
3.75	0.03295	0.0096
3.751	0.033	0.00945
3.752	0.033	0.009
3.753	0.0329	0.00915
3.754	0.03295	0.009
3.755	0.03295	0.00915
3.756	0.0329	0.00945
3.757	0.03295	0.00915
3.758	0.03295	0.009
3.759	0.03295	0.0099
3.76	0.033	0.0096
3.761	0.033	0.0099
3.762	0.03295	0.0099
3.763	0.033	0.00945
3.764	0.033	0.00945
3.765	0.03295	0.00945
3.766	0.03295	0.00855
3.767	0.03295	0.00915
3.768	0.03295	0.0093
3.769	0.0329	0.009
3.77	0.033	0.009
3.771	0.033	0.00945
3.772	0.0329	0.00915
3.773	0.0329	0.00975
3.774	0.03295	0.0096
3.775	0.03295	0.00915
3.776	0.0329	0.00975
3.777	0.03295	0.0093
3.778	0.03295	0.0096
3.779	0.03295	0.01005
3.78	0.033	0.0093
3.781	0.03295	0.01005
3.782	0.03295	0.0099
3.783	0.03295	0.00915
3.784	0.03295	0.009
3.785	0.0329	0.0093
3.786	0.03295	0.00915
3.787	0.03295	0.0087
3.788	0.03295	0.0093
3.789	0.03305	0.0096
3.79	0.03295	0.00975
3.791	0.0329	0.00975
3.792	0.033	0.0093
3.793	0.03295	0.0099
3.794	0.0329	0.00975
3.795	0.03295	0.00945
3.796	0.03295	0.0093
3.797	0.033	0.00915
3.798	0.0329	0.0093
3.799	0.03295	0.00975
3.8	0.033	0.00945
3.801	0.03295	0.00915
3.802	0.03295	0.00945
3.803	0.03295	0.009
3.804	0.0329	0.009
3.805	0.033	0.01005
3.806	0.03295	0.0096
3.807	0.03305	0.00945
3.808	0.0329	0.00975
3.809	0.033	0.0099
3.81	0.03295	0.01005
3.811	0.0329	0.01065
3.812	0.03295	0.01005
3.813	0.03295	0.0096
3.814	0.03295	0.0102
3.815	0.03305	0.00945
3.816	0.0329	0.00975
3.817	0.03295	0.00975
3.818	0.03295	0.0093
3.819	0.033	0.00915
3.82	0.033	0.0096
3.821	0.03295	0.0099
3.822	0.0329	0.0102
3.823	0.03295	0.00945
3.824	0.03295	0.0093
3.825	0.03295	0.01005
3.826	0.0329	0.0099
3.827	0.03295	0.00975
3.828	0.033	0.0099
3.829	0.033	0.01005
3.83	0.03295	0.01005
3.831	0.03295	0.01005
3.832	0.033	0.0093
3.833	0.03295	0.00915
3.834	0.03295	0.00945
3.835	0.03295	0.00945
3.836	0.0329	0.009
3.837	0.03295	0.00915
3.838	0.03295	0.00945
3.839	0.03295	0.00945
3.84	0.03295	0.01065
3.841	0.03295	0.0099
3.842	0.03295	0.0093
3.843	0.033	0.0096
3.844	0.03295	0.0093
3.845	0.03295	0.0102
3.846	0.03295	0.0093
3.847	0.03295	0.00885
3.848	0.0329	0.00885
3.849	0.03295	0.00975
3.85	0.03295	0.0093
3.851	0.033	0.00975
3.852	0.03295	0.00915
3.853	0.033	0.0087
3.854	0.033	0.00855
3.855	0.03295	0.009
3.856	0.03295	0.00945
3.857	0.03295	0.009
3.858	0.03295	0.009
3.859	0.03295	0.00885
3.86	0.0329	0.0096
3.861	0.033	0.01005
3.862	0.03295	0.0096
3.863	0.03295	0.00915
3.864	0.033	0.0087
3.865	0.03295	0.00855
3.866	0.03295	0.00975
3.867	0.033	0.0087
3.868	0.0329	0.0087
3.869	0.03295	0.0087
3.87	0.03295	0.00855
3.871	0.033	0.00885
3.872	0.0329	0.009
3.873	0.03295	0.0093
3.874	0.03295	0.00885
3.875	0.03295	0.00945
3.876	0.033	0.009
3.877	0.033	0.009
3.878	0.03295	0.0096
3.879	0.033	0.009
3.88	0.03295	0.00975
3.881	0.033	0.00885
3.882	0.0329	0.00915
3.883	0.0329	0.0087
3.884	0.03295	0.00945
3.885	0.03295	0.00885
3.886	0.033	0.0093
3.887	0.0329	0.0087
3.888	0.03295	0.0084
3.889	0.03295	0.0096
3.89	0.0329	0.0093
3.891	0.033	0.00975
3.892	0.03295	0.00975
3.893	0.03295	0.00885
3.894	0.03295	0.0093
3.895	0.033	0.00975
3.896	0.03295	0.0093
3.897	0.0329	0.00945
3.898	0.03295	0.00855
3.899	0.03295	0.0096
3.9	0.0329	0.0093
3.901	0.03295	0.00945
3.902	0.0329	0.00885
3.903	0.03295	0.009
3.904	0.033	0.009
3.905	0.033	0.00915
3.906	0.03295	0.0093
3.907	0.03295	0.0096
3.908	0.033	0.0099
3.909	0.03295	0.00915
3.91	0.03295	0.01035
3.911	0.03295	0.0096
3.912	0.033	0.00975
3.913	0.03295	0.0099
3.914	0.0329	0.00915
3.915	0.03295	0.00915
3.916	0.0329	0.009
3.917	0.03295	0.00855
3.918	0.033	0.00945
3.919	0.03295	0.0093
3.92	0.03295	0.0084
3.921	0.03295	0.00975
3.922	0.03295	0.00915
3.923	0.033	0.009
3.924	0.033	0.0093
3.925	0.03295	0.00945
3.926	0.03295	0.009
3.927	0.0329	0.0096
3.928	0.033	0.0096
3.929	0.03305	0.0099
3.93	0.03305	0.0096
3.931	0.03295	0.0093
3.932	0.03295	0.009
3.933	0.03295	0.00945
3.934	0.03295	0.00855
3.935	0.03295	0.00885
3.936	0.03295	0.00915
3.937	0.03295	0.0081
3.938	0.03295	0.009
3.939	0.0329	0.0093
3.94	0.03295	0.00885
3.941		0.00945
3.942		0.00975
3.943		0.00915
3.944		0.0093
3.945		0.0096
3.946		0.0093
3.947		0.00975
3.948		0.009
3.949		0.00915
3.95		0.00975
