MIN=0	-0.1	-0.3
MAX=1.6	0.1	0.3
SCALE=0.1	0.05	0.1
DEC=3	4	4
DEF="Time" t / s	"Current" I_A1 / A	"Voltage" U_B1 / V
0	0	0.0003
0.001	0	-0.00075
0.002	-5E-05	-0.0006
0.003	-5E-05	-0.0006
0.004	0	0.00015
0.005	-5E-05	0.00015
0.006	0	0.00015
0.007	-5E-05	-0.00075
0.008	0	-0.0006
0.009	0	-0.0006
0.01	0	-0.0003
0.011	0	-0.00015
0.012	0	-0.0012
0.013	0	-0.00105
0.014	-5E-05	-0.00105
0.015	-5E-05	-0.00075
0.016	-5E-05	-0.00045
0.017	0	-0.00045
0.018	-5E-05	-0.00135
0.019	0	-0.0006
0.02	0	-0.00045
0.021	-5E-05	-0.0009
0.022	0	-0.00015
0.023	0	-0.00045
0.024	0	-0.00075
0.025	-5E-05	-0.00075
0.026	0	-0.00045
0.027	-5E-05	-0.00105
0.028	-5E-05	-0.0006
0.029	0	-0.00045
0.03	-5E-05	-0.00135
0.031	0	-0.0006
0.032	0	-0.0006
0.033	0	-0.0015
0.034	-5E-05	-0.0003
0.035	-5E-05	-0.0009
0.036	0	-0.0006
0.037	-5E-05	-0.0003
0.038	0	-0.00075
0.039	0	0.00015
0.04	0	0
0.041	0	-0.00045
0.042	-5E-05	-0.0006
0.043	-5E-05	-0.00045
0.044	-5E-05	-0.00135
0.045	0	-0.00045
0.046	-5E-05	-0.0006
0.047	0	-0.00075
0.048	0	-0.00075
0.049	0	-0.0006
0.05	0	-0.00045
0.051	0	-0.00015
0.052	-5E-05	-0.0003
0.053	0	-0.0006
0.054	0	0.0003
0.055	0	-0.0003
0.056	0	-0.0006
0.057	0	-0.00015
0.058	-5E-05	-0.0006
0.059	0	-0.0006
0.06	-5E-05	0.0003
0.061	0	-0.00045
0.062	-5E-05	-0.00045
0.063	0	0
0.064	0	-0.0006
0.065	-5E-05	-0.00075
0.066	0	-0.0006
0.067	-5E-05	-0.0009
0.068	0	0
0.069	0	-0.00015
0.07	-5E-05	-0.0003
0.071	0	0.00015
0.072	-5E-05	0.00015
0.073	0	-0.0003
0.074	0	0.00015
0.075	0	0
0.076	-5E-05	-0.0009
0.077	0	-0.00045
0.078	0	0
0.079	0	-0.0003
0.08	-5E-05	-0.00045
0.081	-5E-05	-0.00045
0.082	0	-0.0006
0.083	-5E-05	-0.00015
0.084	0	-0.00045
0.085	-5E-05	-0.0006
0.086	0	0.00015
0.087	0	-0.00045
0.088	-5E-05	-0.0003
0.089	0	0.00045
0.09	-5E-05	-0.0003
0.091	0	-0.00075
0.092	0	0
0.093	0	-0.00045
0.094	0	-0.00075
0.095	-5E-05	-0.0006
0.096	-5E-05	-0.0009
0.097	-5E-05	-0.0003
0.098	-5E-05	-0.0006
0.099	-5E-05	-0.00075
0.1	0	-0.0006
0.101	0	-0.0003
0.102	-5E-05	-0.0003
0.103	0	-0.0006
0.104	-5E-05	-0.0003
0.105	0	-0.00075
0.106	0	-0.00015
0.107	0	-0.00015
0.108	0	-0.0003
0.109	-5E-05	-0.00015
0.11	0	0
0.111	0	-0.00075
0.112	-5E-05	-0.0006
0.113	-5E-05	-0.0009
0.114	-5E-05	-0.00075
0.115	0	-0.0003
0.116	0	-0.0003
0.117	0	-0.0009
0.118	-5E-05	-0.00015
0.119	0	0
0.12	-5E-05	-0.00045
0.121	0	-0.0006
0.122	-5E-05	-0.00075
0.123	0	-0.0006
0.124	0	-0.00045
0.125	-5E-05	-0.00045
0.126	0	-0.00045
0.127	-5E-05	-0.00045
0.128	-5E-05	-0.00075
0.129	0	-0.0009
0.13	-5E-05	-0.00075
0.131	0	-0.00075
0.132	0	-0.00075
0.133	0	-0.00075
0.134	0	-0.00075
0.135	-5E-05	-0.0003
0.136	0	0.00015
0.137	0	-0.0003
0.138	-5E-05	-0.00105
0.139	-5E-05	-0.00075
0.14	0	-0.00045
0.141	0	-0.0003
0.142	0	-0.00075
0.143	0	-0.00105
0.144	0	-0.00015
0.145	0	-0.0003
0.146	-5E-05	-0.0006
0.147	-5E-05	-0.0006
0.148	-5E-05	-0.00105
0.149	0	-0.00075
0.15	0	-0.00075
0.151	-5E-05	-0.00075
0.152	0	-0.0006
0.153	0	-0.00015
0.154	0	-0.0003
0.155	0	-0.0003
0.156	0	-0.00045
0.157	0	-0.00075
0.158	0	-0.00045
0.159	0	-0.0006
0.16	-5E-05	-0.0012
0.161	0	-0.00075
0.162	0	-0.00015
0.163	0	-0.0006
0.164	-5E-05	-0.0009
0.165	-5E-05	-0.0006
0.166	-5E-05	-0.00105
0.167	-5E-05	-0.00045
0.168	0	-0.0003
0.169	0	-0.00075
0.17	0	-0.00045
0.171	0	-0.0003
0.172	0	0.00015
0.173	0	0.00045
0.174	0	-0.0006
0.175	0	-0.0009
0.176	0	-0.00045
0.177	-5E-05	-0.0012
0.178	0	-0.00075
0.179	0	-0.00015
0.18	0	-0.0006
0.181	-5E-05	-0.0006
0.182	0	-0.0003
0.183	-5E-05	-0.00045
0.184	0	-0.0003
0.185	-5E-05	-0.0006
0.186	0	-0.0006
0.187	0	-0.0003
0.188	0	0
0.189	0	0
0.19	-5E-05	0.0003
0.191	0	0
0.192	-5E-05	-0.0006
0.193	0	-0.0003
0.194	-5E-05	-0.00015
0.195	0	-0.00075
0.196	0	-0.00075
0.197	-5E-05	-0.0006
0.198	0	-0.0003
0.199	0	0
0.2	-5E-05	-0.00015
0.201	0	-0.00015
0.202	0	-0.0003
0.203	-5E-05	-0.0006
0.204	0	-0.00015
0.205	0	-0.0006
0.206	-5E-05	-0.0003
0.207	0	-0.00015
0.208	-5E-05	0.0003
0.209	0	-0.0006
0.21	0	-0.00045
0.211	0	-0.0003
0.212	-5E-05	-0.00045
0.213	0	-0.0003
0.214	0	-0.0003
0.215	-5E-05	-0.00045
0.216	0	-0.00015
0.217	0	0.00015
0.218	0	-0.00075
0.219	-5E-05	0
0.22	0	-0.00015
0.221	0	-0.00045
0.222	0	-0.00015
0.223	0	0
0.224	0	-0.0003
0.225	0	-0.00015
0.226	0	0
0.227	0	-0.00075
0.228	0	0
0.229	-5E-05	-0.0006
0.23	0	-0.00075
0.231	0	-0.00045
0.232	0	-0.0006
0.233	-5E-05	-0.0003
0.234	0	-0.0003
0.235	-5E-05	-0.00045
0.236	0	-0.0003
0.237	-5E-05	-0.00015
0.238	-5E-05	-0.0006
0.239	0	-0.00015
0.24	0	-0.0006
0.241	-5E-05	-0.00015
0.242	-5E-05	-0.00045
0.243	0	-0.00045
0.244	-5E-05	-0.00045
0.245	-5E-05	-0.0003
0.246	-5E-05	-0.0009
0.247	-5E-05	-0.00105
0.248	0	-0.00075
0.249	-5E-05	-0.00045
0.25	0	-0.0003
0.251	-5E-05	-0.0006
0.252	5E-05	-0.0003
0.253	0	-0.00015
0.254	0	-0.00015
0.255	0	-0.00045
0.256	0	-0.00015
0.257	0	0
0.258	-5E-05	0
0.259	-5E-05	-0.00045
0.26	0	-0.0006
0.261	0	-0.0006
0.262	0	-0.00015
0.263	-5E-05	-0.0003
0.264	0	-0.0009
0.265	0	-0.0003
0.266	-5E-05	-0.00075
0.267	0	-0.00075
0.268	0	-0.0006
0.269	0	-0.0006
0.27	-5E-05	-0.0003
0.271	-5E-05	0.00015
0.272	0	0
0.273	0	-0.0003
0.274	0	-0.0003
0.275	0	-0.00075
0.276	-5E-05	-0.0006
0.277	0	-0.0006
0.278	-5E-05	-0.0009
0.279	-5E-05	-0.00045
0.28	0	-0.0006
0.281	0	-0.00045
0.282	0	-0.0006
0.283	-5E-05	-0.00045
0.284	0	-0.00075
0.285	-5E-05	-0.00045
0.286	-5E-05	-0.0003
0.287	-5E-05	-0.00105
0.288	0	-0.00015
0.289	0	-0.0006
0.29	0	-0.00045
0.291	0	-0.0003
0.292	-5E-05	0
0.293	0	-0.00015
0.294	0	-0.0003
0.295	0	-0.00045
0.296	0	-0.0012
0.297	-5E-05	-0.00045
0.298	0	-0.00105
0.299	0	-0.0006
0.3	-5E-05	-0.00045
0.301	-5E-05	-0.00075
0.302	0	-0.0006
0.303	0	-0.00015
0.304	0	-0.0003
0.305	0	-0.0006
0.306	0	-0.0003
0.307	0	-0.0006
0.308	0	-0.0003
0.309	0	-0.00045
0.31	-5E-05	-0.0009
0.311	0	-0.00075
0.312	0	-0.00045
0.313	-5E-05	-0.00075
0.314	0	-0.0009
0.315	0	-0.0006
0.316	0	-0.0009
0.317	0	-0.00075
0.318	-5E-05	-0.00015
0.319	0	-0.00075
0.32	0	0
0.321	0	-0.00015
0.322	-5E-05	-0.00045
0.323	0	0
0.324	0	-0.0003
0.325	0	-0.0009
0.326	0	-0.00045
0.327	0	-0.00045
0.328	0	-0.0003
0.329	-5E-05	-0.00045
0.33	0	-0.00075
0.331	0	-0.0006
0.332	0	-0.00045
0.333	-5E-05	-0.00045
0.334	0	-0.00075
0.335	0	-0.00045
0.336	0	-0.00045
0.337	0	-0.0006
0.338	0	-0.00015
0.339	0	-0.0003
0.34	0	-0.00045
0.341	0	-0.00015
0.342	-5E-05	-0.00015
0.343	0	-0.00045
0.344	0	-0.0006
0.345	-5E-05	-0.0012
0.346	0	-0.00075
0.347	-5E-05	-0.0009
0.348	0	-0.0009
0.349	-5E-05	-0.00045
0.35	0	-0.00015
0.351	0	-0.00075
0.352	0	-0.0003
0.353	0	-0.00015
0.354	0	-0.0009
0.355	0	0
0.356	-5E-05	-0.0009
0.357	-5E-05	-0.0009
0.358	-5E-05	-0.0006
0.359	0	-0.0006
0.36	-5E-05	-0.0009
0.361	-5E-05	-0.0009
0.362	0	-0.00105
0.363	0	-0.0009
0.364	0	-0.00045
0.365	-5E-05	-0.0009
0.366	0	-0.00105
0.367	-5E-05	-0.0009
0.368	-5E-05	-0.0012
0.369	0	-0.0009
0.37	0	-0.0003
0.371	5E-05	-0.00075
0.372	0	-0.0006
0.373	0	-0.0006
0.374	-5E-05	-0.0009
0.375	0	-0.0009
0.376	-5E-05	-0.00105
0.377	0	-0.00105
0.378	-5E-05	-0.00135
0.379	-5E-05	-0.0009
0.38	0	-0.00165
0.381	-5E-05	-0.00105
0.382	0	-0.0012
0.383	-5E-05	-0.0009
0.384	0	-0.0006
0.385	-5E-05	-0.0009
0.386	0	-0.00105
0.387	0	-0.00045
0.388	0	-0.0003
0.389	0	-0.00045
0.39	0	-0.0003
0.391	-5E-05	-0.00075
0.392	0	-0.00045
0.393	0	-0.0006
0.394	0	-0.00075
0.395	0	-0.00105
0.396	0	-0.0015
0.397	-5E-05	-0.00135
0.398	0	-0.0006
0.399	-5E-05	-0.0003
0.4	0	-0.00075
0.401	0	-0.00015
0.402	0	-0.00045
0.403	0	-0.0003
0.404	-5E-05	0.00045
0.405	0	0.00015
0.406	-5E-05	-0.0006
0.407	0	-0.00075
0.408	0	0
0.409	0	-0.00015
0.41	-5E-05	0.00045
0.411	0	0
0.412	-5E-05	-0.00075
0.413	0	0.0003
0.414	0	-0.0003
0.415	0	-0.00045
0.416	0	0.0003
0.417	0	-0.0012
0.418	0	-0.00045
0.419	0	0.00045
0.42	-5E-05	-0.0003
0.421	0	0.00015
0.422	0	0.00045
0.423	0	-0.00045
0.424	-5E-05	-0.00015
0.425	0	0.00045
0.426	-5E-05	-0.0003
0.427	0	0.00015
0.428	-5E-05	0.00015
0.429	-5E-05	-0.00075
0.43	-5E-05	-0.0003
0.431	0	0.00015
0.432	0	-0.0006
0.433	-5E-05	0.0003
0.434	0	-0.0003
0.435	0	-0.00045
0.436	-5E-05	-0.00015
0.437	0	-0.00045
0.438	-5E-05	-0.0003
0.439	0	0.00105
0.44	0	-0.00045
0.441	0	-0.0006
0.442	0	0.0006
0.443	5E-05	-0.00045
0.444	0	-0.00015
0.445	-5E-05	0
0.446	0	-0.00075
0.447	-5E-05	-0.00105
0.448	0	-0.00045
0.449	-5E-05	-0.00075
0.45	0	-0.00075
0.451	-5E-05	-0.0003
0.452	0	-0.00045
0.453	0	-0.0003
0.454	-5E-05	-0.0003
0.455	-5E-05	0
0.456	0	-0.0003
0.457	0	-0.0003
0.458	-5E-05	-0.00105
0.459	-5E-05	-0.0009
0.46	0	0.00015
0.461	0	-0.0015
0.462	-5E-05	-0.0003
0.463	-5E-05	-0.00045
0.464	0	-0.0009
0.465	-5E-05	-0.0006
0.466	0	-0.00075
0.467	0	-0.0009
0.468	0	0.0003
0.469	-5E-05	-0.00015
0.47	-5E-05	-0.00045
0.471	0	0
0.472	0	-0.00075
0.473	0	0
0.474	0	-0.00015
0.475	0	-0.00045
0.476	0	-0.0009
0.477	0	0.00015
0.478	0	-0.00045
0.479	0	-0.0006
0.48	0	-0.0009
0.481	-5E-05	-0.0003
0.482	0	0.00015
0.483	-5E-05	-0.00015
0.484	0	-0.00015
0.485	-5E-05	-0.00045
0.486	0	-0.0003
0.487	0	-0.00045
0.488	-5E-05	-0.00015
0.489	0	-0.0003
0.49	0	-0.0006
0.491	0	0
0.492	0	-0.0003
0.493	0	0
0.494	-5E-05	-0.00075
0.495	0	-0.0006
0.496	0	-0.00105
0.497	-5E-05	-0.00075
0.498	0	-0.00105
0.499	0	-0.0003
0.5	-5E-05	0
0.501	-5E-05	-0.0009
0.502	0	0.0003
0.503	0	0.00015
0.504	-5E-05	-0.0006
0.505	-5E-05	-0.0003
0.506	0	-0.0003
0.507	0	-0.0006
0.508	0	-0.00015
0.509	0	0.00015
0.51	0	0
0.511	0	-0.0003
0.512	0	-0.00045
0.513	0	-0.00075
0.514	-5E-05	-0.00045
0.515	0	-0.00135
0.516	0	-0.0009
0.517	-5E-05	-0.00015
0.518	-5E-05	-0.0003
0.519	-5E-05	-0.00015
0.52	-5E-05	-0.0003
0.521	0	-0.0006
0.522	0	-0.0006
0.523	-5E-05	-0.00015
0.524	0	-0.0003
0.525	0	-0.0006
0.526	-5E-05	-0.00075
0.527	0	-0.0012
0.528	0	-0.0003
0.529	-5E-05	-0.00105
0.53	-5E-05	-0.0009
0.531	-5E-05	-0.00075
0.532	0	-0.00075
0.533	-5E-05	-0.00105
0.534	0	-0.00105
0.535	-5E-05	-0.0003
0.536	0	-0.0003
0.537	-5E-05	-0.00075
0.538	0	-0.00015
0.539	0	-0.00045
0.54	-5E-05	-0.00045
0.541	0	-0.00075
0.542	0	-0.00075
0.543	-5E-05	-0.00075
0.544	-5E-05	-0.0006
0.545	-5E-05	-0.00045
0.546	-5E-05	-0.00075
0.547	0	-0.00045
0.548	-5E-05	-0.0012
0.549	-5E-05	-0.00075
0.55	0	-0.00105
0.551	0	-0.0006
0.552	0	-0.0003
0.553	0	-0.00075
0.554	0	-0.0003
0.555	-5E-05	-0.00015
0.556	0	-0.00015
0.557	-5E-05	-0.0006
0.558	-5E-05	-0.00105
0.559	0	-0.00105
0.56	0	-0.00015
0.561	0	-0.00075
0.562	0	-0.00105
0.563	0	-0.0009
0.564	0	-0.00075
0.565	0	-0.00045
0.566	-5E-05	-0.0006
0.567	0	-0.0006
0.568	0	-0.00105
0.569	-5E-05	-0.00075
0.57	0	-0.0003
0.571	0	-0.00075
0.572	0	0.00045
0.573	0	0.00015
0.574	0	-0.00045
0.575	-5E-05	-0.0006
0.576	0	-0.0009
0.577	0	-0.00045
0.578	-5E-05	0
0.579	0	-0.00045
0.58	-5E-05	-0.0012
0.581	0	-0.00015
0.582	-5E-05	0
0.583	-5E-05	-0.00015
0.584	0	-0.0003
0.585	0	-0.0009
0.586	0	-0.0003
0.587	-5E-05	-0.00015
0.588	0	-0.00045
0.589	0	0
0.59	0	0.0006
0.591	-5E-05	-0.0006
0.592	-5E-05	-0.00015
0.593	0	-0.0003
0.594	0	-0.00045
0.595	0	-0.00045
0.596	-5E-05	-0.00045
0.597	0	-0.00045
0.598	0	-0.00075
0.599	-5E-05	-0.00015
0.6	-5E-05	-0.0003
0.601	0	0.00015
0.602	0	-0.0003
0.603	0	-0.0003
0.604	0	0
0.605	0	-0.00015
0.606	0	-0.0003
0.607	0	0
0.608	-5E-05	-0.00015
0.609	-5E-05	-0.00015
0.61	0	-0.0003
0.611	-5E-05	-0.00045
0.612	0	-0.00075
0.613	-0.0001	-0.0006
0.614	0	-0.00105
0.615	0	-0.0003
0.616	0	-0.0006
0.617	-5E-05	-0.00075
0.618	0	-0.00015
0.619	-5E-05	-0.00015
0.62	0	-0.0003
0.621	-5E-05	-0.00015
0.622	0	-0.00045
0.623	0	-0.0012
0.624	-5E-05	0.00015
0.625	0	-0.00045
0.626	0	-0.0006
0.627	0	-0.0009
0.628	0	-0.00015
0.629	-5E-05	-0.0006
0.63	-5E-05	-0.0009
0.631	0	-0.0012
0.632	0	0
0.633	-5E-05	0.0003
0.634	0	-0.00075
0.635	0	-0.00075
0.636	-5E-05	-0.00045
0.637	-5E-05	-0.0003
0.638	0	-0.00015
0.639	0	-0.0003
0.64	0	-0.0003
0.641	0	-0.00045
0.642	-5E-05	-0.00015
0.643	0	-0.00015
0.644	0	0.00015
0.645	-5E-05	-0.00075
0.646	0	-0.0012
0.647	-5E-05	-0.00075
0.648	0	-0.00105
0.649	0	-0.00045
0.65	-5E-05	0
0.651	0	-0.0006
0.652	0	-0.0006
0.653	-5E-05	-0.00015
0.654	-5E-05	0.00015
0.655	-5E-05	-0.0003
0.656	-5E-05	-0.0006
0.657	5E-05	-0.0006
0.658	-5E-05	-0.00075
0.659	0	-0.00015
0.66	0	-0.00045
0.661	5E-05	-0.00015
0.662	0	-0.00045
0.663	-5E-05	-0.0009
0.664	-5E-05	-0.0006
0.665	-5E-05	-0.0003
0.666	-5E-05	-0.00135
0.667	-5E-05	-0.0009
0.668	0	-0.0003
0.669	0	-0.0012
0.67	0	0.0003
0.671	0	0
0.672	0	-0.0003
0.673	0	0
0.674	0	-0.0006
0.675	0	-0.00045
0.676	-5E-05	0
0.677	0	-0.00105
0.678	0	-0.00045
0.679	0	-0.0003
0.68	0	-0.0009
0.681	0	-0.0003
0.682	0	-0.00045
0.683	0	-0.0006
0.684	-5E-05	-0.00045
0.685	-5E-05	-0.00015
0.686	0	-0.00015
0.687	0	0.00015
0.688	-5E-05	0
0.689	0	-0.0006
0.69	-5E-05	-0.00045
0.691	0	0.00045
0.692	-5E-05	-0.00015
0.693	0	-0.0003
0.694	0	-0.00045
0.695	0	-0.0006
0.696	0	-0.00045
0.697	-5E-05	-0.00015
0.698	5E-05	-0.0003
0.699	0.00025	-0.00045
0.7	0.0006	0
0.701	0.00065	-0.0003
0.702	0.00065	0.00045
0.703	0.00075	0
0.704	0.00075	-0.0003
0.705	0.00075	-0.00045
0.706	0.0008	-0.0003
0.707	0.00085	-0.0003
0.708	0.0009	0.00015
0.709	0.00095	-0.00045
0.71	0.00095	-0.00015
0.711	0.001	-0.00045
0.712	0.00105	0
0.713	0.0011	0
0.714	0.00115	-0.0006
0.715	0.00125	-0.00045
0.716	0.0015	-0.00015
0.717	0.0019	-0.00015
0.718	0.00245	0
0.719	0.0032	0.0006
0.72	0.0041	0.00135
0.721	0.00505	0.00195
0.722	0.00605	0.0027
0.723	0.0063	0.00285
0.724	0.00685	0.00285
0.725	0.00735	0.00315
0.726	0.008	0.00315
0.727	0.0086	0.00285
0.728	0.00925	0.00255
0.729	0.01005	0.0033
0.73	0.0106	0.0036
0.731	0.0114	0.0033
0.732	0.01205	0.0036
0.733	0.01285	0.0045
0.734	0.0136	0.00495
0.735	0.01435	0.0048
0.736	0.0151	0.0051
0.737	0.0159	0.0057
0.738	0.01665	0.006
0.739	0.0174	0.00615
0.74	0.01815	0.00675
0.741	0.01895	0.00735
0.742	0.01975	0.00705
0.743	0.0206	0.00735
0.744	0.02155	0.0072
0.745	0.0225	0.00735
0.746	0.0235	0.00795
0.747	0.0244	0.0081
0.748	0.0254	0.00885
0.749	0.02635	0.00945
0.75	0.0274	0.00945
0.751	0.0284	0.01035
0.752	0.02945	0.01125
0.753	0.03045	0.01035
0.754	0.0315	0.0117
0.755	0.0325	0.01215
0.756	0.0334	0.01185
0.757	0.0345	0.0129
0.758	0.0354	0.01305
0.759	0.0364	0.01365
0.76	0.03515	0.01275
0.761	0.0351	0.01305
0.762	0.03515	0.01275
0.763	0.03525	0.0123
0.764	0.03535	0.012
0.765	0.03535	0.01245
0.766	0.0355	0.01305
0.767	0.0355	0.0123
0.768	0.03555	0.01245
0.769	0.03555	0.01275
0.77	0.0357	0.01245
0.771	0.0358	0.01275
0.772	0.03585	0.01335
0.773	0.03585	0.01305
0.774	0.03595	0.01185
0.775	0.03595	0.0135
0.776	0.036	0.01275
0.777	0.03605	0.0123
0.778	0.0361	0.0129
0.779	0.0362	0.0123
0.78	0.03635	0.0123
0.781	0.0364	0.01245
0.782	0.0365	0.01215
0.783	0.03405	0.0129
0.784	0.0336	0.01275
0.785	0.03335	0.01215
0.786	0.0332	0.0126
0.787	0.0331	0.0132
0.788	0.033	0.01245
0.789	0.03305	0.01275
0.79	0.03305	0.0129
0.791	0.033	0.01215
0.792	0.033	0.01275
0.793	0.033	0.01245
0.794	0.03305	0.0123
0.795	0.033	0.0129
0.796	0.03305	0.0129
0.797	0.03295	0.01215
0.798	0.03295	0.0117
0.799	0.033	0.01185
0.8	0.033	0.01215
0.801	0.03295	0.01305
0.802	0.03295	0.01245
0.803	0.03295	0.01215
0.804	0.03295	0.01275
0.805	0.033	0.0129
0.806	0.03305	0.0138
0.807	0.033	0.0126
0.808	0.03305	0.0126
0.809	0.0329	0.012
0.81	0.033	0.01275
0.811	0.033	0.0126
0.812	0.033	0.0126
0.813	0.033	0.0126
0.814	0.0329	0.012
0.815	0.033	0.01215
0.816	0.03295	0.01275
0.817	0.03295	0.01305
0.818	0.03295	0.0129
0.819	0.03295	0.0126
0.82	0.033	0.01275
0.821	0.03295	0.0132
0.822	0.03295	0.01365
0.823	0.03295	0.01305
0.824	0.033	0.0132
0.825	0.033	0.01275
0.826	0.03295	0.01305
0.827	0.033	0.01335
0.828	0.0329	0.0132
0.829	0.033	0.0126
0.83	0.033	0.0129
0.831	0.03295	0.0126
0.832	0.033	0.0126
0.833	0.03295	0.01335
0.834	0.033	0.01305
0.835	0.03295	0.0129
0.836	0.033	0.01335
0.837	0.033	0.0135
0.838	0.03295	0.01335
0.839	0.03295	0.0138
0.84	0.033	0.01305
0.841	0.03295	0.0132
0.842	0.03295	0.01365
0.843	0.033	0.0129
0.844	0.03295	0.01245
0.845	0.033	0.01335
0.846	0.03295	0.01275
0.847	0.03295	0.01305
0.848	0.03295	0.0132
0.849	0.03295	0.0126
0.85	0.03295	0.0132
0.851	0.03295	0.0129
0.852	0.03295	0.01275
0.853	0.03295	0.0129
0.854	0.033	0.0129
0.855	0.03295	0.01305
0.856	0.03305	0.0132
0.857	0.03295	0.0132
0.858	0.03295	0.0129
0.859	0.03295	0.01305
0.86	0.03295	0.01305
0.861	0.03295	0.0126
0.862	0.0329	0.0132
0.863	0.033	0.01275
0.864	0.03295	0.0126
0.865	0.033	0.01275
0.866	0.033	0.01275
0.867	0.0329	0.01275
0.868	0.03295	0.01275
0.869	0.03295	0.01305
0.87	0.03295	0.01275
0.871	0.033	0.0129
0.872	0.03295	0.0132
0.873	0.03295	0.01335
0.874	0.033	0.0135
0.875	0.03295	0.01245
0.876	0.03295	0.01275
0.877	0.033	0.0129
0.878	0.03295	0.01245
0.879	0.033	0.01275
0.88	0.03295	0.01275
0.881	0.033	0.01245
0.882	0.03295	0.01245
0.883	0.03295	0.0129
0.884	0.033	0.0129
0.885	0.033	0.0129
0.886	0.03295	0.01335
0.887	0.03295	0.01275
0.888	0.0329	0.01365
0.889	0.03295	0.01305
0.89	0.033	0.0132
0.891	0.03295	0.01365
0.892	0.033	0.0135
0.893	0.0329	0.0126
0.894	0.033	0.0132
0.895	0.03295	0.0129
0.896	0.03295	0.0129
0.897	0.03295	0.0129
0.898	0.0329	0.01275
0.899	0.03295	0.01245
0.9	0.0329	0.0132
0.901	0.033	0.01305
0.902	0.033	0.01365
0.903	0.0329	0.01335
0.904	0.033	0.01335
0.905	0.03295	0.01335
0.906	0.033	0.0138
0.907	0.0329	0.01305
0.908	0.03295	0.01335
0.909	0.033	0.0135
0.91	0.03295	0.01305
0.911	0.033	0.01305
0.912	0.03295	0.0132
0.913	0.03295	0.0132
0.914	0.033	0.01305
0.915	0.03295	0.0132
0.916	0.03295	0.01305
0.917	0.03295	0.0132
0.918	0.03295	0.0132
0.919	0.03305	0.01335
0.92	0.03295	0.01395
0.921	0.033	0.01335
0.922	0.03295	0.01335
0.923	0.033	0.0141
0.924	0.03295	0.01395
0.925	0.03295	0.01365
0.926	0.0329	0.01395
0.927	0.033	0.01365
0.928	0.03295	0.0132
0.929	0.03295	0.0132
0.93	0.0329	0.01305
0.931	0.03305	0.0132
0.932	0.03295	0.01335
0.933	0.03305	0.01335
0.934	0.03295	0.0132
0.935	0.0329	0.0138
0.936	0.0329	0.0135
0.937	0.03295	0.01335
0.938	0.03305	0.01365
0.939	0.0329	0.01305
0.94	0.03295	0.01365
0.941	0.03295	0.0138
0.942	0.03295	0.0135
0.943	0.033	0.0138
0.944	0.03295	0.0138
0.945	0.03295	0.01275
0.946	0.033	0.0126
0.947	0.0329	0.0132
0.948	0.0329	0.01275
0.949	0.033	0.01305
0.95	0.03295	0.0129
0.951	0.03295	0.0132
0.952	0.0329	0.0141
0.953	0.033	0.01365
0.954	0.03295	0.01305
0.955	0.033	0.0135
0.956	0.03295	0.0132
0.957	0.033	0.01335
0.958	0.03295	0.01335
0.959	0.033	0.0129
0.96	0.033	0.01275
0.961	0.03295	0.0138
0.962	0.033	0.0129
0.963	0.03295	0.01275
0.964	0.03295	0.0126
0.965	0.03295	0.0123
0.966	0.0329	0.0129
0.967	0.0329	0.0129
0.968	0.0329	0.0129
0.969	0.033	0.01305
0.97	0.033	0.01395
0.971	0.03295	0.0129
0.972	0.0329	0.01305
0.973	0.03295	0.01335
0.974	0.033	0.01335
0.975	0.03295	0.01335
0.976	0.03295	0.01245
0.977	0.033	0.01215
0.978	0.033	0.0126
0.979	0.03305	0.0135
0.98	0.033	0.01215
0.981	0.03295	0.01245
0.982	0.033	0.01245
0.983	0.033	0.01305
0.984	0.03295	0.01305
0.985	0.03295	0.0129
0.986	0.033	0.0126
0.987	0.03295	0.0126
0.988	0.03295	0.01335
0.989	0.03295	0.01275
0.99	0.03295	0.01365
0.991	0.03295	0.01275
0.992	0.0329	0.01305
0.993	0.03295	0.0129
0.994	0.0329	0.0126
0.995	0.03295	0.0123
0.996	0.03295	0.0129
0.997	0.0329	0.01215
0.998	0.03295	0.012
0.999	0.03295	0.01245
1	0.03295	0.01215
1.001	0.03295	0.01275
1.002	0.03295	0.01245
1.003	0.03295	0.01245
1.004	0.03295	0.0123
1.005	0.0329	0.01305
1.006	0.03295	0.01275
1.007	0.033	0.0129
1.008	0.033	0.01275
1.009	0.033	0.01245
1.01	0.0329	0.01275
1.011	0.03295	0.0129
1.012	0.03295	0.0126
1.013	0.03295	0.01275
1.014	0.03295	0.01185
1.015	0.03295	0.01215
1.016	0.033	0.01275
1.017	0.0329	0.0126
1.018	0.03295	0.01215
1.019	0.033	0.01275
1.02	0.03285	0.01275
1.021	0.0329	0.0129
1.022	0.033	0.01305
1.023	0.033	0.0123
1.024	0.03295	0.01305
1.025	0.03295	0.0132
1.026	0.0329	0.0126
1.027	0.03305	0.01245
1.028	0.033	0.0126
1.029	0.0329	0.0123
1.03	0.033	0.01245
1.031	0.0329	0.01305
1.032	0.03295	0.01185
1.033	0.03295	0.01275
1.034	0.03295	0.0126
1.035	0.033	0.01245
1.036	0.03295	0.01275
1.037	0.033	0.01275
1.038	0.03295	0.01275
1.039	0.033	0.0132
1.04	0.03295	0.01365
1.041	0.03295	0.0129
1.042	0.03295	0.0129
1.043	0.03295	0.01245
1.044	0.0329	0.0123
1.045	0.0329	0.0126
1.046	0.03295	0.0126
1.047	0.033	0.01245
1.048	0.0329	0.01245
1.049	0.03295	0.01215
1.05	0.03295	0.0135
1.051	0.03295	0.0129
1.052	0.033	0.0126
1.053	0.0329	0.01305
1.054	0.03295	0.0129
1.055	0.033	0.01305
1.056	0.033	0.0129
1.057	0.033	0.0129
1.058	0.03295	0.0126
1.059	0.033	0.0135
1.06	0.03295	0.0132
1.061	0.03295	0.01275
1.062	0.03295	0.01275
1.063	0.03295	0.01275
1.064	0.03295	0.0123
1.065	0.0329	0.0123
1.066	0.03295	0.0126
1.067	0.03295	0.0123
1.068	0.033	0.0132
1.069	0.0331	0.01275
1.07	0.0329	0.0129
1.071	0.03295	0.01305
1.072	0.03295	0.01305
1.073	0.03295	0.01305
1.074	0.03295	0.0132
1.075	0.033	0.01335
1.076	0.03305	0.0129
1.077	0.03295	0.0132
1.078	0.0329	0.01275
1.079	0.03295	0.01275
1.08	0.033	0.0129
1.081	0.033	0.01245
1.082	0.0329	0.01275
1.083	0.03295	0.01275
1.084	0.033	0.01215
1.085	0.03295	0.01215
1.086	0.03295	0.0126
1.087	0.03295	0.01305
1.088	0.03295	0.01305
1.089	0.03295	0.0135
1.09	0.03295	0.01305
1.091	0.03295	0.01275
1.092	0.033	0.01305
1.093	0.0329	0.01245
1.094	0.0329	0.012
1.095	0.0329	0.01275
1.096	0.03295	0.01245
1.097	0.03295	0.01245
1.098	0.03295	0.0126
1.099	0.03295	0.0123
1.1	0.03295	0.0126
1.101	0.03295	0.0129
1.102	0.0329	0.0123
1.103	0.03295	0.01245
1.104	0.03295	0.01335
1.105	0.03295	0.01305
1.106	0.03305	0.01335
1.107	0.03295	0.0135
1.108	0.033	0.0129
1.109	0.03295	0.0129
1.11	0.033	0.01305
1.111	0.0329	0.012
1.112	0.03295	0.01245
1.113	0.033	0.01245
1.114	0.03295	0.01275
1.115	0.03295	0.01305
1.116	0.03295	0.0126
1.117	0.03295	0.01275
1.118	0.03295	0.0132
1.119	0.033	0.01305
1.12	0.033	0.01215
1.121	0.03295	0.01335
1.122	0.0329	0.01305
1.123	0.033	0.01305
1.124	0.03295	0.01305
1.125	0.03295	0.01305
1.126	0.03295	0.0132
1.127	0.033	0.01275
1.128	0.0329	0.01245
1.129	0.03295	0.01245
1.13	0.033	0.0132
1.131	0.03295	0.01245
1.132	0.0329	0.0126
1.133	0.033	0.0129
1.134	0.03295	0.0126
1.135	0.033	0.0126
1.136	0.03295	0.0132
1.137	0.03295	0.0129
1.138	0.03295	0.01305
1.139	0.033	0.01365
1.14	0.03295	0.01335
1.141	0.0329	0.01335
1.142	0.03295	0.0132
1.143	0.03295	0.0129
1.144	0.033	0.01335
1.145	0.03295	0.0135
1.146	0.033	0.01245
1.147	0.0329	0.0129
1.148	0.03295	0.0126
1.149	0.0329	0.01245
1.15	0.03295	0.0132
1.151	0.03295	0.0129
1.152	0.03295	0.0129
1.153	0.03295	0.01335
1.154	0.03295	0.0135
1.155	0.033	0.01305
1.156	0.0329	0.0135
1.157	0.03295	0.01305
1.158	0.03295	0.0132
1.159	0.03295	0.0135
1.16	0.03295	0.01335
1.161	0.03295	0.01335
1.162	0.03295	0.01275
1.163	0.033	0.0123
1.164	0.03295	0.01275
1.165	0.03295	0.01305
1.166	0.0329	0.0129
1.167	0.0329	0.01305
1.168	0.0329	0.01305
1.169	0.03295	0.01335
1.17	0.03295	0.0138
1.171	0.03295	0.0135
1.172	0.03295	0.01335
1.173	0.03295	0.01365
1.174	0.03295	0.0132
1.175	0.03295	0.0135
1.176	0.03295	0.01365
1.177	0.03295	0.0132
1.178	0.0329	0.01305
1.179	0.03295	0.0132
1.18	0.033	0.0132
1.181	0.03295	0.01305
1.182	0.03295	0.01305
1.183	0.03295	0.01305
1.184	0.03295	0.0132
1.185	0.03295	0.0135
1.186	0.03295	0.01335
1.187	0.03295	0.01335
1.188	0.033	0.0141
1.189	0.0329	0.0135
1.19	0.033	0.0135
1.191	0.0329	0.0132
1.192	0.033	0.01335
1.193	0.03295	0.01335
1.194	0.0329	0.0135
1.195	0.033	0.0132
1.196	0.0329	0.01305
1.197	0.03295	0.01305
1.198	0.03295	0.0123
1.199	0.033	0.0132
1.2	0.033	0.01335
1.201	0.03295	0.01305
1.202	0.033	0.01305
1.203	0.033	0.0132
1.204	0.03295	0.0132
1.205	0.03295	0.01395
1.206	0.03295	0.01365
1.207	0.03295	0.0129
1.208	0.03295	0.01305
1.209	0.033	0.0132
1.21	0.0329	0.01395
1.211	0.03295	0.0132
1.212	0.033	0.01245
1.213	0.0329	0.01245
1.214	0.03295	0.0126
1.215	0.03295	0.01275
1.216	0.03295	0.0129
1.217	0.03295	0.0129
1.218	0.0329	0.01245
1.219	0.03295	0.01305
1.22	0.03295	0.0129
1.221	0.033	0.01335
1.222	0.03295	0.01305
1.223	0.0329	0.01305
1.224	0.03295	0.0129
1.225	0.03295	0.01245
1.226	0.03295	0.01335
1.227	0.03295	0.01245
1.228	0.033	0.01275
1.229	0.03295	0.01245
1.23	0.03295	0.01215
1.231	0.03295	0.01275
1.232	0.03295	0.0129
1.233	0.03295	0.0117
1.234	0.03295	0.01215
1.235	0.03295	0.0123
1.236	0.03295	0.01245
1.237	0.0329	0.0132
1.238	0.03295	0.0129
1.239	0.03295	0.01275
1.24	0.033	0.01335
1.241	0.03295	0.0126
1.242	0.03295	0.0123
1.243	0.03295	0.0132
1.244	0.033	0.0123
1.245	0.03295	0.01245
1.246	0.0329	0.0126
1.247	0.03295	0.01215
1.248	0.03295	0.01215
1.249	0.0329	0.0126
1.25	0.033	0.0129
1.251	0.03295	0.0129
1.252	0.033	0.0132
1.253	0.03295	0.0117
1.254	0.033	0.01305
1.255	0.0329	0.0129
1.256	0.03295	0.01305
1.257	0.033	0.0132
1.258	0.03295	0.01275
1.259	0.03305	0.0126
1.26	0.03295	0.0126
1.261	0.03295	0.0132
1.262	0.03295	0.0126
1.263	0.0329	0.0126
1.264	0.033	0.01215
1.265	0.0329	0.0123
1.266	0.03295	0.01275
1.267	0.0329	0.01275
1.268	0.033	0.01245
1.269	0.03295	0.0129
1.27	0.03295	0.0129
1.271	0.03295	0.0129
1.272	0.03295	0.01305
1.273	0.03295	0.01305
1.274	0.03295	0.01245
1.275	0.03295	0.0132
1.276	0.03295	0.01305
1.277	0.03295	0.0126
1.278	0.03295	0.01275
1.279	0.03295	0.01275
1.28	0.03295	0.01215
1.281	0.0329	0.0129
1.282	0.03295	0.01215
1.283	0.03295	0.01305
1.284	0.0329	0.0132
1.285	0.033	0.01275
1.286	0.03295	0.01335
1.287	0.0329	0.0132
1.288	0.03295	0.0129
1.289	0.033	0.0129
1.29	0.033	0.0135
1.291	0.03295	0.01305
1.292	0.03295	0.01275
1.293	0.03295	0.0126
1.294	0.03295	0.0132
1.295	0.03295	0.01215
1.296	0.03295	0.01245
1.297	0.03305	0.01275
1.298	0.0329	0.0126
1.299	0.0329	0.01275
1.3	0.03295	0.0126
1.301	0.03295	0.01305
1.302	0.03295	0.0123
1.303	0.03295	0.01215
1.304	0.03295	0.01275
1.305	0.0329	0.0132
1.306	0.033	0.01305
1.307	0.033	0.0126
1.308	0.0329	0.01275
1.309	0.033	0.01275
1.31	0.03295	0.01275
1.311	0.0329	0.0123
1.312	0.0329	0.01245
1.313	0.033	0.0123
1.314	0.03295	0.01215
1.315	0.033	0.01245
1.316	0.03295	0.01185
1.317	0.0329	0.0126
1.318	0.03295	0.01245
1.319	0.03295	0.01275
1.32	0.03295	0.0129
1.321	0.03295	0.0126
1.322	0.03295	0.01275
1.323	0.03295	0.01245
1.324	0.03295	0.01305
1.325	0.0329	0.0126
1.326	0.033	0.01305
1.327	0.0329	0.01275
1.328	0.033	0.01245
1.329	0.03295	0.0132
1.33	0.03295	0.01245
1.331	0.03295	0.0123
1.332	0.03295	0.0123
1.333	0.03295	0.0123
1.334	0.03295	0.012
1.335	0.033	0.01245
1.336	0.03295	0.01335
1.337	0.0329	0.0126
1.338	0.0329	0.0123
1.339	0.03295	0.0129
1.34	0.0329	0.0132
1.341	0.03295	0.01305
1.342	0.03295	0.01305
1.343	0.03295	0.01215
1.344	0.03295	0.01245
1.345	0.033	0.0129
1.346	0.03295	0.0126
1.347	0.033	0.01275
1.348	0.03295	0.01245
1.349	0.03295	0.0117
1.35	0.03295	0.0123
1.351	0.03295	0.0123
1.352	0.03295	0.01245
1.353	0.03285	0.01305
1.354	0.03295	0.01275
1.355	0.03295	0.0129
1.356	0.03295	0.01335
1.357	0.03295	0.0132
1.358	0.03295	0.01245
1.359	0.03295	0.0126
1.36	0.03305	0.0123
1.361	0.0329	0.01215
1.362	0.03295	0.01275
1.363	0.03295	0.0126
1.364	0.0329	0.0126
1.365	0.0329	0.0126
1.366	0.033	0.01245
1.367	0.03295	0.0126
1.368	0.033	0.0132
1.369	0.03295	0.0123
1.37	0.03295	0.0129
1.371	0.0329	0.0129
1.372	0.03295	0.0129
1.373	0.033	0.01305
1.374	0.033	0.01305
1.375	0.0329	0.01305
1.376	0.03295	0.01305
1.377	0.0329	0.01275
1.378	0.03295	0.0126
1.379	0.033	0.0126
1.38	0.03295	0.01215
1.381	0.03295	0.01215
1.382	0.0329	0.01215
1.383	0.033	0.0132
1.384	0.03295	0.0126
1.385	0.03295	0.0129
1.386	0.03295	0.0129
1.387	0.03295	0.0129
1.388	0.033	0.01335
1.389	0.03295	0.01365
1.39	0.033	0.01335
1.391	0.03295	0.0129
1.392	0.033	0.01305
1.393	0.033	0.01305
1.394	0.03295	0.0135
1.395	0.033	0.0129
1.396	0.03295	0.0126
1.397	0.03295	0.01305
1.398	0.03295	0.0126
1.399	0.03295	0.01305
1.4	0.03295	0.0126
1.401	0.0329	0.0126
1.402	0.03295	0.0129
1.403	0.03295	0.0129
1.404	0.03295	0.0126
1.405	0.033	0.0132
1.406	0.03295	0.01335
1.407	0.0329	0.01335
1.408	0.03295	
1.409	0.03295	
1.41	0.033	
1.411	0.0329	
1.412	0.033	
1.413	0.03295	
1.414	0.03295	
1.415	0.03295	
1.416	0.03295	
