MIN=0	-0.1	-0.3
MAX=3.2	0.1	0.3
SCALE=0.1	0.05	0.1
DEC=3	4	4
DEF="Time" t / s	"Current" I_A1 / A	"Voltage" U_B1 / V
0	0	0
0.001	0	-0.00045
0.002	0	0
0.003	0	0
0.004	0	0
0.005	0	0.00045
0.006	0	0
0.007	-5E-05	-0.00045
0.008	0	-0.0009
0.009	-5E-05	-0.0006
0.01	0	-0.00045
0.011	-5E-05	0
0.012	-5E-05	-0.0009
0.013	0	-0.00045
0.014	0	-0.00015
0.015	0	0.00015
0.016	-5E-05	-0.00015
0.017	0	0.00015
0.018	0	-0.00015
0.019	0	0.0003
0.02	-5E-05	0.0003
0.021	0	-0.00015
0.022	0	-0.00015
0.023	0	-0.0003
0.024	0	-0.0003
0.025	-5E-05	-0.00045
0.026	0	0.00015
0.027	0	-0.00045
0.028	0	-0.00045
0.029	0	-0.00075
0.03	0	-0.0006
0.031	0	-0.00045
0.032	0	0.0003
0.033	-5E-05	0.0003
0.034	0	-0.00015
0.035	0	-0.0003
0.036	-5E-05	-0.00045
0.037	0	0
0.038	-5E-05	-0.0003
0.039	-5E-05	-0.0006
0.04	0	0
0.041	-5E-05	0
0.042	0	-0.00045
0.043	0	-0.00045
0.044	0	-0.0003
0.045	-5E-05	-0.00105
0.046	-5E-05	-0.0003
0.047	0	-0.0003
0.048	-5E-05	-0.00045
0.049	0	0
0.05	0	-0.00045
0.051	0	-0.00045
0.052	0	0.00015
0.053	-5E-05	-0.0003
0.054	-5E-05	-0.00075
0.055	0	-0.0003
0.056	0	-0.0006
0.057	-5E-05	-0.0006
0.058	0	-0.0003
0.059	0	-0.0012
0.06	0	-0.00105
0.061	0	0.00015
0.062	0	-0.00075
0.063	0	-0.0003
0.064	0	-0.0003
0.065	0	-0.0003
0.066	0	-0.00045
0.067	0	-0.0003
0.068	-5E-05	-0.0006
0.069	0	-0.0003
0.07	-5E-05	-0.0003
0.071	0	-0.00135
0.072	0	-0.00075
0.073	-5E-05	-0.00075
0.074	0	-0.00105
0.075	-5E-05	-0.00015
0.076	0	-0.00015
0.077	0	-0.00105
0.078	0	-0.00075
0.079	0	-0.0006
0.08	0	-0.00075
0.081	0	-0.00045
0.082	0	-0.0003
0.083	-5E-05	-0.0003
0.084	0	-0.00015
0.085	0	-0.00015
0.086	0	-0.00015
0.087	-5E-05	0.0006
0.088	0	-0.00045
0.089	0	-0.0009
0.09	0	-0.00045
0.091	-5E-05	-0.0009
0.092	0	-0.0015
0.093	0	-0.00045
0.094	-5E-05	-0.00075
0.095	0	-0.00105
0.096	-5E-05	-0.00015
0.097	-5E-05	-0.00045
0.098	0	-0.00015
0.099	-5E-05	-0.00045
0.1	0	-0.00075
0.101	0	-0.00015
0.102	0	-0.0003
0.103	0	0
0.104	0	0.0003
0.105	0	-0.0006
0.106	0	-0.0012
0.107	-5E-05	-0.0003
0.108	0	-0.00075
0.109	0	-0.00135
0.11	-5E-05	-0.00075
0.111	-5E-05	-0.00075
0.112	0	-0.0006
0.113	-5E-05	-0.0009
0.114	0	-0.0006
0.115	0	-0.00045
0.116	-5E-05	-0.0003
0.117	0	-0.0003
0.118	-5E-05	0
0.119	0	-0.00045
0.12	0	-0.00135
0.121	0	-0.0006
0.122	-5E-05	-0.0006
0.123	-5E-05	-0.00135
0.124	0	-0.00105
0.125	0	-0.00045
0.126	-5E-05	-0.00075
0.127	0	-0.00075
0.128	0	-0.0009
0.129	-5E-05	-0.00075
0.13	0	-0.0003
0.131	-5E-05	-0.0009
0.132	0	-0.0009
0.133	0	-0.0003
0.134	0	-0.00075
0.135	-5E-05	-0.00075
0.136	-5E-05	-0.00045
0.137	0	-0.00075
0.138	0	-0.0012
0.139	-5E-05	-0.0006
0.14	0	-0.00075
0.141	0	-0.0009
0.142	-5E-05	-0.00075
0.143	0	-0.0006
0.144	-5E-05	-0.0009
0.145	0	-0.00015
0.146	0	-0.00045
0.147	-5E-05	-0.0009
0.148	0	-0.0006
0.149	0	-0.0009
0.15	0	-0.0006
0.151	0	-0.0003
0.152	0	-0.0009
0.153	0	-0.0009
0.154	0	-0.00015
0.155	-5E-05	-0.00135
0.156	-5E-05	-0.00075
0.157	-5E-05	-0.0006
0.158	0	-0.00105
0.159	0	-0.00105
0.16	-5E-05	-0.00105
0.161	-5E-05	-0.00135
0.162	0	-0.0006
0.163	0	-0.0006
0.164	-5E-05	-0.0006
0.165	0	-0.00075
0.166	5E-05	-0.00015
0.167	0	0
0.168	0	0.00015
0.169	0	-0.0009
0.17	0	-0.0012
0.171	0	-0.00045
0.172	0	0.00015
0.173	0	-0.00015
0.174	-5E-05	-0.00105
0.175	0	-0.0009
0.176	0	-0.00075
0.177	0	-0.00015
0.178	-5E-05	-0.00105
0.179	0	-0.0012
0.18	0	0
0.181	-5E-05	-0.00015
0.182	0	-0.00015
0.183	-5E-05	0
0.184	-5E-05	0.00015
0.185	0	-0.00015
0.186	0	0.0003
0.187	0	-0.0003
0.188	5E-05	-0.0003
0.189	0	-0.00015
0.19	0	-0.00015
0.191	0	-0.0003
0.192	0	-0.0006
0.193	0	-0.00045
0.194	0	0
0.195	0	0.00045
0.196	0	-0.0012
0.197	-5E-05	-0.0006
0.198	0	0
0.199	0	0.0003
0.2	-5E-05	0
0.201	0	0.00015
0.202	-5E-05	-0.0003
0.203	0	-0.00045
0.204	0	-0.00015
0.205	0	-0.00045
0.206	0	0.00015
0.207	0	-0.0009
0.208	0	0
0.209	0	0
0.21	0	-0.00015
0.211	-5E-05	-0.00045
0.212	0	-0.0003
0.213	-5E-05	-0.0003
0.214	0	-0.00075
0.215	0	-0.00015
0.216	-5E-05	-0.0003
0.217	0	-0.00045
0.218	0	-0.00045
0.219	0	0
0.22	0	0.00015
0.221	0	-0.00075
0.222	-5E-05	-0.00045
0.223	-5E-05	-0.0006
0.224	0	-0.0006
0.225	0	-0.00105
0.226	0	0
0.227	0	0.0003
0.228	-5E-05	-0.00105
0.229	-5E-05	0
0.23	0	-0.0003
0.231	0	-0.00075
0.232	-5E-05	-0.0006
0.233	0	-0.00045
0.234	-5E-05	-0.0006
0.235	0	-0.0003
0.236	0	-0.00015
0.237	0	0
0.238	0	-0.00015
0.239	-5E-05	-0.0018
0.24	0	-0.0006
0.241	-5E-05	-0.0006
0.242	0	-0.00135
0.243	0	-0.0009
0.244	-5E-05	-0.00075
0.245	0	-0.0009
0.246	-5E-05	-0.00075
0.247	0	-0.0006
0.248	-5E-05	-0.0006
0.249	0	-0.0003
0.25	0	-0.0003
0.251	0	-0.0006
0.252	0	-0.00015
0.253	0	-0.00075
0.254	0	-0.0009
0.255	-5E-05	-0.00075
0.256	-5E-05	-0.0012
0.257	-5E-05	-0.00135
0.258	-5E-05	-0.0003
0.259	0	-0.00135
0.26	0	-0.0012
0.261	0	-0.0009
0.262	0	-0.00075
0.263	0	-0.00135
0.264	0	-0.0006
0.265	0	-0.00075
0.266	0	-0.00105
0.267	-5E-05	-0.00015
0.268	0	-0.0012
0.269	-5E-05	-0.0006
0.27	-5E-05	-0.0006
0.271	0	-0.00045
0.272	0	-0.0009
0.273	0	-0.00075
0.274	-5E-05	-0.0009
0.275	0	-0.00045
0.276	0	0.0003
0.277	0	-0.00075
0.278	0	-0.0006
0.279	0	-0.0012
0.28	0	-0.0006
0.281	0	0.0003
0.282	0	0.0003
0.283	0	-0.0006
0.284	-5E-05	-0.0003
0.285	0	-0.0003
0.286	0	-0.00015
0.287	0	0.00075
0.288	0	-0.00015
0.289	0	-0.00075
0.29	0	-0.0003
0.291	0	-0.00015
0.292	0	0.00015
0.293	0	0.0003
0.294	0	-0.00105
0.295	0	-0.00075
0.296	0	0.00015
0.297	-5E-05	0
0.298	0	0
0.299	0	0.00015
0.3	-5E-05	0.00015
0.301	0	0.00015
0.302	0	0.0006
0.303	-5E-05	-0.0006
0.304	-5E-05	0.0006
0.305	0	0.00015
0.306	0	-0.00015
0.307	0	0.00015
0.308	0	-0.0003
0.309	0	-0.00015
0.31	0	-0.0003
0.311	0	-0.00015
0.312	0	-0.0003
0.313	0	0.0003
0.314	-5E-05	0.0003
0.315	0	0.00015
0.316	0	0.0006
0.317	0	0.0003
0.318	-5E-05	-0.00015
0.319	0	0.00045
0.32	0	-0.00015
0.321	0	0
0.322	-5E-05	0.00015
0.323	0	-0.00015
0.324	0	-0.0003
0.325	-5E-05	0.00015
0.326	0	-0.0003
0.327	-5E-05	0.00015
0.328	0	0
0.329	0	-0.0006
0.33	0	-0.0006
0.331	0	0
0.332	0	-0.00045
0.333	0	-0.00015
0.334	0	0
0.335	0	-0.00015
0.336	-5E-05	-0.0003
0.337	0	-0.00015
0.338	0	0.00015
0.339	-5E-05	-0.0003
0.34	0	-0.0006
0.341	-5E-05	-0.00075
0.342	0	-0.00045
0.343	0	-0.00045
0.344	0	-0.00075
0.345	0	-0.0003
0.346	0	0
0.347	0	-0.0003
0.348	-5E-05	-0.00015
0.349	0	0
0.35	-5E-05	-0.00015
0.351	0	0.00015
0.352	0	-0.0003
0.353	0	-0.00045
0.354	0	0.00015
0.355	-5E-05	0.00015
0.356	0	0.00045
0.357	0	-0.0003
0.358	0	-0.00075
0.359	0	-0.00045
0.36	-5E-05	-0.00075
0.361	0	-0.0006
0.362	0	-0.00045
0.363	0	-0.0003
0.364	0	-0.0003
0.365	5E-05	-0.0006
0.366	0	0
0.367	0	0.00015
0.368	-5E-05	-0.00015
0.369	-5E-05	-0.00015
0.37	0	-0.00045
0.371	-5E-05	-0.0003
0.372	0	-0.00015
0.373	0	-0.00045
0.374	0	-0.0003
0.375	0	-0.00075
0.376	0	-0.0006
0.377	0	0.00015
0.378	0	-0.0003
0.379	0	-0.00045
0.38	-5E-05	-0.0003
0.381	0	-0.0003
0.382	0	-0.00015
0.383	-5E-05	-0.0006
0.384	0	-0.00015
0.385	0	0.00045
0.386	0	0.0003
0.387	0	0.00015
0.388	0	-0.0003
0.389	0	-0.0003
0.39	0	-0.0006
0.391	0	-0.0003
0.392	0	-0.0009
0.393	-5E-05	-0.0009
0.394	0	-0.0006
0.395	0	-0.0003
0.396	0	-0.0003
0.397	-5E-05	0
0.398	0	-0.0003
0.399	-5E-05	-0.00045
0.4	0	-0.0003
0.401	0	-0.0003
0.402	-5E-05	-0.00015
0.403	0	0
0.404	0	-0.0003
0.405	0	-0.00015
0.406	-5E-05	-0.00045
0.407	0	-0.0006
0.408	0	-0.0006
0.409	-5E-05	-0.00075
0.41	-5E-05	-0.0012
0.411	-5E-05	-0.00045
0.412	0	-0.00015
0.413	-5E-05	-0.0003
0.414	-5E-05	0
0.415	0	-0.00045
0.416	0	-0.00015
0.417	0	-0.00015
0.418	0	-0.00045
0.419	-5E-05	-0.0009
0.42	0	-0.0003
0.421	0	-0.0006
0.422	0	-0.00045
0.423	-5E-05	-0.00045
0.424	0	-0.0003
0.425	-5E-05	-0.0006
0.426	-5E-05	-0.0003
0.427	-5E-05	-0.0003
0.428	0	-0.0006
0.429	-5E-05	-0.00075
0.43	-5E-05	-0.00075
0.431	0	-0.0009
0.432	0	-0.0003
0.433	0	-0.00015
0.434	-5E-05	-0.00015
0.435	0	-0.00015
0.436	0	-0.0006
0.437	0	-0.0006
0.438	0	-0.0006
0.439	-5E-05	-0.00105
0.44	0	-0.00075
0.441	0	-0.00105
0.442	-5E-05	-0.00105
0.443	0	-0.0003
0.444	-5E-05	-0.0003
0.445	0	-0.00075
0.446	0	-0.0006
0.447	0	-0.0009
0.448	0	-0.00075
0.449	0	-0.00045
0.45	0	-0.00045
0.451	0	-0.0003
0.452	-5E-05	-0.0009
0.453	0	-0.00015
0.454	0	-0.00075
0.455	-5E-05	-0.0003
0.456	0	-0.00075
0.457	0	-0.00075
0.458	-5E-05	-0.00075
0.459	0	-0.00075
0.46	0	-0.00075
0.461	0	-0.00075
0.462	0	-0.0009
0.463	0	-0.00105
0.464	0	-0.00015
0.465	0	-0.0006
0.466	0	-0.00075
0.467	0	-0.00045
0.468	0	-0.00015
0.469	0	-0.0003
0.47	-5E-05	-0.0003
0.471	-5E-05	-0.00075
0.472	-5E-05	-0.0009
0.473	0	-0.0009
0.474	0	-0.0012
0.475	0	-0.00075
0.476	0	-0.00075
0.477	0	-0.0006
0.478	0	-0.00075
0.479	-5E-05	-0.00075
0.48	0	-0.00075
0.481	-5E-05	-0.0006
0.482	0	-0.0003
0.483	0	-0.00075
0.484	-5E-05	-0.00045
0.485	0	-0.00045
0.486	0	-0.00045
0.487	0	-0.00045
0.488	0	-0.00075
0.489	0	-0.0009
0.49	0	-0.0006
0.491	0	-0.0012
0.492	0	-0.0009
0.493	0	-0.00075
0.494	0	-0.0006
0.495	0	-0.0006
0.496	0	-0.00075
0.497	0	-0.0009
0.498	0	-0.0003
0.499	0	-0.0003
0.5	0	-0.00045
0.501	0	-0.00045
0.502	-5E-05	-0.00045
0.503	0	-0.0003
0.504	0	0
0.505	0	-0.00045
0.506	0	-0.00045
0.507	0	-0.00015
0.508	0	-0.00075
0.509	-5E-05	-0.00105
0.51	0	-0.00075
0.511	0	-0.00075
0.512	-5E-05	-0.00105
0.513	-5E-05	-0.0003
0.514	-5E-05	-0.00075
0.515	0	-0.00045
0.516	-5E-05	-0.00015
0.517	0	-0.0003
0.518	-5E-05	-0.00045
0.519	0	-0.0003
0.52	0	-0.0009
0.521	0	-0.00015
0.522	0	-0.0006
0.523	0	-0.0009
0.524	5E-05	-0.0006
0.525	0	-0.0006
0.526	-5E-05	-0.0006
0.527	0	-0.00045
0.528	0	-0.00045
0.529	0	-0.00075
0.53	0	-0.00045
0.531	0	-0.00045
0.532	0	-0.0006
0.533	5E-05	0
0.534	5E-05	-0.00045
0.535	0	-0.00045
0.536	-5E-05	0
0.537	0	-0.0003
0.538	0	-0.00015
0.539	-5E-05	-0.0006
0.54	0	-0.00075
0.541	-5E-05	-0.00105
0.542	0	-0.0003
0.543	0	-0.0012
0.544	-5E-05	-0.00075
0.545	-5E-05	-0.00045
0.546	0	-0.0009
0.547	0	-0.0003
0.548	0	-0.00015
0.549	0	-0.00045
0.55	0	-0.0006
0.551	0	-0.0003
0.552	-5E-05	-0.00045
0.553	-5E-05	-0.0006
0.554	0	-0.00015
0.555	0	-0.0009
0.556	0	-0.00015
0.557	0	-0.00075
0.558	0	-0.00075
0.559	0	-0.0009
0.56	0	-0.0003
0.561	-5E-05	-0.0009
0.562	0	-0.0006
0.563	0	0
0.564	0	0
0.565	-5E-05	0.00015
0.566	0	-0.00045
0.567	0	-0.00045
0.568	-5E-05	-0.0003
0.569	0	-0.00015
0.57	0	-0.0006
0.571	0	-0.00015
0.572	0	-0.0006
0.573	-5E-05	-0.00015
0.574	0	-0.00015
0.575	0	-0.0009
0.576	0	-0.00075
0.577	0	-0.00045
0.578	0	-0.00015
0.579	0	-0.0003
0.58	-5E-05	-0.00015
0.581	-5E-05	-0.0006
0.582	-5E-05	-0.0003
0.583	0	-0.00015
0.584	-5E-05	-0.0003
0.585	0	-0.00015
0.586	-5E-05	0
0.587	0	0.00015
0.588	0	-0.00045
0.589	0	-0.00015
0.59	0	-0.00075
0.591	-5E-05	-0.00015
0.592	0	-0.0006
0.593	0	-0.0006
0.594	-5E-05	-0.00045
0.595	0	-0.00045
0.596	0	-0.00015
0.597	0	0
0.598	0	-0.00045
0.599	0	-0.00045
0.6	-5E-05	0.00045
0.601	0	-0.00015
0.602	-5E-05	0.00015
0.603	-5E-05	-0.00015
0.604	0	-0.00015
0.605	0	-0.00045
0.606	5E-05	-0.0003
0.607	-5E-05	-0.0006
0.608	-5E-05	-0.00015
0.609	-5E-05	-0.00045
0.61	-5E-05	-0.00075
0.611	-5E-05	-0.0003
0.612	0	-0.00075
0.613	0	-0.00045
0.614	0	-0.00045
0.615	0	-0.00015
0.616	0	-0.0003
0.617	0	0
0.618	-5E-05	-0.00015
0.619	0	0
0.62	-5E-05	0
0.621	-5E-05	-0.00045
0.622	0	-0.0006
0.623	-5E-05	-0.00075
0.624	0	-0.00045
0.625	0	-0.00075
0.626	0	0
0.627	0	-0.00075
0.628	0	-0.00045
0.629	0	-0.00015
0.63	0	-0.0003
0.631	0	-0.00015
0.632	0	-0.0003
0.633	0	-0.00045
0.634	0	-0.00015
0.635	0	0.00045
0.636	-5E-05	-0.00045
0.637	0	0.0003
0.638	-5E-05	-0.00045
0.639	0	-0.00045
0.64	0	-0.00015
0.641	-5E-05	-0.0003
0.642	0	-0.00045
0.643	0	0
0.644	0	0
0.645	0	-0.0003
0.646	-5E-05	0
0.647	0	0
0.648	0	-0.00045
0.649	-5E-05	0
0.65	0	0.0003
0.651	-5E-05	0
0.652	0	0.00045
0.653	0	0
0.654	0	0.0003
0.655	-5E-05	0.0006
0.656	0	-0.00015
0.657	-5E-05	-0.0003
0.658	0	0.0003
0.659	0	-0.00045
0.66	0	-0.0006
0.661	0	0
0.662	-5E-05	-0.0006
0.663	0	0
0.664	-5E-05	0.0006
0.665	-5E-05	0
0.666	0	-0.00015
0.667	0	0.00015
0.668	0	-0.0003
0.669	0	-0.00015
0.67	0	0.00045
0.671	-5E-05	-0.00045
0.672	0	-0.0003
0.673	0	-0.0003
0.674	0	-0.00075
0.675	0	0.0003
0.676	0	-0.00075
0.677	0	-0.0012
0.678	-5E-05	-0.00015
0.679	0	-0.0003
0.68	0	-0.0003
0.681	0	0.00045
0.682	-5E-05	-0.0003
0.683	-5E-05	-0.00075
0.684	0	-0.0003
0.685	0	-0.00075
0.686	0	0.00045
0.687	-5E-05	-0.0003
0.688	5E-05	-0.00075
0.689	0	-0.0009
0.69	0	-0.0006
0.691	-5E-05	-0.0006
0.692	-5E-05	-0.00135
0.693	0	-0.0009
0.694	-5E-05	-0.0015
0.695	-5E-05	-0.00165
0.696	0	0.00015
0.697	-5E-05	-0.00045
0.698	0	-0.0006
0.699	-5E-05	-0.0003
0.7	0	-0.0009
0.701	0	-0.0006
0.702	-5E-05	-0.00045
0.703	0	-0.0018
0.704	0	-0.0012
0.705	0	-0.00075
0.706	-5E-05	-0.0012
0.707	0	-0.00075
0.708	0	-0.00075
0.709	0	-0.00075
0.71	0	-0.00045
0.711	-5E-05	-0.0009
0.712	-5E-05	-0.00165
0.713	0	-0.00045
0.714	0	-0.00075
0.715	0	-0.00075
0.716	-5E-05	-0.00015
0.717	0	-0.0003
0.718	-5E-05	-0.0009
0.719	0	-0.00045
0.72	-5E-05	-0.00045
0.721	0	-0.0009
0.722	-5E-05	-0.00075
0.723	-5E-05	-0.00135
0.724	0	-0.0009
0.725	-5E-05	-0.00075
0.726	0	-0.00075
0.727	-5E-05	-0.0006
0.728	0	-0.00045
0.729	0	-0.00045
0.73	0	-0.00105
0.731	-5E-05	-0.0006
0.732	-5E-05	-0.0009
0.733	0	-0.0006
0.734	-5E-05	-0.0003
0.735	0	-0.00045
0.736	0	-0.00015
0.737	0	-0.0003
0.738	-5E-05	0
0.739	0	-0.00135
0.74	0	-0.00015
0.741	-5E-05	-0.0012
0.742	0	-0.0006
0.743	0	-0.0012
0.744	0	-0.00075
0.745	0	-0.00075
0.746	0	-0.0003
0.747	0	-0.00045
0.748	-5E-05	-0.00015
0.749	0	-0.00075
0.75	0	-0.0009
0.751	0	0
0.752	-5E-05	-0.0009
0.753	-5E-05	-0.00075
0.754	0	-0.0003
0.755	0	-0.00015
0.756	-5E-05	-0.00075
0.757	-5E-05	-0.00075
0.758	0	-0.00135
0.759	0	-0.00075
0.76	-5E-05	-0.00135
0.761	0	-0.0018
0.762	0	-0.00045
0.763	0	-0.0009
0.764	0	-0.0006
0.765	-5E-05	-0.00075
0.766	0	-0.0003
0.767	0	-0.0006
0.768	0	-0.00075
0.769	0	-0.00105
0.77	0	-0.00135
0.771	0	-0.00075
0.772	0	-0.00165
0.773	0	-0.0009
0.774	-5E-05	-0.0012
0.775	-5E-05	-0.0012
0.776	0	-0.00135
0.777	0	-0.0009
0.778	-5E-05	-0.0015
0.779	0	-0.0015
0.78	-5E-05	-0.00075
0.781	0	-0.00135
0.782	0	-0.0009
0.783	0	-0.00015
0.784	0	-0.00075
0.785	0	-0.0009
0.786	-5E-05	-0.00105
0.787	0	-0.0012
0.788	0	-0.00105
0.789	0	-0.00105
0.79	0	-0.00135
0.791	-5E-05	-0.0006
0.792	0	-0.00105
0.793	-5E-05	-0.0015
0.794	-5E-05	-0.00045
0.795	-5E-05	-0.0012
0.796	-5E-05	-0.00105
0.797	0	-0.0009
0.798	0	-0.00105
0.799	0	-0.00075
0.8	0	-0.00015
0.801	0	-0.00015
0.802	0	-0.00135
0.803	0	-0.0015
0.804	0	-0.0015
0.805	0	-0.00015
0.806	0	-0.0006
0.807	0	-0.00135
0.808	0	-0.0009
0.809	-5E-05	-0.0003
0.81	0	-0.0009
0.811	-5E-05	-0.00135
0.812	0	-0.00105
0.813	0	-0.00045
0.814	0	-0.0003
0.815	0	-0.00075
0.816	0	-0.00075
0.817	0	-0.0003
0.818	0	0.0003
0.819	0	-0.0003
0.82	-5E-05	-0.0006
0.821	0	-0.00045
0.822	0	-0.00015
0.823	0	-0.0006
0.824	0	-0.00105
0.825	-5E-05	-0.00135
0.826	0	-0.00015
0.827	0	-0.0003
0.828	0	-0.0003
0.829	-5E-05	-0.00075
0.83	-5E-05	-0.00075
0.831	0	-0.00015
0.832	-5E-05	0.00015
0.833	0	-0.00015
0.834	0	-0.00045
0.835	-5E-05	0
0.836	0	0.00015
0.837	0	0.00075
0.838	0	-0.0003
0.839	0	-0.0003
0.84	0	-0.0006
0.841	0	-0.0003
0.842	0	-0.00015
0.843	0	0.0003
0.844	0	-0.0003
0.845	0	-0.0009
0.846	0	-0.00045
0.847	0	0.00015
0.848	0	0.0003
0.849	-5E-05	0
0.85	-5E-05	0.00015
0.851	0	0
0.852	0	-0.00015
0.853	0	-0.00015
0.854	0	-0.00015
0.855	-5E-05	0.00015
0.856	0	0.00015
0.857	-5E-05	-0.0006
0.858	0	-0.0006
0.859	0	0
0.86	0	0
0.861	0	0
0.862	-5E-05	-0.0006
0.863	0	-0.00045
0.864	0	0.0006
0.865	0	0
0.866	0	-0.0003
0.867	-5E-05	0
0.868	0	-0.0003
0.869	0	0
0.87	0	-0.00015
0.871	0	-0.00015
0.872	0	-0.00015
0.873	0	0
0.874	0	-0.0003
0.875	-5E-05	-0.00045
0.876	0	-0.00075
0.877	0	-0.0006
0.878	-5E-05	0
0.879	0	-0.00045
0.88	-5E-05	-0.0003
0.881	0	-0.00015
0.882	0	-0.0003
0.883	0	-0.00015
0.884	0	0.0003
0.885	0	0.0003
0.886	0	-0.0003
0.887	-5E-05	-0.00015
0.888	0	-0.0003
0.889	0	-0.00045
0.89	-5E-05	-0.0003
0.891	0	0
0.892	0	-0.0006
0.893	0	-0.00015
0.894	-5E-05	-0.0006
0.895	0	-0.00015
0.896	0	-0.00015
0.897	0	-0.0006
0.898	0	0
0.899	-5E-05	0
0.9	0	-0.0009
0.901	0	-0.0003
0.902	0	0.0003
0.903	0	-0.0006
0.904	0	0
0.905	0	-0.0006
0.906	0	-0.00015
0.907	-5E-05	-0.0006
0.908	-5E-05	-0.0009
0.909	0	-0.0006
0.91	0	-0.00015
0.911	-5E-05	-0.00075
0.912	-5E-05	-0.0012
0.913	0	-0.00015
0.914	0	-0.0003
0.915	0	0
0.916	-5E-05	-0.0003
0.917	-5E-05	-0.0003
0.918	0	-0.00045
0.919	0	-0.0003
0.92	0	0
0.921	0	-0.00015
0.922	-5E-05	-0.0003
0.923	-5E-05	-0.0009
0.924	-5E-05	-0.0003
0.925	0	-0.00075
0.926	0	-0.0006
0.927	0	-0.00015
0.928	0	-0.0006
0.929	0	-0.00105
0.93	0	0
0.931	-5E-05	0
0.932	0	-0.00045
0.933	-5E-05	0.00015
0.934	0	-0.0003
0.935	0	-0.00045
0.936	-5E-05	0
0.937	0	0
0.938	-5E-05	-0.00045
0.939	-5E-05	0
0.94	0	-0.00015
0.941	0	-0.00045
0.942	-5E-05	-0.00015
0.943	0	-0.00075
0.944	0	-0.00075
0.945	0	0.00015
0.946	0	-0.00075
0.947	0	0
0.948	0	0.00045
0.949	-5E-05	-0.0006
0.95	0	-0.00045
0.951	0	0.00015
0.952	-5E-05	-0.0003
0.953	-5E-05	0
0.954	0	-0.0003
0.955	0	-0.0009
0.956	0	0.0003
0.957	0	0.00015
0.958	-5E-05	-0.00045
0.959	0	-0.00075
0.96	-5E-05	-0.00075
0.961	-5E-05	-0.0009
0.962	-5E-05	-0.00015
0.963	-5E-05	-0.0003
0.964	0	-0.0006
0.965	-5E-05	-0.0003
0.966	-5E-05	-0.00075
0.967	-5E-05	-0.00015
0.968	0	0
0.969	0	0.00015
0.97	-5E-05	-0.00075
0.971	0	-0.00045
0.972	0	-0.00045
0.973	0	-0.00045
0.974	-5E-05	-0.0003
0.975	0	-0.0006
0.976	0	-0.0009
0.977	0	-0.00015
0.978	-5E-05	-0.00075
0.979	0	-0.00075
0.98	0	-0.00015
0.981	-5E-05	-0.00075
0.982	0	-0.0006
0.983	0	0
0.984	0	0
0.985	0	0
0.986	-5E-05	-0.00075
0.987	0	-0.0006
0.988	0	-0.00015
0.989	0	-0.0006
0.99	0	-0.00045
0.991	0	-0.0006
0.992	0	-0.0009
0.993	0	-0.0003
0.994	-5E-05	-0.00075
0.995	-5E-05	-0.00075
0.996	0	-0.00045
0.997	0	-0.0012
0.998	0	-0.00075
0.999	-5E-05	0.00015
1	0	-0.00015
1.001	0	-0.00015
1.002	0	0.00015
1.003	-5E-05	-0.0006
1.004	-5E-05	-0.0006
1.005	-5E-05	-0.00045
1.006	0	-0.00075
1.007	-5E-05	-0.0009
1.008	0	-0.0012
1.009	0	-0.00075
1.01	0	0
1.011	0	-0.00015
1.012	0	-0.0012
1.013	-5E-05	-0.0012
1.014	0	-0.0006
1.015	0	-0.0006
1.016	0	-0.00045
1.017	0	-0.0003
1.018	-5E-05	-0.0003
1.019	0	-0.0006
1.02	-5E-05	-0.0009
1.021	0	-0.0003
1.022	-5E-05	-0.00045
1.023	-5E-05	-0.0006
1.024	0	-0.00075
1.025	0	-0.0009
1.026	0	-0.0009
1.027	-5E-05	-0.00075
1.028	0	-0.00045
1.029	0	-0.00015
1.03	0	-0.0009
1.031	0	-0.00045
1.032	0	0.0003
1.033	-5E-05	-0.00075
1.034	-5E-05	-0.00045
1.035	0	-0.0003
1.036	0	-0.0009
1.037	-5E-05	-0.0003
1.038	0	-0.0003
1.039	-5E-05	-0.0003
1.04	0	-0.00045
1.041	-5E-05	-0.0006
1.042	0	-0.0006
1.043	0	-0.00075
1.044	-5E-05	-0.0006
1.045	0	-0.00075
1.046	-5E-05	-0.0003
1.047	0	-0.0003
1.048	0	0.00015
1.049	-5E-05	0.00015
1.05	0	-0.00015
1.051	0	-0.0006
1.052	0	-0.0006
1.053	0	0.0006
1.054	-5E-05	-0.00075
1.055	-5E-05	-0.0003
1.056	-5E-05	-0.0006
1.057	0	-0.0003
1.058	0	0.00015
1.059	0	-0.00045
1.06	-5E-05	-0.0003
1.061	0	-0.00045
1.062	-5E-05	-0.00105
1.063	0	-0.00045
1.064	0	-0.0003
1.065	-5E-05	-0.0003
1.066	0	-0.0003
1.067	0	0.00015
1.068	0	-0.00015
1.069	-5E-05	0
1.07	0	-0.00015
1.071	-5E-05	-0.00015
1.072	0	-0.00015
1.073	-5E-05	-0.00015
1.074	0	-0.0009
1.075	0	-0.0006
1.076	0	-0.00045
1.077	0	-0.0003
1.078	-5E-05	0
1.079	0	-0.0003
1.08	0	-0.0006
1.081	-5E-05	0
1.082	0	0
1.083	0	-0.0003
1.084	-5E-05	0.0003
1.085	0	-0.00105
1.086	0	0
1.087	0	0.0003
1.088	0	-0.00015
1.089	0	0
1.09	0	-0.0006
1.091	0	-0.00075
1.092	0	-0.0006
1.093	0	0
1.094	0	-0.0003
1.095	0	-0.00075
1.096	0	-0.0009
1.097	-5E-05	-0.00075
1.098	-5E-05	-0.0003
1.099	0	0.00015
1.1	0	-0.00075
1.101	0	-0.0006
1.102	-5E-05	-0.00015
1.103	-5E-05	-0.00075
1.104	5E-05	-0.00015
1.105	0	-0.00075
1.106	0	-0.0015
1.107	0	-0.00105
1.108	-5E-05	-0.00075
1.109	0	-0.00105
1.11	-5E-05	-0.00105
1.111	0	-0.00135
1.112	0	-0.00135
1.113	-5E-05	-0.00105
1.114	0	-0.00075
1.115	0	-0.00075
1.116	0	-0.00075
1.117	0	-0.00075
1.118	0	-0.00045
1.119	0	-0.0003
1.12	0	-0.00075
1.121	0	-0.0012
1.122	-5E-05	-0.0006
1.123	0	-0.00105
1.124	0	-0.00105
1.125	0	-0.00075
1.126	-5E-05	-0.0012
1.127	-5E-05	-0.00105
1.128	0	-0.00075
1.129	-5E-05	-0.0009
1.13	0	-0.00105
1.131	0	-0.00075
1.132	0	-0.00045
1.133	0	-0.00015
1.134	-5E-05	-0.0003
1.135	0	-0.0009
1.136	0	-0.0006
1.137	0	-0.0006
1.138	0	-0.0006
1.139	0	-0.0006
1.14	0	-0.0009
1.141	-5E-05	-0.00105
1.142	-5E-05	-0.0006
1.143	-5E-05	-0.0003
1.144	0	-0.00045
1.145	0	-0.00015
1.146	0	-0.0009
1.147	0	-0.00015
1.148	-5E-05	0
1.149	0	-0.0006
1.15	0	-0.0003
1.151	0	0.00015
1.152	-5E-05	-0.0006
1.153	0	-0.00015
1.154	0	0.0003
1.155	-5E-05	-0.00045
1.156	0	-0.0003
1.157	0	-0.00045
1.158	0	-0.0006
1.159	-5E-05	-0.0006
1.16	0	-0.00045
1.161	0	-0.00015
1.162	0	-0.00015
1.163	0	-0.00045
1.164	0	-0.0006
1.165	0	-0.00015
1.166	0	-0.00015
1.167	0	-0.00045
1.168	-5E-05	0.00045
1.169	0	-0.00015
1.17	0	-0.00045
1.171	-5E-05	0.00045
1.172	0	0
1.173	0	-0.00045
1.174	0	-0.0006
1.175	0	-0.00075
1.176	0	-0.00075
1.177	0	-0.00045
1.178	0	-0.00015
1.179	0	0
1.18	-5E-05	0.00015
1.181	0	-0.0006
1.182	-5E-05	-0.00015
1.183	0	-0.00015
1.184	0	-0.0006
1.185	0	0
1.186	0	-0.00045
1.187	-5E-05	-0.00015
1.188	0	-0.0003
1.189	-5E-05	0
1.19	-5E-05	-0.00045
1.191	-5E-05	-0.0009
1.192	0	-0.00075
1.193	0	-0.0003
1.194	-5E-05	-0.00045
1.195	-5E-05	-0.00045
1.196	0	-0.0009
1.197	0	0
1.198	0	-0.0003
1.199	0	-0.00075
1.2	-5E-05	-0.0003
1.201	-5E-05	0
1.202	0	-0.0006
1.203	0	-0.0003
1.204	-5E-05	-0.00105
1.205	-5E-05	-0.0009
1.206	0	0
1.207	0	-0.00075
1.208	0	-0.00105
1.209	-5E-05	-0.00075
1.21	0	-0.0009
1.211	0	-0.0006
1.212	-5E-05	-0.0006
1.213	-5E-05	-0.0012
1.214	0	-0.00075
1.215	0	0
1.216	-5E-05	-0.00075
1.217	0	-0.00075
1.218	0	-0.00015
1.219	0	-0.00045
1.22	0	-0.0006
1.221	0	-0.0012
1.222	0	-0.0012
1.223	0	-0.0006
1.224	0	-0.00015
1.225	-5E-05	-0.00105
1.226	0	-0.00105
1.227	0	-0.00105
1.228	0	-0.0006
1.229	-5E-05	-0.00075
1.23	0	-0.0009
1.231	0	-0.0012
1.232	-5E-05	-0.00045
1.233	0	-0.0003
1.234	0	-0.0006
1.235	0	0
1.236	0	-0.0009
1.237	0	-0.0006
1.238	-5E-05	-0.0006
1.239	0	-0.0009
1.24	0	-0.0009
1.241	0	-0.0003
1.242	-5E-05	-0.0009
1.243	-5E-05	-0.0009
1.244	0	-0.00045
1.245	-5E-05	-0.0009
1.246	-5E-05	-0.0009
1.247	0	-0.0006
1.248	-5E-05	-0.00075
1.249	0	-0.00045
1.25	-5E-05	-0.00015
1.251	0	-0.0006
1.252	0	0
1.253	0	-0.0006
1.254	0	-0.0009
1.255	-5E-05	-0.0003
1.256	0	-0.00045
1.257	0	-0.00075
1.258	0	-0.0006
1.259	-5E-05	-0.0012
1.26	-5E-05	-0.00075
1.261	0	-0.00045
1.262	0	-0.00075
1.263	0	-0.0006
1.264	0	-0.00075
1.265	0	-0.00015
1.266	-5E-05	-0.0003
1.267	-5E-05	-0.0003
1.268	0	-0.00105
1.269	5E-05	-0.0006
1.27	0	-0.00045
1.271	-5E-05	-0.00015
1.272	0	-0.0006
1.273	0	-0.0003
1.274	-5E-05	-0.00075
1.275	0	-0.0006
1.276	0	-0.00045
1.277	0	-0.0006
1.278	0	-0.00045
1.279	0	-0.00045
1.28	0	-0.00045
1.281	5E-05	-0.0003
1.282	0	-0.0003
1.283	-5E-05	-0.0003
1.284	0	-0.00015
1.285	0	0
1.286	0	0.00015
1.287	0	0.00015
1.288	0	-0.0003
1.289	0	-0.00045
1.29	-5E-05	-0.00045
1.291	0	-0.0006
1.292	-5E-05	-0.00045
1.293	-5E-05	-0.0003
1.294	0	-0.00075
1.295	0	0
1.296	-5E-05	-0.0003
1.297	-5E-05	-0.0009
1.298	0	-0.0003
1.299	0	0
1.3	0	-0.0003
1.301	0	-0.00015
1.302	0	-0.00015
1.303	0	-0.00075
1.304	0	0.0003
1.305	-5E-05	-0.00015
1.306	-5E-05	-0.00075
1.307	0	-0.0006
1.308	-5E-05	-0.00075
1.309	0	-0.0012
1.31	0	-0.0006
1.311	0	0
1.312	-5E-05	-0.0006
1.313	-5E-05	-0.0003
1.314	0	-0.00075
1.315	0	-0.00045
1.316	0	-0.00015
1.317	0	-0.0003
1.318	0	-0.00075
1.319	0	-0.00045
1.32	0	-0.0003
1.321	-5E-05	-0.0003
1.322	-5E-05	-0.0003
1.323	0	-0.0006
1.324	-5E-05	-0.00075
1.325	-5E-05	-0.00045
1.326	0	-0.00105
1.327	0	-0.0009
1.328	0	-0.00045
1.329	-5E-05	-0.0012
1.33	0	-0.00075
1.331	-5E-05	-0.0003
1.332	-5E-05	-0.00045
1.333	0	0
1.334	-5E-05	-0.00015
1.335	0	-0.0012
1.336	0	-0.0006
1.337	0	-0.0003
1.338	-5E-05	-0.00075
1.339	0	-0.0009
1.34	0	-0.00075
1.341	0	-0.00105
1.342	0	-0.00075
1.343	0	-0.00075
1.344	0	-0.00105
1.345	-5E-05	-0.0006
1.346	0	-0.0003
1.347	-5E-05	-0.0009
1.348	-5E-05	-0.0006
1.349	0	-0.0003
1.35	0	-0.00045
1.351	0	-0.0003
1.352	0	-0.0006
1.353	0	-0.00075
1.354	0	-0.0003
1.355	0	-0.0003
1.356	0	-0.00135
1.357	-5E-05	-0.0006
1.358	-5E-05	-0.0009
1.359	-5E-05	-0.0006
1.36	0	-0.00075
1.361	-5E-05	-0.0012
1.362	0	-0.0009
1.363	-5E-05	-0.0009
1.364	-5E-05	-0.0015
1.365	5E-05	-0.00075
1.366	0	-0.0003
1.367	0	-0.00015
1.368	0	-0.00015
1.369	-5E-05	-0.00045
1.37	0	-0.0009
1.371	-5E-05	-0.00045
1.372	0	-0.0003
1.373	0	-0.00105
1.374	0	-0.0009
1.375	0	-0.00045
1.376	0	-0.0006
1.377	-5E-05	-0.00075
1.378	0	-0.0009
1.379	-5E-05	-0.00075
1.38	-5E-05	-0.00045
1.381	0	-0.00015
1.382	-5E-05	-0.0006
1.383	-5E-05	-0.00075
1.384	0	-0.00015
1.385	0	-0.00015
1.386	0	-0.0003
1.387	-5E-05	-0.00105
1.388	0	-0.0006
1.389	0	-0.0006
1.39	-5E-05	-0.0006
1.391	-5E-05	-0.0006
1.392	-5E-05	-0.0009
1.393	0	-0.0009
1.394	0	-0.0009
1.395	-5E-05	-0.00045
1.396	-5E-05	-0.0006
1.397	0	-0.00075
1.398	0	-0.0003
1.399	0	-0.00105
1.4	0	-0.00045
1.401	0	-0.00045
1.402	0	-0.0006
1.403	0	-0.00015
1.404	0	-0.00015
1.405	-5E-05	-0.00075
1.406	0	-0.0009
1.407	0	-0.0006
1.408	-5E-05	-0.00105
1.409	-5E-05	-0.00075
1.41	0	-0.0009
1.411	0	-0.0006
1.412	0	-0.0003
1.413	-5E-05	-0.00075
1.414	0	-0.0006
1.415	-5E-05	-0.0006
1.416	-5E-05	-0.0003
1.417	0	-0.0006
1.418	-5E-05	-0.0006
1.419	-5E-05	-0.0009
1.42	5E-05	-0.00045
1.421	0	0
1.422	0	-0.0006
1.423	0	-0.0006
1.424	0	-0.00045
1.425	0	-0.0006
1.426	0	-0.0012
1.427	0	-0.00075
1.428	0	-0.0012
1.429	-5E-05	-0.00075
1.43	0	-0.00015
1.431	0	0
1.432	-5E-05	-0.00015
1.433	0	-0.0003
1.434	-5E-05	-0.0006
1.435	0	-0.00045
1.436	0	-0.00045
1.437	0	-0.0006
1.438	0	-0.0003
1.439	5E-05	-0.00075
1.44	0	-0.00075
1.441	0	-0.0003
1.442	-5E-05	-0.00075
1.443	0	-0.00135
1.444	0	-0.0012
1.445	-5E-05	-0.0009
1.446	0	-0.0003
1.447	0	-0.0006
1.448	-5E-05	-0.00105
1.449	0	-0.00075
1.45	-5E-05	-0.00045
1.451	0	-0.0003
1.452	0	-0.0003
1.453	0	-0.0006
1.454	-5E-05	-0.00105
1.455	-5E-05	-0.00045
1.456	0	-0.00135
1.457	0	-0.0012
1.458	0	-0.0006
1.459	0	-0.0009
1.46	0	-0.00045
1.461	-5E-05	-0.00105
1.462	0	-0.00075
1.463	0.0001	-0.00075
1.464	0.00025	-0.00045
1.465	0.00045	-0.0009
1.466	0.00045	-0.0006
1.467	0.00045	-0.00045
1.468	0.0005	-0.0003
1.469	0.00045	-0.00075
1.47	0.00045	-0.0003
1.471	0.0005	-0.00075
1.472	0.00045	-0.00075
1.473	0.00045	-0.00045
1.474	0.00045	-0.0009
1.475	0.0005	-0.0012
1.476	0.00045	-0.00075
1.477	0.00045	-0.0009
1.478	0.00045	-0.00135
1.479	0.0004	-0.00135
1.48	0.0005	-0.00045
1.481	0.00045	-0.00015
1.482	0.00045	0
1.483	0.00045	-0.0006
1.484	0.00045	-0.00075
1.485	0.00045	-0.00075
1.486	0.0005	-0.00045
1.487	0.00045	-0.0003
1.488	0.00045	0
1.489	0.00045	-0.0009
1.49	0.00045	-0.00135
1.491	0.0004	-0.0003
1.492	0.0005	-0.00045
1.493	0.00045	-0.00075
1.494	0.0004	-0.0006
1.495	0.00045	-0.00075
1.496	0.00045	-0.0009
1.497	0.0005	0.00045
1.498	0.0005	-0.00015
1.499	0.0005	-0.00045
1.5	0.00055	-0.00075
1.501	0.0006	0.00015
1.502	0.00065	0.0003
1.503	0.00075	0.0003
1.504	0.00075	-0.00015
1.505	0.0009	-0.00015
1.506	0.001	0.00045
1.507	0.0011	0.00015
1.508	0.0013	0.00015
1.509	0.00145	0.00045
1.51	0.00155	0.0006
1.511	0.00175	0.0003
1.512	0.00195	0.00075
1.513	0.00215	0.00015
1.514	0.00235	0.0009
1.515	0.00255	0.0015
1.516	0.0028	0.0009
1.517	0.003	0.00195
1.518	0.00325	0.00165
1.519	0.00345	0.00135
1.52	0.00365	0.0021
1.521	0.00385	0.00165
1.522	0.00405	0.00105
1.523	0.00425	0.00195
1.524	0.00445	0.00225
1.525	0.0046	0.0018
1.526	0.00475	0.00255
1.527	0.0049	0.00225
1.528	0.0051	0.00255
1.529	0.00525	0.00255
1.53	0.00535	0.00285
1.531	0.00535	0.0024
1.532	0.00545	0.00345
1.533	0.00555	0.00255
1.534	0.0056	0.0024
1.535	0.00565	0.0033
1.536	0.0057	0.0027
1.537	0.00585	0.00315
1.538	0.00585	0.003
1.539	0.0059	0.00255
1.54	0.006	0.0024
1.541	0.00605	0.00285
1.542	0.00615	0.00195
1.543	0.0062	0.0033
1.544	0.00625	0.0027
1.545	0.0063	0.00255
1.546	0.00635	0.0027
1.547	0.0064	0.003
1.548	0.0065	0.0027
1.549	0.0065	0.003
1.55	0.0066	0.0033
1.551	0.0067	0.0033
1.552	0.0067	0.0036
1.553	0.0068	0.0039
1.554	0.0069	0.00345
1.555	0.007	0.00285
1.556	0.0071	0.00285
1.557	0.00725	0.003
1.558	0.00745	0.00315
1.559	0.00765	0.0033
1.56	0.00785	0.0033
1.561	0.008	0.0033
1.562	0.00825	0.0033
1.563	0.00845	0.003
1.564	0.00875	0.00375
1.565	0.009	0.0036
1.566	0.0093	0.00375
1.567	0.0096	0.00435
1.568	0.00985	0.00405
1.569	0.0102	0.0042
1.57	0.01045	0.00405
1.571	0.01075	0.00465
1.572	0.011	0.0048
1.573	0.01125	0.00435
1.574	0.01155	0.0045
1.575	0.01175	0.00405
1.576	0.0121	0.00375
1.577	0.0123	0.00435
1.578	0.01255	0.00495
1.579	0.01285	0.00435
1.58	0.01305	0.0051
1.581	0.0133	0.0054
1.582	0.0135	0.00555
1.583	0.01375	0.0054
1.584	0.014	0.0054
1.585	0.01425	0.00555
1.586	0.01445	0.00645
1.587	0.0146	0.00555
1.588	0.01485	0.00585
1.589	0.01505	0.0063
1.59	0.0152	0.00645
1.591	0.0154	0.006
1.592	0.01555	0.006
1.593	0.01575	0.006
1.594	0.0159	0.006
1.595	0.0161	0.0069
1.596	0.01625	0.00615
1.597	0.0164	0.0072
1.598	0.01665	0.0069
1.599	0.0168	0.00705
1.6	0.01695	0.0075
1.601	0.0171	0.00735
1.602	0.01725	0.00765
1.603	0.0175	0.00705
1.604	0.0176	0.0078
1.605	0.0178	0.0066
1.606	0.018	0.00765
1.607	0.0181	0.0078
1.608	0.01835	0.0075
1.609	0.01845	0.00735
1.61	0.01855	0.00735
1.611	0.01875	0.00765
1.612	0.0189	0.0075
1.613	0.01905	0.0081
1.614	0.0192	0.00795
1.615	0.0194	0.0084
1.616	0.0195	0.0087
1.617	0.0198	0.00855
1.618	0.02005	0.0081
1.619	0.0203	0.00825
1.62	0.02055	0.0084
1.621	0.02085	0.00885
1.622	0.02115	0.009
1.623	0.02145	0.00855
1.624	0.0218	0.00885
1.625	0.02215	0.00885
1.626	0.0224	0.0081
1.627	0.0228	0.0093
1.628	0.0231	0.0099
1.629	0.0234	0.0093
1.63	0.0237	0.0096
1.631	0.02405	0.0099
1.632	0.02435	0.0099
1.633	0.02465	0.0105
1.634	0.025	0.01035
1.635	0.02525	0.01035
1.636	0.02555	0.0108
1.637	0.02585	0.0111
1.638	0.02605	0.0108
1.639	0.02635	0.0114
1.64	0.0266	0.0114
1.641	0.02685	0.0105
1.642	0.0271	0.01125
1.643	0.02735	0.0111
1.644	0.0276	0.0114
1.645	0.0278	0.01155
1.646	0.0281	0.01155
1.647	0.0284	0.01065
1.648	0.0286	0.012
1.649	0.02885	0.01215
1.65	0.0291	0.0123
1.651	0.0294	0.0129
1.652	0.02955	0.01215
1.653	0.0298	0.01215
1.654	0.03005	0.0126
1.655	0.03025	0.01245
1.656	0.0305	0.0123
1.657	0.03065	0.0126
1.658	0.03085	0.01245
1.659	0.03105	0.0126
1.66	0.03125	0.01275
1.661	0.03145	0.01245
1.662	0.03165	0.01305
1.663	0.03185	0.0129
1.664	0.0321	0.01305
1.665	0.0323	0.01365
1.666	0.0326	0.01395
1.667	0.0329	0.0135
1.668	0.03315	0.0138
1.669	0.0335	0.01485
1.67	0.03385	0.0147
1.671	0.0342	0.0144
1.672	0.0344	0.01425
1.673	0.0336	0.0126
1.674	0.0336	0.0135
1.675	0.0337	0.01365
1.676	0.0337	0.01335
1.677	0.03375	0.0138
1.678	0.03385	0.01335
1.679	0.03385	0.01455
1.68	0.0339	0.01455
1.681	0.0339	0.0138
1.682	0.0339	0.01395
1.683	0.03395	0.0141
1.684	0.03385	0.0132
1.685	0.03395	0.01365
1.686	0.03395	0.0147
1.687	0.0339	0.01395
1.688	0.0339	0.0138
1.689	0.0339	0.0132
1.69	0.03395	0.0135
1.691	0.03395	0.01365
1.692	0.0339	0.0135
1.693	0.03395	0.01395
1.694	0.03395	0.0138
1.695	0.03395	0.0135
1.696	0.03395	0.01335
1.697	0.03395	0.01335
1.698	0.03395	0.01395
1.699	0.03395	0.01395
1.7	0.03395	0.01425
1.701	0.034	0.0144
1.702	0.03395	0.0141
1.703	0.03395	0.01425
1.704	0.03405	0.0144
1.705	0.034	0.01425
1.706	0.034	0.01365
1.707	0.034	0.01365
1.708	0.03395	0.01365
1.709	0.03395	0.0138
1.71	0.03395	0.01305
1.711	0.034	0.0135
1.712	0.034	0.0138
1.713	0.034	0.0135
1.714	0.034	0.0141
1.715	0.034	0.0141
1.716	0.03405	0.01395
1.717	0.034	0.01395
1.718	0.034	0.0144
1.719	0.03405	0.01395
1.72	0.034	0.01395
1.721	0.03405	0.0141
1.722	0.03405	0.01425
1.723	0.0341	0.0135
1.724	0.0341	0.01335
1.725	0.0341	0.0138
1.726	0.03415	0.01335
1.727	0.0341	0.01335
1.728	0.0341	0.0135
1.729	0.0341	0.0138
1.73	0.03415	0.01395
1.731	0.0341	0.01335
1.732	0.0341	0.0141
1.733	0.03415	0.0147
1.734	0.03415	0.01365
1.735	0.03415	0.0141
1.736	0.03325	0.0147
1.737	0.0331	0.0144
1.738	0.03315	0.0135
1.739	0.033	0.0135
1.74	0.03295	0.0141
1.741	0.033	0.0138
1.742	0.03295	0.0144
1.743	0.033	0.0138
1.744	0.0329	0.0138
1.745	0.03295	0.01335
1.746	0.03305	0.01395
1.747	0.03295	0.01425
1.748	0.033	0.0141
1.749	0.0329	0.0141
1.75	0.03295	0.01455
1.751	0.03295	0.01455
1.752	0.03295	0.01365
1.753	0.03295	0.0147
1.754	0.033	0.01425
1.755	0.03295	0.0141
1.756	0.03295	0.01365
1.757	0.033	0.01365
1.758	0.033	0.01395
1.759	0.033	0.0144
1.76	0.033	0.0138
1.761	0.033	0.01395
1.762	0.03295	0.0141
1.763	0.03295	0.01395
1.764	0.03295	0.01455
1.765	0.033	0.01425
1.766	0.033	0.0144
1.767	0.03295	0.0138
1.768	0.033	0.0147
1.769	0.033	0.0144
1.77	0.033	0.01425
1.771	0.03295	0.0147
1.772	0.033	0.01425
1.773	0.03295	0.0135
1.774	0.03295	0.0141
1.775	0.03305	0.01455
1.776	0.03295	0.0141
1.777	0.0329	0.01425
1.778	0.0329	0.0135
1.779	0.03295	0.01425
1.78	0.03295	0.01455
1.781	0.033	0.0135
1.782	0.03295	0.01455
1.783	0.03295	0.0141
1.784	0.033	0.0153
1.785	0.03305	0.01485
1.786	0.03305	0.0147
1.787	0.03295	0.0141
1.788	0.033	0.015
1.789	0.03295	0.0147
1.79	0.03305	0.01425
1.791	0.033	0.01455
1.792	0.03295	0.01365
1.793	0.033	0.01395
1.794	0.03295	0.0135
1.795	0.0329	0.01455
1.796	0.03295	0.0144
1.797	0.0329	0.01425
1.798	0.03295	0.01425
1.799	0.033	0.01455
1.8	0.03295	0.01485
1.801	0.0329	0.01455
1.802	0.033	0.01485
1.803	0.03295	0.01455
1.804	0.033	0.0144
1.805	0.03295	0.01485
1.806	0.033	0.0147
1.807	0.0329	0.0141
1.808	0.03295	0.01425
1.809	0.033	0.0144
1.81	0.03295	0.01365
1.811	0.03295	0.01425
1.812	0.03295	0.0147
1.813	0.03295	0.0147
1.814	0.03295	0.01485
1.815	0.03295	0.01395
1.816	0.03295	0.0144
1.817	0.03295	0.01485
1.818	0.0329	0.01455
1.819	0.03295	0.0141
1.82	0.03295	0.0147
1.821	0.03295	0.01455
1.822	0.03295	0.01485
1.823	0.03295	0.0147
1.824	0.033	0.01395
1.825	0.03295	0.01425
1.826	0.033	0.015
1.827	0.03295	0.01395
1.828	0.033	0.0132
1.829	0.0329	0.01455
1.83	0.0329	0.01485
1.831	0.033	0.0144
1.832	0.03295	0.0141
1.833	0.033	0.01425
1.834	0.03295	0.01455
1.835	0.033	0.0144
1.836	0.03295	0.01365
1.837	0.03295	0.0138
1.838	0.033	0.01485
1.839	0.03295	0.01395
1.84	0.03295	0.0144
1.841	0.03295	0.0138
1.842	0.03295	0.01365
1.843	0.033	0.01395
1.844	0.033	0.01455
1.845	0.033	0.01395
1.846	0.0329	0.0132
1.847	0.033	0.01455
1.848	0.03295	0.01425
1.849	0.03295	0.0141
1.85	0.03295	0.0138
1.851	0.03295	0.01365
1.852	0.03295	0.0144
1.853	0.033	0.0144
1.854	0.033	0.01395
1.855	0.03295	0.0141
1.856	0.033	0.01425
1.857	0.033	0.0132
1.858	0.033	0.01425
1.859	0.033	0.01365
1.86	0.03295	0.0132
1.861	0.033	0.01365
1.862	0.03295	0.01335
1.863	0.0329	0.0132
1.864	0.03295	0.0135
1.865	0.03295	0.01425
1.866	0.03295	0.0141
1.867	0.0329	0.0141
1.868	0.0329	0.01365
1.869	0.03295	0.01425
1.87	0.033	0.0138
1.871	0.0329	0.01335
1.872	0.033	0.0138
1.873	0.03295	0.01335
1.874	0.03295	0.0132
1.875	0.03295	0.01305
1.876	0.03295	0.0135
1.877	0.033	0.01305
1.878	0.03295	0.01275
1.879	0.03295	0.01305
1.88	0.03295	0.01335
1.881	0.03295	0.01395
1.882	0.033	0.01335
1.883	0.03295	0.01335
1.884	0.0329	0.0138
1.885	0.0329	0.01395
1.886	0.03295	0.01365
1.887	0.03295	0.0135
1.888	0.0329	0.01335
1.889	0.03295	0.01395
1.89	0.033	0.01365
1.891	0.0329	0.01365
1.892	0.033	0.01305
1.893	0.03295	0.0132
1.894	0.033	0.01335
1.895	0.03295	0.0135
1.896	0.033	0.0132
1.897	0.0329	0.01305
1.898	0.03295	0.0138
1.899	0.0329	0.01455
1.9	0.03295	0.0141
1.901	0.03295	0.0138
1.902	0.033	0.0138
1.903	0.0329	0.0141
1.904	0.033	0.0144
1.905	0.0329	0.0141
1.906	0.033	0.0138
1.907	0.03295	0.01335
1.908	0.03295	0.01335
1.909	0.03295	0.01395
1.91	0.0329	0.01455
1.911	0.0329	0.0138
1.912	0.033	0.0135
1.913	0.033	0.01335
1.914	0.03295	0.0141
1.915	0.03295	0.01485
1.916	0.03295	0.0144
1.917	0.033	0.01455
1.918	0.03295	0.01395
1.919	0.03295	0.0144
1.92	0.033	0.01485
1.921	0.03295	0.0147
1.922	0.0329	0.0147
1.923	0.03295	0.01365
1.924	0.033	0.0144
1.925	0.03295	0.0141
1.926	0.033	0.0141
1.927	0.03295	0.0141
1.928	0.033	0.01395
1.929	0.033	0.01365
1.93	0.03295	0.01425
1.931	0.03295	0.01455
1.932	0.03305	0.01455
1.933	0.0329	0.01455
1.934	0.0329	0.01455
1.935	0.03295	0.015
1.936	0.033	0.0147
1.937	0.03295	0.0144
1.938	0.03295	0.0144
1.939	0.033	0.01425
1.94	0.0329	0.01395
1.941	0.033	0.0144
1.942	0.03305	0.0141
1.943	0.033	0.01425
1.944	0.03295	0.0138
1.945	0.03295	0.01455
1.946	0.03295	0.01425
1.947	0.03295	0.01365
1.948	0.03305	0.0138
1.949	0.03295	0.01425
1.95	0.03295	0.0141
1.951	0.033	0.0144
1.952	0.03295	0.01485
1.953	0.03295	0.0144
1.954	0.03295	0.0147
1.955	0.033	0.01425
1.956	0.03295	0.01365
1.957	0.0329	0.0138
1.958	0.03295	0.01365
1.959	0.033	0.01335
1.96	0.03295	0.0138
1.961	0.033	0.01395
1.962	0.03295	0.0138
1.963	0.03295	0.0144
1.964	0.03295	0.01425
1.965	0.03295	0.0138
1.966	0.03295	0.01425
1.967	0.03295	0.01365
1.968	0.03295	0.0138
1.969	0.0329	0.0144
1.97	0.033	0.0138
1.971	0.03295	0.0138
1.972	0.03295	0.0141
1.973	0.0329	0.0138
1.974	0.033	0.0141
1.975	0.033	0.01425
1.976	0.03295	0.01335
1.977	0.03295	0.01365
1.978	0.03295	0.0132
1.979	0.03295	0.0138
1.98	0.03295	0.0141
1.981	0.0329	0.01425
1.982	0.0329	0.0141
1.983	0.033	0.0141
1.984	0.03295	0.0144
1.985	0.03295	0.0141
1.986	0.033	0.0141
1.987	0.03295	0.01395
1.988	0.03295	0.01365
1.989	0.033	0.0141
1.99	0.033	0.01395
1.991	0.033	0.0138
1.992	0.033	0.01425
1.993	0.03305	0.01395
1.994	0.03295	0.0132
1.995	0.033	0.0144
1.996	0.03295	0.01395
1.997	0.03295	0.01365
1.998	0.0329	0.01425
1.999	0.0329	0.01425
2	0.03295	0.0144
2.001	0.03295	0.0147
2.002	0.03295	0.01425
2.003	0.03295	0.0144
2.004	0.03295	0.01455
2.005	0.03305	0.01455
2.006	0.033	0.0141
2.007	0.03295	0.0138
2.008	0.03295	0.01365
2.009	0.03305	0.01395
2.01	0.03295	0.0141
2.011	0.03295	0.01365
2.012	0.033	0.0138
2.013	0.03295	0.0147
2.014	0.03295	0.01455
2.015	0.033	0.01425
2.016	0.03295	0.01485
2.017	0.03295	0.01425
2.018	0.03295	0.01455
2.019	0.033	0.01455
2.02	0.033	0.0144
2.021	0.03305	0.0144
2.022	0.03295	0.0144
2.023	0.033	0.0141
2.024	0.03295	0.0144
2.025	0.033	0.01395
2.026	0.033	0.0135
2.027	0.03295	0.0141
2.028	0.0329	0.01365
2.029	0.033	0.0138
2.03	0.03295	0.01455
2.031	0.0329	0.0144
2.032	0.033	0.0141
2.033	0.0329	0.01455
2.034	0.0329	0.01455
2.035	0.03295	0.01485
2.036	0.03295	0.01485
2.037	0.03295	0.0141
2.038	0.03295	0.0141
2.039	0.033	0.0141
2.04	0.033	0.0141
2.041	0.03295	0.0141
2.042	0.0329	0.0141
2.043	0.033	0.01395
2.044	0.03295	0.01395
2.045	0.033	0.0144
2.046	0.03285	0.0141
2.047	0.0329	0.01425
2.048	0.03295	0.01425
2.049	0.03295	0.01365
2.05	0.03295	0.0141
2.051	0.0329	0.015
2.052	0.033	0.01455
2.053	0.03295	0.01485
2.054	0.03295	0.01425
2.055	0.033	0.0138
2.056	0.03295	0.0141
2.057	0.03295	0.0141
2.058	0.0329	0.0141
2.059	0.033	0.0138
2.06	0.0329	0.01395
2.061	0.033	0.01395
2.062	0.033	0.0144
2.063	0.03295	0.01395
2.064	0.03295	0.0138
2.065	0.03295	0.01395
2.066	0.03295	0.01425
2.067	0.03295	0.01425
2.068	0.03295	0.01485
2.069	0.03295	0.01455
2.07	0.03295	0.0141
2.071	0.0329	0.01455
2.072	0.03295	0.0144
2.073	0.03295	0.01425
2.074	0.033	0.0141
2.075	0.03295	0.01395
2.076	0.033	0.01365
2.077	0.0329	0.0138
2.078	0.03295	0.01365
2.079	0.03295	0.0141
2.08	0.033	0.01425
2.081	0.0329	0.0141
2.082	0.033	0.01425
2.083	0.03295	0.01425
2.084	0.03295	0.0141
2.085	0.03295	0.0141
2.086	0.03295	0.01425
2.087	0.0329	0.0141
2.088	0.033	0.01455
2.089	0.0329	0.0141
2.09	0.03295	0.01425
2.091	0.03295	0.0138
2.092	0.0329	0.0138
2.093	0.033	0.0135
2.094	0.03295	0.0138
2.095	0.033	0.01425
2.096	0.0329	0.0138
2.097	0.03295	0.0144
2.098	0.033	0.01425
2.099	0.03295	0.01395
2.1	0.033	0.0144
2.101	0.03295	0.0144
2.102	0.03295	0.0141
2.103	0.033	0.0147
2.104	0.03295	0.0144
2.105	0.033	0.0141
2.106	0.03295	0.01395
2.107	0.03295	0.0141
2.108	0.033	0.01335
2.109	0.03295	0.01395
2.11	0.033	0.0138
2.111	0.0329	0.01365
2.112	0.03295	0.01395
2.113	0.033	0.01395
2.114	0.03295	0.01425
2.115	0.03295	0.0141
2.116	0.0329	0.0141
2.117	0.033	0.01395
2.118	0.03295	0.01425
2.119	0.0329	0.01395
2.12	0.03295	0.0141
2.121	0.03295	0.0144
2.122	0.03295	0.0141
2.123	0.0329	0.01395
2.124	0.03295	0.01395
2.125	0.03295	0.01365
2.126	0.03295	0.01395
2.127	0.03295	0.01365
2.128	0.03295	0.0135
2.129	0.033	0.01395
2.13	0.0329	0.0141
2.131	0.0329	0.0135
2.132	0.033	0.01425
2.133	0.03295	0.01425
2.134	0.03295	0.01425
2.135	0.0329	0.0144
2.136	0.03295	0.01425
2.137	0.033	0.0138
2.138	0.033	0.0144
2.139	0.03295	0.01425
2.14	0.0329	0.01425
2.141	0.0329	0.01395
2.142	0.0329	0.0135
2.143	0.03295	0.01365
2.144	0.03295	0.0138
2.145	0.033	0.0138
2.146	0.03295	0.01365
2.147	0.033	0.01425
2.148	0.03305	0.0141
2.149	0.033	0.0144
2.15	0.0329	0.0144
2.151	0.03295	0.0141
2.152	0.03295	0.01455
2.153	0.0329	0.0147
2.154	0.03295	0.01395
2.155	0.033	0.0141
2.156	0.033	0.01395
2.157	0.03295	0.0138
2.158	0.03285	0.01395
2.159	0.03295	0.0141
2.16	0.0329	0.0135
2.161	0.033	0.01395
2.162	0.03295	0.0141
2.163	0.03295	0.01365
2.164	0.03295	0.01395
2.165	0.0329	0.0144
2.166	0.03295	0.01425
2.167	0.033	0.0144
2.168	0.0329	0.01455
2.169	0.03295	0.0141
2.17	0.033	0.0141
2.171	0.033	0.0141
2.172	0.03295	0.0141
2.173	0.0329	0.01395
2.174	0.033	0.01365
2.175	0.03295	0.01365
2.176	0.03295	0.01425
2.177	0.03295	0.0141
2.178	0.03295	0.0135
2.179	0.0329	0.01395
2.18	0.03295	0.0138
2.181	0.0329	0.0144
2.182	0.033	0.01425
2.183	0.03295	0.0138
2.184	0.03295	0.01395
2.185	0.033	0.01455
2.186	0.03305	0.0141
2.187	0.03295	0.01395
2.188	0.033	0.01425
2.189	0.03295	0.0135
2.19	0.033	0.0138
2.191	0.0329	0.0138
2.192	0.03295	0.0135
2.193	0.033	0.01365
2.194	0.03295	0.0138
2.195	0.033	0.01335
2.196	0.03295	0.0135
2.197	0.03295	0.0141
2.198	0.033	0.01395
2.199	0.03295	0.01395
2.2	0.0329	0.0138
2.201	0.03295	0.01395
2.202	0.033	0.0144
2.203	0.0329	0.01455
2.204	0.03295	0.01365
2.205	0.03305	0.01395
2.206	0.033	0.0138
2.207	0.03295	0.01365
2.208	0.03295	0.01425
2.209	0.033	0.01365
2.21	0.03295	0.0132
2.211	0.03295	0.0135
2.212	0.033	0.0135
2.213	0.03295	0.01335
2.214	0.033	0.01425
2.215	0.033	0.0138
2.216	0.03295	0.01365
2.217	0.03295	0.01425
2.218	0.03295	0.0141
2.219	0.033	0.0144
2.22	0.033	0.01395
2.221	0.03295	0.01365
2.222	0.03295	0.01395
2.223	0.0329	0.01425
2.224	0.03295	0.0138
2.225	0.033	0.0132
2.226	0.03295	0.0138
2.227	0.0329	0.0135
2.228	0.03295	0.0135
2.229	0.03295	0.0135
2.23	0.0329	0.0135
2.231	0.03295	0.0141
2.232	0.033	0.0144
2.233	0.03295	0.01395
2.234	0.0329	0.01395
2.235	0.03295	0.01455
2.236	0.033	0.01425
2.237	0.03295	0.0144
2.238	0.0329	0.01425
2.239	0.033	0.01395
2.24	0.03295	0.0144
2.241	0.03295	0.01425
2.242	0.03295	0.0132
2.243	0.03295	0.0138
2.244	0.033	0.0141
2.245	0.0329	0.01425
2.246	0.033	0.01425
2.247	0.0329	0.01425
2.248	0.03295	0.01455
2.249	0.03295	0.0147
2.25	0.033	0.0141
2.251	0.033	0.0138
2.252	0.0329	0.01455
2.253	0.03305	0.01485
2.254	0.03295	0.015
2.255	0.0329	0.01485
2.256	0.033	0.0141
2.257	0.03295	0.01455
2.258	0.0329	0.0147
2.259	0.03295	0.0144
2.26	0.03295	0.0135
2.261	0.03295	0.01395
2.262	0.033	0.0144
2.263	0.03295	0.015
2.264	0.033	
2.265	0.0329	
2.266	0.0329	
2.267	0.03295	
2.268	0.0329	
2.269	0.03295	
2.27	0.0329	
2.271	0.0329	
2.272	0.033	
