MIN=0	-0.1	-0.3
MAX=4.52548339959391	0.1	0.3
SCALE=0.1	0.05	0.1
DEC=3	4	4
DEF="Time" t / s	"Current" I_A1 / A	"Voltage" U_B1 / V
0	0	-0.0003
0.001	-5E-05	-0.00045
0.002	0	-0.0003
0.003	0	-0.0006
0.004	0	-0.00015
0.005	0	-0.00045
0.006	0	-0.0006
0.007	0	0.00015
0.008	0	-0.00045
0.009	0	-0.0006
0.01	-5E-05	-0.0006
0.011	0	-0.00045
0.012	0	-0.00015
0.013	0	0.00015
0.014	0	-0.0003
0.015	0	-0.00015
0.016	-5E-05	0.00015
0.017	-5E-05	-0.00075
0.018	0	-0.0003
0.019	0	-0.0012
0.02	-5E-05	-0.00105
0.021	-5E-05	-0.00045
0.022	0	-0.00135
0.023	0	-0.00075
0.024	0	-0.0003
0.025	-5E-05	-0.0003
0.026	0	-0.0006
0.027	0	-0.00075
0.028	0	0
0.029	0	-0.00015
0.03	-5E-05	-0.00045
0.031	0	-0.00075
0.032	0	-0.00045
0.033	-5E-05	-0.00015
0.034	0	-0.00045
0.035	-5E-05	-0.00075
0.036	0	-0.0006
0.037	0	-0.00045
0.038	-5E-05	-0.00075
0.039	0	-0.0003
0.04	0	-0.00105
0.041	0	-0.0012
0.042	0	0
0.043	0	-0.00075
0.044	0	-0.00075
0.045	-5E-05	-0.00075
0.046	0	-0.00045
0.047	0	-0.0003
0.048	0	-0.00045
0.049	-5E-05	-0.00045
0.05	0	-0.0003
0.051	0	-0.0006
0.052	-5E-05	-0.00075
0.053	-5E-05	-0.00075
0.054	-5E-05	-0.0015
0.055	0	-0.0009
0.056	0	-0.0006
0.057	-5E-05	-0.0006
0.058	0	-0.0012
0.059	0	-0.0006
0.06	0	-0.00045
0.061	-5E-05	-0.00045
0.062	-5E-05	-0.0006
0.063	0	0.0003
0.064	0	-0.00075
0.065	0	-0.00015
0.066	0	0.0003
0.067	0	-0.0006
0.068	-5E-05	-0.00045
0.069	0	-0.0009
0.07	0	-0.0012
0.071	0	-0.00075
0.072	0	-0.0006
0.073	0	-0.00075
0.074	0	-0.0006
0.075	-5E-05	-0.0006
0.076	5E-05	-0.00045
0.077	0	-0.00015
0.078	-5E-05	-0.00045
0.079	0	-0.00045
0.08	-5E-05	-0.0006
0.081	0	-0.00075
0.082	0	-0.00045
0.083	0	-0.00015
0.084	-5E-05	-0.00045
0.085	0	-0.00075
0.086	0	-0.00075
0.087	0	-0.00105
0.088	0	-0.0006
0.089	0	-0.00105
0.09	0	-0.0006
0.091	-5E-05	-0.00105
0.092	0	-0.00045
0.093	0	-0.0006
0.094	0	0.00015
0.095	-5E-05	-0.00015
0.096	0	-0.00045
0.097	-5E-05	0
0.098	0	-0.0003
0.099	0	-0.00015
0.1	0	-0.0006
0.101	0	-0.0003
0.102	-5E-05	-0.0009
0.103	0	-0.0003
0.104	0	-0.00045
0.105	0	-0.0003
0.106	0	-0.00045
0.107	-5E-05	-0.00075
0.108	0	-0.00075
0.109	0	-0.00045
0.11	-5E-05	-0.0003
0.111	0	-0.00045
0.112	0	-0.00015
0.113	0	-0.00075
0.114	0	-0.00015
0.115	0	-0.00015
0.116	-5E-05	-0.00045
0.117	0	-0.0006
0.118	-5E-05	-0.00075
0.119	-5E-05	-0.0006
0.12	0	-0.00015
0.121	0	-0.00045
0.122	0	-0.00075
0.123	-5E-05	-0.00045
0.124	0	-0.00105
0.125	0	-0.00015
0.126	-5E-05	-0.00015
0.127	0	0
0.128	0	-0.00045
0.129	-5E-05	0.0003
0.13	0	-0.00015
0.131	0	0
0.132	0	0.00015
0.133	0	0.00015
0.134	0	0.00015
0.135	-5E-05	-0.0006
0.136	0	-0.00045
0.137	0	-0.00045
0.138	0	-0.0003
0.139	0	-0.00045
0.14	0	-0.0003
0.141	0	-0.00015
0.142	-5E-05	-0.00045
0.143	0	0
0.144	0	0.00015
0.145	0	-0.0003
0.146	0	0.00015
0.147	-5E-05	0.00015
0.148	0	0.00015
0.149	0	0
0.15	0	0
0.151	-5E-05	-0.00045
0.152	-5E-05	-0.00015
0.153	-5E-05	-0.00045
0.154	0	-0.00045
0.155	0	0.0003
0.156	-5E-05	-0.00045
0.157	0	-0.00045
0.158	0	-0.00015
0.159	0	-0.00105
0.16	-5E-05	-0.00015
0.161	0	0
0.162	0	-0.00015
0.163	0	0
0.164	0	0.0003
0.165	0	-0.00045
0.166	0	-0.0003
0.167	-5E-05	-0.00015
0.168	-5E-05	-0.00045
0.169	-5E-05	-0.0003
0.17	0	-0.0003
0.171	-5E-05	-0.00105
0.172	0	-0.00015
0.173	-5E-05	-0.00075
0.174	-5E-05	-0.00105
0.175	0	-0.00045
0.176	0	0
0.177	0	-0.00015
0.178	0	0
0.179	0	-0.00015
0.18	0	-0.00075
0.181	0	0.00015
0.182	0	-0.00045
0.183	0	-0.0003
0.184	0	-0.00015
0.185	0	-0.0006
0.186	0	-0.00045
0.187	-5E-05	-0.00015
0.188	0	-0.00075
0.189	-5E-05	-0.0006
0.19	0	-0.0003
0.191	0	-0.00105
0.192	-5E-05	-0.00045
0.193	0	-0.00015
0.194	0	-0.0006
0.195	0	-0.00015
0.196	0	-0.00015
0.197	0	-0.00045
0.198	0	-0.00015
0.199	-5E-05	0.00015
0.2	-5E-05	-0.00045
0.201	0	-0.0003
0.202	0	-0.0006
0.203	0	-0.00075
0.204	0	-0.0006
0.205	0	-0.00045
0.206	0	-0.00075
0.207	-5E-05	-0.0003
0.208	0	-0.00015
0.209	0	-0.0006
0.21	0	-0.00015
0.211	0	0
0.212	0	0.00015
0.213	0	0.00045
0.214	0	-0.0003
0.215	0	-0.00045
0.216	-5E-05	0
0.217	0	-0.00015
0.218	0	-0.0009
0.219	-5E-05	-0.0003
0.22	0	-0.0006
0.221	0	-0.00075
0.222	0	-0.00015
0.223	0	-0.00045
0.224	0	-0.0006
0.225	0	-0.0003
0.226	0	0
0.227	0	-0.0003
0.228	0	0.00015
0.229	0	-0.00045
0.23	0	0.00015
0.231	0	-0.00015
0.232	-5E-05	-0.0009
0.233	0	-0.00045
0.234	-5E-05	-0.00015
0.235	0	-0.0006
0.236	0	-0.00075
0.237	0	-0.0006
0.238	0	-0.0009
0.239	5E-05	-0.0003
0.24	0	-0.00015
0.241	-5E-05	-0.00045
0.242	0	-0.00015
0.243	0	0
0.244	-5E-05	-0.00045
0.245	-5E-05	-0.00015
0.246	0	-0.00015
0.247	0	-0.00015
0.248	-5E-05	-0.00015
0.249	-5E-05	-0.00045
0.25	0	-0.0003
0.251	-5E-05	-0.00045
0.252	0	-0.0003
0.253	0	-0.00105
0.254	0	-0.00045
0.255	0	-0.0009
0.256	-5E-05	-0.0006
0.257	0	-0.00075
0.258	0	-0.0006
0.259	0	-0.0003
0.26	-5E-05	-0.00015
0.261	0	-0.0003
0.262	-5E-05	-0.00075
0.263	0	-0.0003
0.264	0	-0.0009
0.265	-5E-05	-0.00075
0.266	0	-0.00045
0.267	0	-0.00045
0.268	0	-0.0003
0.269	-5E-05	-0.0006
0.27	0	-0.0009
0.271	0	-0.0009
0.272	-5E-05	-0.0006
0.273	0	-0.0012
0.274	0	-0.0006
0.275	0	-0.00075
0.276	0	-0.00045
0.277	0	-0.0003
0.278	0	-0.0003
0.279	0	-0.00045
0.28	-5E-05	-0.00015
0.281	0	-0.00015
0.282	0	-0.00045
0.283	-5E-05	-0.00015
0.284	0	-0.0009
0.285	0	-0.00075
0.286	0	-0.00045
0.287	0	-0.00105
0.288	-5E-05	-0.00105
0.289	-5E-05	-0.0009
0.29	0	-0.00045
0.291	0	-0.00045
0.292	-5E-05	-0.00045
0.293	0	-0.0009
0.294	0	-0.0006
0.295	0	-0.0003
0.296	0	-0.00015
0.297	-5E-05	-0.00015
0.298	-5E-05	-0.00105
0.299	-5E-05	-0.0015
0.3	0	-0.00075
0.301	-5E-05	-0.0006
0.302	0	-0.00105
0.303	0	-0.0009
0.304	0	-0.0012
0.305	-5E-05	-0.00135
0.306	0	-0.0003
0.307	0	-0.0006
0.308	0	-0.00135
0.309	-5E-05	-0.00045
0.31	0	-0.00105
0.311	0	-0.00075
0.312	0	0
0.313	-5E-05	-0.00105
0.314	0	-0.00075
0.315	0	-0.00045
0.316	0	-0.00105
0.317	0	-0.00045
0.318	0	-0.0006
0.319	-5E-05	-0.00075
0.32	0	-0.0012
0.321	0	-0.0009
0.322	-5E-05	-0.0012
0.323	0	-0.00075
0.324	0	-0.0006
0.325	-5E-05	-0.00075
0.326	0	-0.00045
0.327	0	-0.00075
0.328	-5E-05	-0.00135
0.329	0	-0.00045
0.33	0	0.00015
0.331	0	-0.00045
0.332	0	-0.00015
0.333	-5E-05	-0.0009
0.334	0	-0.00165
0.335	0	-0.0006
0.336	0	-0.0006
0.337	0	-0.0009
0.338	-5E-05	-0.00075
0.339	0	-0.0009
0.34	-5E-05	-0.00045
0.341	-5E-05	0.00015
0.342	-5E-05	-0.00045
0.343	0	-0.0009
0.344	-5E-05	-0.00045
0.345	-5E-05	-0.00045
0.346	-5E-05	0.00015
0.347	-5E-05	0.00015
0.348	5E-05	-0.0003
0.349	-5E-05	-0.00105
0.35	0	-0.00015
0.351	0	-0.00075
0.352	0	0.0003
0.353	0	-0.00045
0.354	0	-0.00075
0.355	0	-0.00075
0.356	0	-0.00015
0.357	0	-0.0003
0.358	0	0
0.359	-5E-05	0.00045
0.36	-5E-05	-0.0006
0.361	0	0.0003
0.362	0	0.00015
0.363	0	0
0.364	0	0
0.365	0	0
0.366	0	-0.00015
0.367	0	0.00015
0.368	-5E-05	0
0.369	-5E-05	-0.00075
0.37	-5E-05	-0.00075
0.371	0	-0.0006
0.372	-5E-05	-0.00075
0.373	-5E-05	-0.00075
0.374	-5E-05	-0.0003
0.375	0	-0.0003
0.376	0	0.0006
0.377	-5E-05	0.00015
0.378	0	-0.00045
0.379	0	0.0003
0.38	0	-0.00075
0.381	0	-0.00015
0.382	0	-0.00075
0.383	-5E-05	-0.0006
0.384	0	-0.0006
0.385	0	0
0.386	0	-0.0003
0.387	0	0
0.388	-5E-05	-0.00015
0.389	0	-0.0009
0.39	0	-0.0006
0.391	0	-0.0015
0.392	-5E-05	-0.0003
0.393	0	-0.0009
0.394	0	0
0.395	0	-0.0003
0.396	0	-0.00015
0.397	-5E-05	-0.00015
0.398	0	-0.00045
0.399	-5E-05	-0.00075
0.4	0	-0.00075
0.401	-5E-05	-0.00105
0.402	0	-0.0003
0.403	0	-0.0003
0.404	0	-0.0009
0.405	0	-0.00045
0.406	0	-0.0006
0.407	0	-0.0009
0.408	-0.0001	-0.00105
0.409	0	-0.00105
0.41	0	-0.00075
0.411	-5E-05	-0.0003
0.412	0	-0.00075
0.413	0	-0.0006
0.414	0	0
0.415	0	-0.00075
0.416	0	-0.0003
0.417	-5E-05	-0.0003
0.418	0	-0.00105
0.419	0	-0.00105
0.42	-5E-05	-0.0009
0.421	0	-0.0009
0.422	0	-0.00045
0.423	0	-0.00015
0.424	-5E-05	-0.0012
0.425	0	-0.00075
0.426	0	0.00015
0.427	0	-0.00075
0.428	-5E-05	-0.00045
0.429	0	-0.00045
0.43	0	-0.00045
0.431	0	0.0003
0.432	-5E-05	-0.0003
0.433	-5E-05	-0.0009
0.434	0	-0.00015
0.435	0	0
0.436	-5E-05	-0.00135
0.437	0	-0.00075
0.438	0	-0.0009
0.439	0	-0.00045
0.44	0	-0.00015
0.441	0	-0.0006
0.442	-5E-05	-0.00075
0.443	-5E-05	-0.00015
0.444	0	0.00045
0.445	-5E-05	-0.00015
0.446	0	0.0003
0.447	0	-0.00075
0.448	0	0
0.449	0	0.0003
0.45	0	-0.00075
0.451	0	-0.00015
0.452	-5E-05	0.00015
0.453	0	-0.00045
0.454	0	-0.0012
0.455	0	-0.00045
0.456	0	0.00015
0.457	0	0.00075
0.458	0	0
0.459	-5E-05	-0.00015
0.46	0	0.00015
0.461	-5E-05	0.00045
0.462	-5E-05	-0.00015
0.463	-5E-05	0.00045
0.464	0	0.00015
0.465	0	0.00045
0.466	0	0.00105
0.467	0	0.00015
0.468	0	-0.00015
0.469	0	0.00015
0.47	-5E-05	-0.00015
0.471	0	-0.00045
0.472	-5E-05	0.00015
0.473	0	-0.0003
0.474	-5E-05	0.00015
0.475	-5E-05	-0.00045
0.476	0	-0.00015
0.477	0	0
0.478	-5E-05	0.00045
0.479	0	-0.0003
0.48	0	0.00015
0.481	0	0.0003
0.482	0	0
0.483	0	0.0006
0.484	-5E-05	0
0.485	0	-0.0003
0.486	0	-0.00015
0.487	0	0
0.488	-5E-05	-0.0006
0.489	0	0.00015
0.49	0	-0.0006
0.491	-5E-05	-0.00045
0.492	0	-0.00015
0.493	0	0.0003
0.494	0	-0.00015
0.495	0	0.00015
0.496	0	-0.0003
0.497	-5E-05	-0.00045
0.498	-5E-05	0.00045
0.499	0	0.0003
0.5	0	-0.00015
0.501	-5E-05	-0.00075
0.502	0	-0.00015
0.503	0	-0.00045
0.504	-5E-05	0
0.505	-5E-05	-0.00075
0.506	0	-0.00075
0.507	-5E-05	-0.00015
0.508	0	-0.0003
0.509	-5E-05	-0.0006
0.51	0	-0.00015
0.511	0	-0.00015
0.512	0	-0.00015
0.513	5E-05	0.00015
0.514	0	-0.0003
0.515	0	-0.0006
0.516	0	-0.0003
0.517	-5E-05	-0.00075
0.518	0	-0.0006
0.519	-5E-05	-0.00015
0.52	-5E-05	-0.0009
0.521	-5E-05	-0.00075
0.522	0	-0.00075
0.523	-5E-05	-0.00105
0.524	0	-0.00045
0.525	-5E-05	-0.00045
0.526	0	-0.0003
0.527	0	-0.0006
0.528	0	-0.00015
0.529	0	-0.00075
0.53	-5E-05	-0.00015
0.531	0	-0.00015
0.532	0	-0.0009
0.533	-5E-05	-0.0009
0.534	-5E-05	-0.00075
0.535	0	-0.00075
0.536	0	-0.0006
0.537	0	-0.00075
0.538	0	-0.00195
0.539	0	-0.00015
0.54	0	-0.0006
0.541	0	-0.00075
0.542	-5E-05	-0.00015
0.543	0	-0.00015
0.544	0	-0.00105
0.545	0	0
0.546	0	-0.00075
0.547	0	-0.0006
0.548	0	-0.0006
0.549	-5E-05	-0.00045
0.55	0	-0.00045
0.551	0	-0.00045
0.552	-5E-05	-0.00075
0.553	-5E-05	-0.0003
0.554	0	0.00015
0.555	-5E-05	-0.0012
0.556	-5E-05	-0.00075
0.557	0	-0.0009
0.558	-5E-05	-0.0009
0.559	0	-0.0009
0.56	0	-0.0003
0.561	0	0.00015
0.562	-5E-05	-0.0003
0.563	0	0.00015
0.564	0	-0.00045
0.565	-5E-05	0.00015
0.566	0	-0.0006
0.567	-5E-05	-0.00045
0.568	0	-0.0003
0.569	0	-0.00045
0.57	-5E-05	-0.00045
0.571	0	-0.0003
0.572	0	-0.00015
0.573	-5E-05	-0.00105
0.574	-5E-05	-0.00015
0.575	0	-0.0006
0.576	0	-0.00075
0.577	-5E-05	-0.00015
0.578	0	-0.00015
0.579	0	0.0003
0.58	0	-0.00015
0.581	-5E-05	0.0003
0.582	0	0
0.583	0	-0.00045
0.584	0	-0.0009
0.585	-5E-05	-0.0006
0.586	-5E-05	-0.0003
0.587	0	-0.00105
0.588	0	-0.0003
0.589	0	-0.00015
0.59	-5E-05	-0.00045
0.591	0	0
0.592	-5E-05	0
0.593	-5E-05	-0.00045
0.594	0	-0.0003
0.595	0	-0.00045
0.596	0	0
0.597	-5E-05	0.00045
0.598	-5E-05	-0.0006
0.599	0	-0.00015
0.6	0	-0.0003
0.601	0	-0.0012
0.602	0	-0.0003
0.603	0	-0.00015
0.604	-5E-05	-0.0006
0.605	0	-0.0003
0.606	0	-0.0003
0.607	0	-0.00015
0.608	-5E-05	0.00015
0.609	0	-0.00015
0.61	0	-0.00045
0.611	0	-0.00015
0.612	0	0
0.613	-5E-05	-0.0003
0.614	0	-0.00015
0.615	0	-0.00015
0.616	0	-0.00015
0.617	0	0.0003
0.618	-5E-05	-0.00015
0.619	0	-0.0006
0.62	0	-0.00045
0.621	0	-0.0003
0.622	0	-0.0012
0.623	0	0.00015
0.624	0	-0.00015
0.625	0	-0.00075
0.626	0	-0.00015
0.627	0	-0.0003
0.628	0	-0.00015
0.629	-5E-05	-0.00015
0.63	0	-0.0006
0.631	-5E-05	-0.0003
0.632	-5E-05	0
0.633	0	-0.0003
0.634	0	-0.00015
0.635	-5E-05	-0.00015
0.636	0	-0.0009
0.637	0	-0.0006
0.638	0	-0.0009
0.639	0	-0.00045
0.64	0	-0.00015
0.641	-5E-05	-0.00075
0.642	0	-0.00075
0.643	0	-0.0009
0.644	0	0.00045
0.645	-5E-05	0
0.646	-5E-05	-0.00015
0.647	0	-0.00015
0.648	-5E-05	-0.00045
0.649	0	-0.0003
0.65	0	-0.00015
0.651	0	-0.0003
0.652	0	-0.00075
0.653	0	-0.00015
0.654	0	-0.0006
0.655	-5E-05	-0.0003
0.656	0	-0.0009
0.657	0	-0.0009
0.658	-5E-05	-0.00015
0.659	0	-0.0006
0.66	-5E-05	-0.00045
0.661	0	0
0.662	-5E-05	0
0.663	0	-0.0003
0.664	0	-0.0006
0.665	0	-0.00015
0.666	0	-0.0003
0.667	-5E-05	-0.00045
0.668	0	-0.00045
0.669	0	-0.00075
0.67	0	-0.0006
0.671	-5E-05	-0.00075
0.672	0	-0.0006
0.673	0	-0.0003
0.674	-5E-05	-0.00075
0.675	0	0
0.676	0	-0.00045
0.677	0	-0.0006
0.678	-5E-05	-0.0006
0.679	0	0
0.68	0	-0.00015
0.681	0	-0.00045
0.682	0	-0.00045
0.683	0	-0.00045
0.684	0	-0.00075
0.685	0	-0.00105
0.686	0	-0.00075
0.687	-5E-05	-0.00045
0.688	-5E-05	-0.0009
0.689	0	-0.00075
0.69	-5E-05	-0.00045
0.691	0	-0.00075
0.692	-5E-05	-0.00105
0.693	0	-0.00015
0.694	0	-0.00045
0.695	0	-0.0012
0.696	0	0.00015
0.697	0	-0.00015
0.698	0	-0.0003
0.699	-5E-05	-0.00045
0.7	-5E-05	-0.0009
0.701	0	-0.0009
0.702	0	-0.0006
0.703	0	-0.0012
0.704	-5E-05	-0.0006
0.705	-5E-05	-0.00075
0.706	-5E-05	-0.0015
0.707	0	-0.0006
0.708	0	-0.0006
0.709	-5E-05	-0.00105
0.71	0	-0.00075
0.711	-5E-05	-0.0006
0.712	0	-0.0009
0.713	-5E-05	-0.00045
0.714	0	-0.0003
0.715	0	-0.00075
0.716	0	-0.00045
0.717	0	-0.0012
0.718	0	-0.0009
0.719	-5E-05	-0.0006
0.72	-5E-05	-0.0012
0.721	0	-0.0015
0.722	-5E-05	-0.00135
0.723	0	-0.00105
0.724	0	-0.0015
0.725	-5E-05	-0.00075
0.726	0	-0.00105
0.727	0	-0.0009
0.728	-5E-05	-0.0006
0.729	0	-0.00045
0.73	0	-0.00075
0.731	0	-0.00075
0.732	-5E-05	-0.00105
0.733	0	-0.00075
0.734	-5E-05	-0.00105
0.735	0	-0.0015
0.736	0	-0.00105
0.737	-5E-05	-0.00105
0.738	0	-0.00075
0.739	0	-0.0012
0.74	0	-0.00075
0.741	0	-0.0015
0.742	0	-0.00105
0.743	0	-0.0003
0.744	0	-0.0003
0.745	0	-0.0009
0.746	0	-0.00075
0.747	-5E-05	-0.0006
0.748	0	-0.0003
0.749	0	-0.00015
0.75	0	-0.00105
0.751	-5E-05	-0.00135
0.752	0	-0.0009
0.753	0	-0.00075
0.754	0	0
0.755	-5E-05	-0.0003
0.756	0	-0.00075
0.757	-5E-05	-0.00075
0.758	0	-0.00075
0.759	0	0
0.76	0	0.00015
0.761	0	-0.00045
0.762	0	-0.00015
0.763	0	0
0.764	0	0
0.765	0	0.0003
0.766	0	0
0.767	0	-0.0006
0.768	-5E-05	0.0003
0.769	0	0.0003
0.77	-5E-05	-0.0003
0.771	-5E-05	-0.00015
0.772	0	-0.00075
0.773	0	-0.0003
0.774	0	0
0.775	-5E-05	0
0.776	0	0
0.777	0	0.00015
0.778	0	0.00015
0.779	0	0
0.78	-5E-05	0.00015
0.781	0	0.0003
0.782	0	0
0.783	0	0.00015
0.784	0	0.00045
0.785	-5E-05	-0.00015
0.786	-5E-05	-0.00015
0.787	-5E-05	-0.0006
0.788	0	-0.0006
0.789	-5E-05	-0.00015
0.79	5E-05	0.0003
0.791	0	-0.00045
0.792	0	0.0003
0.793	0	-0.00015
0.794	0	0.00015
0.795	0	0.0006
0.796	-5E-05	-0.00015
0.797	0	-0.00015
0.798	0	0.00045
0.799	-5E-05	0.00015
0.8	0	0
0.801	-5E-05	0.0003
0.802	0	0
0.803	0	0.0003
0.804	-5E-05	0.0003
0.805	0	-0.0003
0.806	0	-0.0003
0.807	-5E-05	-0.0003
0.808	-5E-05	-0.0003
0.809	0	0.0003
0.81	0	0.00015
0.811	0	0.00015
0.812	0	0.00045
0.813	0	0.0003
0.814	0	0.00015
0.815	-5E-05	0.0003
0.816	0	0.00015
0.817	-5E-05	-0.0006
0.818	0	-0.0003
0.819	0	-0.00015
0.82	0	-0.00015
0.821	-5E-05	-0.0003
0.822	0	-0.00015
0.823	0	0.00015
0.824	0	-0.00015
0.825	0	-0.00075
0.826	0	-0.00045
0.827	0	0
0.828	0	-0.00015
0.829	0	0
0.83	0	0
0.831	-5E-05	-0.00015
0.832	0	-0.00015
0.833	-5E-05	0.00045
0.834	0	-0.0003
0.835	0	-0.0006
0.836	-5E-05	-0.00045
0.837	0	-0.00015
0.838	0	-0.0003
0.839	0	-0.0003
0.84	0	-0.00015
0.841	0	0
0.842	0	-0.0003
0.843	0	-0.00075
0.844	-5E-05	-0.0003
0.845	-5E-05	0.00075
0.846	0	0.00015
0.847	0	-0.00015
0.848	0	-0.00045
0.849	-5E-05	0.00015
0.85	0	-0.0003
0.851	0	-0.0006
0.852	0	-0.0006
0.853	0	-0.0006
0.854	-5E-05	0
0.855	0	-0.0003
0.856	0	-0.00045
0.857	0	-0.00045
0.858	0	-0.00045
0.859	0	-0.0003
0.86	-5E-05	-0.0009
0.861	-5E-05	-0.00045
0.862	0	-0.0003
0.863	0	0.00015
0.864	0	-0.0003
0.865	0	-0.00015
0.866	0	-0.0003
0.867	0	-0.00015
0.868	-5E-05	-0.0006
0.869	0	-0.0009
0.87	-5E-05	-0.00075
0.871	0	-0.00105
0.872	0	-0.0006
0.873	0	-0.00045
0.874	0	-0.00045
0.875	0	-0.00045
0.876	-5E-05	-0.00015
0.877	-5E-05	-0.0009
0.878	0	-0.0003
0.879	0	-0.00045
0.88	0	-0.0003
0.881	0	-0.0006
0.882	0	-0.0003
0.883	0	-0.0003
0.884	0	-0.0003
0.885	-5E-05	-0.0006
0.886	-5E-05	-0.0009
0.887	0	-0.00075
0.888	-5E-05	-0.0009
0.889	-5E-05	-0.00045
0.89	0	-0.00075
0.891	0	-0.00075
0.892	-5E-05	-0.0006
0.893	0	-0.0006
0.894	-5E-05	-0.00045
0.895	-5E-05	-0.00045
0.896	0	-0.00015
0.897	-5E-05	-0.00075
0.898	0	-0.0015
0.899	-5E-05	-0.00045
0.9	0	-0.0003
0.901	0	-0.0003
0.902	-5E-05	-0.00045
0.903	0	-0.0006
0.904	0	-0.00075
0.905	-5E-05	-0.00045
0.906	0	-0.00045
0.907	0	-0.0015
0.908	-5E-05	-0.00045
0.909	0	-0.00075
0.91	0	-0.00015
0.911	-5E-05	0
0.912	0	-0.0003
0.913	-5E-05	-0.00015
0.914	0	-0.0003
0.915	0	-0.0006
0.916	0	-0.0012
0.917	0	-0.00015
0.918	0	-0.0006
0.919	0	-0.0009
0.92	0	-0.00075
0.921	-5E-05	-0.0006
0.922	-5E-05	-0.0006
0.923	0	-0.00045
0.924	0	-0.00075
0.925	0	-0.00045
0.926	-5E-05	-0.00045
0.927	-5E-05	-0.00015
0.928	0	-0.00015
0.929	0	-0.00045
0.93	0	-0.0006
0.931	-5E-05	-0.00015
0.932	0	-0.00045
0.933	-5E-05	-0.00105
0.934	0	-0.0003
0.935	-5E-05	-0.00075
0.936	-5E-05	-0.0009
0.937	-5E-05	-0.0006
0.938	-5E-05	-0.0006
0.939	0	-0.0009
0.94	-5E-05	-0.0012
0.941	0	-0.00075
0.942	0	-0.0009
0.943	0	0
0.944	0	-0.00045
0.945	0	-0.0006
0.946	0	-0.0003
0.947	0	-0.0006
0.948	0	-0.0006
0.949	0	-0.0006
0.95	0	-0.00075
0.951	-5E-05	-0.0009
0.952	0	-0.0003
0.953	0	-0.0009
0.954	0	-0.00075
0.955	0	-0.00075
0.956	0	-0.00075
0.957	0	-0.0009
0.958	-5E-05	-0.0012
0.959	0	-0.0009
0.96	0	-0.00045
0.961	0	-0.00045
0.962	0	-0.00075
0.963	0	-0.00015
0.964	0	-0.00045
0.965	0	-0.00075
0.966	-5E-05	-0.0003
0.967	-5E-05	-0.00075
0.968	0	-0.00135
0.969	-5E-05	-0.00105
0.97	0	-0.00105
0.971	0	-0.00075
0.972	0	-0.0006
0.973	0	-0.00075
0.974	0	-0.00135
0.975	-5E-05	-0.00045
0.976	0	-0.00105
0.977	0	-0.0012
0.978	0	-0.00075
0.979	-5E-05	-0.0009
0.98	0	-0.00075
0.981	-5E-05	-0.00045
0.982	0	-0.00045
0.983	0	-0.0003
0.984	0	-0.00015
0.985	-5E-05	-0.0006
0.986	0	-0.00105
0.987	-5E-05	-0.0012
0.988	-5E-05	-0.00135
0.989	0	-0.00075
0.99	-5E-05	-0.00075
0.991	-5E-05	-0.0012
0.992	0	-0.0003
0.993	0	-0.0003
0.994	0	-0.00015
0.995	-5E-05	-0.0006
0.996	-5E-05	-0.00075
0.997	0	-0.00045
0.998	-5E-05	-0.00045
0.999	0	-0.00015
1	-5E-05	-0.0009
1.001	0	-0.00045
1.002	0	-0.0006
1.003	0	-0.0006
1.004	-5E-05	-0.0009
1.005	0	-0.0012
1.006	-5E-05	-0.0009
1.007	0	-0.00075
1.008	-5E-05	-0.0006
1.009	0	-0.0006
1.01	0	0
1.011	-5E-05	-0.0006
1.012	0	-0.00075
1.013	-5E-05	-0.0006
1.014	0	-0.00045
1.015	0	-0.0006
1.016	-5E-05	-0.0003
1.017	0	-0.00075
1.018	0	-0.00045
1.019	0	-0.00075
1.02	0	-0.00075
1.021	0	-0.00075
1.022	0	-0.0009
1.023	0	-0.0003
1.024	-5E-05	-0.00075
1.025	0	-0.0003
1.026	0	-0.00045
1.027	-5E-05	-0.00015
1.028	0	-0.00045
1.029	0	-0.00015
1.03	-5E-05	-0.00045
1.031	0	-0.00075
1.032	0	0.00015
1.033	-5E-05	0
1.034	0	-0.00075
1.035	0	-0.00075
1.036	-5E-05	-0.00045
1.037	0	-0.00075
1.038	0	-0.00075
1.039	0	-0.0006
1.04	-5E-05	-0.0009
1.041	-5E-05	-0.0006
1.042	0	-0.00045
1.043	-5E-05	-0.00075
1.044	0	-0.00015
1.045	-5E-05	0
1.046	-5E-05	-0.0003
1.047	0	-0.00075
1.048	0	-0.00075
1.049	-5E-05	-0.0006
1.05	-5E-05	-0.0003
1.051	0	-0.0006
1.052	0	-0.0006
1.053	0	-0.00045
1.054	0	-0.00075
1.055	-5E-05	-0.0006
1.056	0	-0.00015
1.057	0	-0.00045
1.058	0	-0.00075
1.059	0	-0.00015
1.06	0	-0.00045
1.061	0	-0.0003
1.062	0	0.0003
1.063	0	0
1.064	0	0.00045
1.065	0	-0.00015
1.066	0	-0.00045
1.067	0	-0.0009
1.068	0	-0.0003
1.069	0	-0.0006
1.07	-5E-05	-0.0003
1.071	0	-0.00045
1.072	0	-0.0006
1.073	-5E-05	-0.00045
1.074	0	-0.0006
1.075	-5E-05	-0.00045
1.076	0	-0.0006
1.077	-5E-05	-0.0003
1.078	-5E-05	-0.0003
1.079	0	-0.00015
1.08	0	0
1.081	0	-0.0003
1.082	-5E-05	-0.00015
1.083	0	-0.00045
1.084	-5E-05	-0.0009
1.085	-5E-05	-0.00015
1.086	-5E-05	-0.0003
1.087	0	-0.00045
1.088	-5E-05	-0.00045
1.089	0	-0.00045
1.09	-5E-05	-0.0003
1.091	0	-0.00015
1.092	5E-05	-0.0006
1.093	0	-0.0006
1.094	-5E-05	0.00045
1.095	0	-0.0003
1.096	0	0
1.097	0	0.0003
1.098	0	0
1.099	0	0.0003
1.1	0	-0.00075
1.101	0	-0.00045
1.102	0	0
1.103	0	0.0003
1.104	0	0
1.105	0	-0.0003
1.106	-5E-05	-0.0003
1.107	0	-0.00015
1.108	0	0.0003
1.109	0	-0.00015
1.11	-5E-05	-0.0003
1.111	0	-0.00015
1.112	0	0.00075
1.113	0	0.0003
1.114	-5E-05	0.0006
1.115	0	0.00015
1.116	0	-0.0003
1.117	0	0.00015
1.118	-5E-05	0.0003
1.119	0	-0.00015
1.12	0	-0.00015
1.121	5E-05	-0.0003
1.122	0	-0.00015
1.123	-5E-05	0.0003
1.124	0	0.0003
1.125	0	0.0003
1.126	0	0.0003
1.127	0	0.00015
1.128	0	0.00015
1.129	0	0
1.13	-5E-05	-0.00015
1.131	0	0.0003
1.132	-5E-05	0.0006
1.133	0	-0.00015
1.134	0	0.00045
1.135	-5E-05	-0.0003
1.136	0	-0.0003
1.137	0	-0.0003
1.138	0	-0.0009
1.139	-5E-05	-0.0006
1.14	-5E-05	0
1.141	0	0
1.142	0	0.00045
1.143	-5E-05	0.00015
1.144	0	-0.00045
1.145	0	-0.0003
1.146	-5E-05	-0.0003
1.147	0	-0.0003
1.148	0	0
1.149	-5E-05	0
1.15	-5E-05	-0.0009
1.151	0	-0.0009
1.152	0	-0.00105
1.153	0	0
1.154	0	-0.00075
1.155	-5E-05	-0.0012
1.156	0	-0.0012
1.157	0	-0.0006
1.158	-5E-05	0
1.159	-5E-05	-0.00075
1.16	-5E-05	-0.00075
1.161	0	-0.00075
1.162	-5E-05	-0.00105
1.163	0	0.00015
1.164	0	-0.0003
1.165	-5E-05	-0.0015
1.166	0	-0.00075
1.167	0	-0.00045
1.168	-5E-05	-0.0009
1.169	0	-0.00045
1.17	0	-0.00105
1.171	-5E-05	-0.0012
1.172	0	-0.0003
1.173	0	-0.00135
1.174	-5E-05	-0.00045
1.175	-5E-05	-0.0003
1.176	0	-0.0006
1.177	0	-0.0006
1.178	0	-0.00015
1.179	0	-0.00105
1.18	-5E-05	-0.0009
1.181	-5E-05	-0.0006
1.182	0	-0.00075
1.183	0	0.00015
1.184	0	-0.0003
1.185	0	-0.00105
1.186	0	-0.0006
1.187	0	-0.0009
1.188	0	-0.00105
1.189	0	-0.0006
1.19	0	-0.0009
1.191	-5E-05	-0.00165
1.192	-5E-05	-0.0003
1.193	0	-0.00015
1.194	-5E-05	-0.00015
1.195	0	-0.0003
1.196	0	0.00015
1.197	0	-0.0003
1.198	0	-0.00045
1.199	0	-0.00075
1.2	0	-0.0009
1.201	-5E-05	-0.0006
1.202	0	-0.00045
1.203	0	-0.00075
1.204	-5E-05	-0.00015
1.205	0	0
1.206	0	-0.00135
1.207	0	0
1.208	-5E-05	-0.00045
1.209	0	-0.0009
1.21	0	-0.00045
1.211	0	-0.0006
1.212	0	-0.00045
1.213	0	0.0006
1.214	0	-0.00045
1.215	0	0.00015
1.216	0	-0.00015
1.217	-5E-05	-0.00105
1.218	0	-0.00075
1.219	0	-0.00075
1.22	-5E-05	-0.0012
1.221	0	-0.00075
1.222	0	-0.0006
1.223	0	-0.00075
1.224	-5E-05	-0.00045
1.225	0	-0.00045
1.226	0	-0.00015
1.227	0	-0.0012
1.228	0	-0.0006
1.229	-5E-05	-0.00075
1.23	0	-0.0006
1.231	0	-0.00075
1.232	0	-0.00045
1.233	-5E-05	-0.00015
1.234	0	-0.00075
1.235	0	-0.0012
1.236	-5E-05	-0.0009
1.237	0	-0.00075
1.238	0	-0.0009
1.239	0	-0.0003
1.24	0	-0.00105
1.241	0	-0.0009
1.242	-5E-05	-0.00045
1.243	0	-0.0003
1.244	0	-0.00105
1.245	-5E-05	-0.00045
1.246	-5E-05	-0.0006
1.247	0	-0.0003
1.248	0	-0.0006
1.249	-5E-05	-0.00075
1.25	-5E-05	-0.0003
1.251	0	-0.0009
1.252	-5E-05	-0.0009
1.253	0	-0.0009
1.254	-5E-05	-0.0003
1.255	-5E-05	-0.0012
1.256	0	-0.00105
1.257	0	-0.0009
1.258	-5E-05	-0.00105
1.259	0	-0.0006
1.26	0	-0.0006
1.261	-5E-05	0.00015
1.262	0	-0.0006
1.263	0	-0.00015
1.264	0	-0.00075
1.265	-5E-05	-0.0006
1.266	0	-0.0009
1.267	0	-0.00075
1.268	0	0
1.269	0	-0.00105
1.27	-5E-05	-0.0015
1.271	0	-0.00135
1.272	0	-0.00015
1.273	0	-0.0009
1.274	0	-0.00045
1.275	0	-0.0006
1.276	5E-05	-0.0006
1.277	-5E-05	-0.00015
1.278	-5E-05	-0.00075
1.279	0	-0.00045
1.28	0	-0.0006
1.281	-5E-05	-0.00075
1.282	0	-0.00105
1.283	0	0.0003
1.284	-5E-05	-0.00075
1.285	5E-05	-0.00045
1.286	0	-0.00045
1.287	0	-0.0012
1.288	0	-0.0009
1.289	0	-0.00075
1.29	0	-0.00135
1.291	-5E-05	-0.00105
1.292	0	-0.00045
1.293	-5E-05	-0.0006
1.294	0	0
1.295	0	-0.00075
1.296	-5E-05	-0.00015
1.297	-5E-05	-0.00045
1.298	-5E-05	-0.0009
1.299	-5E-05	-0.0009
1.3	-5E-05	-0.00045
1.301	0	-0.00105
1.302	0	-0.00105
1.303	0	-0.00045
1.304	0	-0.00045
1.305	0	-0.0006
1.306	-5E-05	-0.0006
1.307	-5E-05	-0.00105
1.308	0	-0.0006
1.309	0	-0.00045
1.31	0	-0.00015
1.311	0	-0.0003
1.312	0	-0.0003
1.313	0	-0.0006
1.314	0	-0.00075
1.315	0	0.00015
1.316	0	-0.00075
1.317	0	-0.0006
1.318	0	-0.00015
1.319	0	-0.00075
1.32	-5E-05	-0.00015
1.321	0	-0.0003
1.322	0	-0.00075
1.323	-5E-05	0
1.324	-5E-05	-0.00075
1.325	0	-0.0006
1.326	0	0.00015
1.327	-5E-05	-0.0003
1.328	0	-0.0006
1.329	0	0.00045
1.33	0	-0.00015
1.331	5E-05	0.00015
1.332	0	0.00015
1.333	0	-0.00075
1.334	0	0
1.335	0	-0.00045
1.336	0	-0.00075
1.337	0	-0.00075
1.338	0	-0.00015
1.339	-5E-05	-0.0006
1.34	0	-0.00015
1.341	-5E-05	0.00015
1.342	-5E-05	-0.00045
1.343	0	0.00015
1.344	0	0
1.345	0	-0.0003
1.346	0	0.00015
1.347	-5E-05	0.0003
1.348	0	-0.00015
1.349	0	0.0003
1.35	0	-0.00015
1.351	0	-0.00045
1.352	0	0.0003
1.353	0	-0.0003
1.354	0	-0.0009
1.355	-5E-05	0.00015
1.356	-5E-05	-0.00075
1.357	-5E-05	-0.0003
1.358	0	0.0006
1.359	0	-0.00015
1.36	0	0
1.361	0	0.0003
1.362	0	-0.00015
1.363	0	-0.00045
1.364	-5E-05	0.00045
1.365	0	-0.0003
1.366	-5E-05	0
1.367	0	-0.0003
1.368	-5E-05	-0.00075
1.369	0	0
1.37	0	-0.00015
1.371	-5E-05	-0.0009
1.372	-5E-05	-0.0006
1.373	0	0.0003
1.374	0	-0.00075
1.375	-5E-05	-0.0006
1.376	0	0.00015
1.377	0	-0.00015
1.378	0	-0.00075
1.379	0	-0.0006
1.38	-5E-05	-0.00045
1.381	0	-0.00015
1.382	0	-0.0003
1.383	0	-0.0003
1.384	-5E-05	0.00015
1.385	-5E-05	-0.00015
1.386	0	-0.00105
1.387	-5E-05	-0.00045
1.388	-5E-05	-0.0003
1.389	-5E-05	-0.00105
1.39	0	-0.0003
1.391	0	-0.0006
1.392	0	-0.0003
1.393	0	-0.00015
1.394	0	-0.00015
1.395	0	-0.00075
1.396	0	-0.0006
1.397	0	0.00015
1.398	0	-0.00015
1.399	0	0.0003
1.4	-5E-05	-0.0009
1.401	0	0.00015
1.402	0	-0.00015
1.403	-5E-05	-0.0006
1.404	0	-0.00105
1.405	0	-0.0003
1.406	0	-0.0009
1.407	0	-0.00045
1.408	-5E-05	-0.00015
1.409	0	-0.0006
1.41	0	-0.00015
1.411	0	-0.0003
1.412	0	0.0003
1.413	0	-0.00015
1.414	0	0.0006
1.415	0	0
1.416	-5E-05	-0.00045
1.417	-5E-05	-0.00045
1.418	0	-0.00015
1.419	0	-0.00015
1.42	0	-0.00045
1.421	0	-0.0009
1.422	0	-0.0009
1.423	0	0.00075
1.424	0	-0.0003
1.425	0	0.00015
1.426	0	0
1.427	5E-05	0
1.428	0	-0.00015
1.429	-5E-05	0
1.43	0	0.00015
1.431	0	0
1.432	0	-0.00015
1.433	0	-0.00075
1.434	0	0.00015
1.435	0	-0.0006
1.436	0	0.0003
1.437	-5E-05	-0.0003
1.438	0	-0.00105
1.439	0	-0.00045
1.44	0	0
1.441	0	-0.0006
1.442	-5E-05	-0.00045
1.443	0	-0.00015
1.444	-5E-05	-0.0003
1.445	-5E-05	0.0003
1.446	0	0.0003
1.447	-5E-05	0.00015
1.448	0	0.00015
1.449	-5E-05	-0.0003
1.45	-5E-05	-0.00015
1.451	0	-0.00015
1.452	-5E-05	-0.0003
1.453	0	-0.0003
1.454	-5E-05	-0.0003
1.455	0	0.00015
1.456	-5E-05	0
1.457	0	0.00015
1.458	-5E-05	-0.0015
1.459	-5E-05	-0.0006
1.46	0	0.00015
1.461	-5E-05	-0.00045
1.462	0	0.00015
1.463	-5E-05	0
1.464	-5E-05	-0.0003
1.465	-5E-05	0.0003
1.466	0	0.0006
1.467	0	-0.0012
1.468	0	-0.00015
1.469	0	-0.00045
1.47	0	-0.0006
1.471	-5E-05	-0.0006
1.472	0	-0.0006
1.473	0	-0.0003
1.474	-5E-05	0
1.475	0	-0.0006
1.476	0	-0.00105
1.477	-5E-05	0.00015
1.478	0	0.00045
1.479	0	-0.0006
1.48	0	-0.00105
1.481	0	-0.0003
1.482	0	-0.00015
1.483	-5E-05	0.0003
1.484	0	-0.00105
1.485	0	-0.00105
1.486	0	-0.0006
1.487	0	-0.0009
1.488	0	-0.0006
1.489	0	-0.0003
1.49	-5E-05	-0.0009
1.491	0	-0.0003
1.492	0	-0.00015
1.493	-5E-05	-0.0012
1.494	0	-0.0009
1.495	0	0
1.496	-5E-05	-0.00015
1.497	0	-0.00015
1.498	-5E-05	-0.00045
1.499	-5E-05	-0.0003
1.5	0	-0.00075
1.501	0	-0.00135
1.502	0	-0.00105
1.503	-5E-05	-0.0012
1.504	0	-0.0006
1.505	0	-0.00075
1.506	-5E-05	-0.00045
1.507	0	-0.00045
1.508	0	-0.0009
1.509	-5E-05	0
1.51	0	-0.0006
1.511	-5E-05	-0.0006
1.512	0	-0.00045
1.513	0	-0.0006
1.514	0	-0.00045
1.515	0	0
1.516	0	-0.00015
1.517	0	-0.0006
1.518	0	-0.0006
1.519	0	-0.0012
1.52	0	0.0003
1.521	0	-0.0012
1.522	-5E-05	-0.00135
1.523	-5E-05	-0.0006
1.524	0	-0.0003
1.525	-5E-05	0.00015
1.526	0	0.00045
1.527	0	-0.00015
1.528	0	-0.0006
1.529	0	-0.00015
1.53	0	-0.0003
1.531	0	-0.00015
1.532	0	-0.00015
1.533	0	0
1.534	0	0.00015
1.535	0	-0.00015
1.536	0	-0.0003
1.537	0	-0.0003
1.538	-5E-05	-0.00015
1.539	0	-0.0006
1.54	0	-0.0009
1.541	-5E-05	-0.0003
1.542	0	-0.0003
1.543	0	0
1.544	0	0.00045
1.545	0	0.0003
1.546	0	0.00045
1.547	0	0.0003
1.548	0	0
1.549	0	-0.00015
1.55	0	0.00015
1.551	-5E-05	-0.00075
1.552	0	-0.0009
1.553	0	-0.00045
1.554	-5E-05	-0.00045
1.555	0	0.00015
1.556	-5E-05	0
1.557	0	-0.00075
1.558	0	-0.00045
1.559	0	0.00015
1.56	0	0.00015
1.561	0	0
1.562	0	-0.0003
1.563	-5E-05	-0.0006
1.564	0	-0.00045
1.565	0	0.0003
1.566	0	0.00045
1.567	0	-0.00015
1.568	0	-0.0009
1.569	-5E-05	-0.0009
1.57	-5E-05	-0.0003
1.571	0	-0.00045
1.572	0	-0.0012
1.573	-5E-05	-0.00135
1.574	0	-0.00045
1.575	-5E-05	-0.00045
1.576	0	0.0006
1.577	-5E-05	-0.00015
1.578	0	-0.00075
1.579	0	-0.00045
1.58	0	-0.00075
1.581	0	-0.00075
1.582	0	-0.0006
1.583	0	-0.0009
1.584	0	-0.00105
1.585	-5E-05	-0.00105
1.586	-5E-05	-0.00075
1.587	0	-0.0009
1.588	-5E-05	-0.00105
1.589	-5E-05	-0.00135
1.59	0	-0.0012
1.591	0	-0.00135
1.592	-5E-05	-0.0009
1.593	0	-0.0006
1.594	-5E-05	-0.00075
1.595	0	-0.0006
1.596	0	-0.0003
1.597	0	-0.00075
1.598	0	-0.00075
1.599	0	-0.00045
1.6	0	-0.0006
1.601	0	-0.00135
1.602	-5E-05	-0.00075
1.603	-5E-05	-0.00075
1.604	0	-0.0012
1.605	-5E-05	-0.0006
1.606	0	-0.00165
1.607	0	-0.0009
1.608	-5E-05	-0.00135
1.609	0	-0.0012
1.61	0	-0.0006
1.611	-5E-05	-0.00015
1.612	0	-0.0006
1.613	0	-0.00045
1.614	0	-0.00045
1.615	-5E-05	-0.00075
1.616	0	0
1.617	-5E-05	-0.0006
1.618	0	-0.0009
1.619	0	-0.0012
1.62	-5E-05	-0.0009
1.621	-5E-05	-0.00105
1.622	-5E-05	-0.00075
1.623	-5E-05	-0.00075
1.624	-5E-05	-0.0009
1.625	0	-0.00015
1.626	0	-0.00045
1.627	-5E-05	-0.00105
1.628	0	-0.00045
1.629	0	-0.0003
1.63	0	-0.0006
1.631	-5E-05	0
1.632	0	-0.0003
1.633	-5E-05	-0.0006
1.634	0	0
1.635	0	-0.0006
1.636	-5E-05	-0.0009
1.637	0	-0.0012
1.638	0	-0.00105
1.639	0	-0.00075
1.64	0	-0.00045
1.641	0	-0.00045
1.642	-5E-05	-0.00075
1.643	-5E-05	-0.00015
1.644	0	-0.0003
1.645	0	-0.0009
1.646	0	0
1.647	-5E-05	-0.0006
1.648	0	-0.0009
1.649	-5E-05	0
1.65	0	-0.00075
1.651	-5E-05	-0.00075
1.652	-5E-05	-0.0003
1.653	0	-0.00075
1.654	-5E-05	-0.0009
1.655	0	-0.00075
1.656	-5E-05	-0.0009
1.657	0	-0.00015
1.658	-5E-05	-0.00075
1.659	0	-0.00075
1.66	0	-0.0003
1.661	0	-0.00015
1.662	0	-0.00105
1.663	-5E-05	-0.0003
1.664	0	-0.00015
1.665	0	-0.00075
1.666	0	-0.00045
1.667	-5E-05	-0.00075
1.668	-5E-05	-0.0006
1.669	0	-0.00105
1.67	0	-0.0006
1.671	0	-0.0009
1.672	-5E-05	-0.0009
1.673	5E-05	-0.0009
1.674	0	-0.0009
1.675	0	-0.0003
1.676	-5E-05	-0.00075
1.677	-5E-05	-0.00075
1.678	0	-0.0006
1.679	0	-0.0003
1.68	0	-0.00045
1.681	-5E-05	-0.0003
1.682	0	-0.0006
1.683	0	-0.00045
1.684	-5E-05	-0.00045
1.685	0	-0.0006
1.686	0	-0.00075
1.687	-5E-05	-0.00075
1.688	0	-0.00075
1.689	0	-0.0006
1.69	0	-0.00075
1.691	0	-0.00075
1.692	0	-0.0006
1.693	0	-0.00045
1.694	0	-0.00015
1.695	-5E-05	0
1.696	0	0.00015
1.697	0	-0.00015
1.698	-5E-05	-0.00045
1.699	0	-0.0006
1.7	-5E-05	-0.0003
1.701	0	-0.0003
1.702	0	-0.0006
1.703	0	-0.00045
1.704	-5E-05	-0.00045
1.705	0	-0.00045
1.706	0	-0.00075
1.707	0	-0.0003
1.708	-5E-05	-0.0009
1.709	0	-0.0006
1.71	0	-0.0003
1.711	0	-0.00045
1.712	0	0.00015
1.713	0	0.00015
1.714	0	-0.00015
1.715	0	-0.0006
1.716	-5E-05	-0.0003
1.717	0	-0.0006
1.718	-5E-05	0
1.719	0	-0.0003
1.72	0	-0.0009
1.721	-5E-05	-0.00045
1.722	0	-0.00015
1.723	-5E-05	0.00045
1.724	-5E-05	-0.0006
1.725	0	0
1.726	-5E-05	-0.0003
1.727	-5E-05	0.00015
1.728	0	-0.00015
1.729	0	-0.00015
1.73	-5E-05	0.00015
1.731	0	-0.0003
1.732	-5E-05	-0.00015
1.733	0	0.00015
1.734	5E-05	-0.00015
1.735	0	-0.00075
1.736	0	0
1.737	-5E-05	-0.00075
1.738	0	-0.00015
1.739	0	0.00015
1.74	-5E-05	-0.0006
1.741	0	-0.0003
1.742	-5E-05	-0.0003
1.743	0	-0.00045
1.744	0	0
1.745	0	-0.00015
1.746	0	-0.0003
1.747	5E-05	0.0003
1.748	0	0.0003
1.749	0	0.00045
1.75	0	0.0003
1.751	0	-0.00015
1.752	0	-0.00045
1.753	-5E-05	-0.0006
1.754	0	-0.00045
1.755	-5E-05	-0.0006
1.756	0	-0.00015
1.757	-5E-05	-0.0003
1.758	0	-0.0003
1.759	0	0
1.76	-5E-05	-0.00015
1.761	0	0
1.762	0	0.00015
1.763	0	-0.00015
1.764	0	0.00015
1.765	0	0.0003
1.766	-5E-05	0
1.767	0	-0.00015
1.768	0	-0.00015
1.769	-5E-05	-0.00045
1.77	0	-0.0006
1.771	-5E-05	-0.0006
1.772	-5E-05	-0.0006
1.773	0	-0.00015
1.774	0	-0.00015
1.775	5E-05	0
1.776	0	0
1.777	-5E-05	0
1.778	-5E-05	-0.0003
1.779	0	0.00015
1.78	-5E-05	-0.00015
1.781	-5E-05	-0.0006
1.782	-5E-05	0.00015
1.783	0	0.00015
1.784	0	-0.00015
1.785	-5E-05	-0.0003
1.786	-5E-05	-0.00015
1.787	-5E-05	-0.00045
1.788	-5E-05	0
1.789	0	-0.00015
1.79	0	-0.0003
1.791	0	0
1.792	-5E-05	-0.00045
1.793	0	-0.0003
1.794	0	0.00015
1.795	0	-0.00015
1.796	0	-0.00015
1.797	0	0.00015
1.798	0	-0.0006
1.799	0	-0.00015
1.8	0	0
1.801	-0.0001	-0.0006
1.802	0	-0.0009
1.803	0	-0.0003
1.804	-5E-05	-0.0006
1.805	0	-0.0006
1.806	-5E-05	-0.0003
1.807	0	-0.00075
1.808	0	-0.00075
1.809	0	-0.0003
1.81	0	-0.0006
1.811	0	-0.00045
1.812	0	-0.00045
1.813	-5E-05	-0.00045
1.814	-5E-05	-0.0003
1.815	0	-0.0003
1.816	0	-0.00045
1.817	-5E-05	-0.0003
1.818	0	-0.00075
1.819	0	-0.00075
1.82	0	-0.0006
1.821	0	-0.0009
1.822	-5E-05	-0.0009
1.823	0	-0.00045
1.824	0	-0.00105
1.825	0	-0.0006
1.826	-5E-05	-0.0006
1.827	0	-0.00075
1.828	0	-0.0003
1.829	0	-0.00015
1.83	-5E-05	-0.0006
1.831	0	-0.00045
1.832	-5E-05	-0.0009
1.833	-5E-05	-0.0009
1.834	0	-0.0009
1.835	-5E-05	-0.00105
1.836	-5E-05	-0.00105
1.837	0	-0.0006
1.838	-5E-05	-0.00075
1.839	0	-0.0012
1.84	-5E-05	-0.0009
1.841	0	-0.0009
1.842	-5E-05	-0.00075
1.843	-5E-05	-0.00075
1.844	-5E-05	-0.0006
1.845	0	-0.00075
1.846	-5E-05	0.00015
1.847	0	-0.0003
1.848	0	-0.0009
1.849	0	-0.0003
1.85	-5E-05	-0.0012
1.851	0	-0.0009
1.852	0	-0.0006
1.853	0	-0.00105
1.854	0	-0.0012
1.855	0	-0.00075
1.856	0	-0.0009
1.857	0	-0.00075
1.858	-5E-05	-0.00045
1.859	-5E-05	-0.0009
1.86	0	-0.0009
1.861	0	-0.0006
1.862	0	-0.0006
1.863	0	-0.00045
1.864	-5E-05	-0.0009
1.865	0	-0.0009
1.866	0	-0.0006
1.867	0	-0.0003
1.868	-5E-05	-0.0009
1.869	-5E-05	-0.0009
1.87	0	-0.0006
1.871	-5E-05	-0.00105
1.872	0	-0.00075
1.873	-5E-05	-0.00135
1.874	0	-0.00075
1.875	0	0.00015
1.876	0	0
1.877	0	-0.00075
1.878	-5E-05	-0.0006
1.879	0	-0.0003
1.88	-5E-05	-0.00015
1.881	0	-0.00045
1.882	0	-0.0012
1.883	0	-0.00015
1.884	0	-0.00015
1.885	-5E-05	-0.00045
1.886	0	-0.00075
1.887	0	-0.00045
1.888	-5E-05	-0.00015
1.889	-5E-05	-0.0003
1.89	-5E-05	-0.00045
1.891	0	-0.00105
1.892	0	-0.00015
1.893	0	-0.00015
1.894	0	-0.0003
1.895	0	-0.00045
1.896	-5E-05	0.00015
1.897	-5E-05	-0.00015
1.898	0	0.00015
1.899	0	-0.0003
1.9	0	-0.00045
1.901	-5E-05	-0.0003
1.902	0	-0.0006
1.903	0	-0.00075
1.904	-5E-05	-0.0003
1.905	0	-0.0003
1.906	-5E-05	-0.0006
1.907	0	-0.0003
1.908	-5E-05	-0.0009
1.909	0	-0.00015
1.91	0	-0.0003
1.911	0	-0.0003
1.912	0	-0.0003
1.913	0	0.0003
1.914	-5E-05	-0.0003
1.915	0	-0.0003
1.916	0	-0.00045
1.917	-5E-05	-0.00075
1.918	0	-0.00045
1.919	0	-0.0006
1.92	0	-0.00075
1.921	0	-0.00075
1.922	-5E-05	-0.00075
1.923	0	-0.0009
1.924	0	-0.0006
1.925	0	-0.0003
1.926	0	-0.0003
1.927	0	-0.00075
1.928	-5E-05	-0.0006
1.929	-5E-05	-0.0009
1.93	-5E-05	0.00015
1.931	0	-0.0003
1.932	0	-0.00075
1.933	-5E-05	-0.00015
1.934	-5E-05	-0.00105
1.935	-5E-05	-0.0006
1.936	-5E-05	-0.0006
1.937	0	-0.00105
1.938	0	-0.0012
1.939	-5E-05	-0.0006
1.94	0	-0.0009
1.941	-5E-05	-0.00105
1.942	-5E-05	-0.00075
1.943	0	-0.0012
1.944	0	-0.00075
1.945	0	-0.00075
1.946	-5E-05	-0.00105
1.947	0	-0.0003
1.948	0	-0.00015
1.949	0	-0.00075
1.95	0	-0.0006
1.951	-5E-05	-0.00105
1.952	0	-0.00075
1.953	0	-0.00105
1.954	0	-0.00075
1.955	-5E-05	-0.00075
1.956	5E-05	-0.0009
1.957	0	-0.0009
1.958	0	-0.0003
1.959	-5E-05	0
1.96	0	0
1.961	0	-0.00015
1.962	-5E-05	-0.0009
1.963	0	-0.0003
1.964	0	-0.00015
1.965	0	0
1.966	0	-0.00015
1.967	-5E-05	-0.00105
1.968	0	0.0003
1.969	-5E-05	-0.00045
1.97	-5E-05	-0.0006
1.971	-5E-05	-0.0003
1.972	0	-0.00075
1.973	0	-0.00105
1.974	-5E-05	-0.00015
1.975	-5E-05	0
1.976	0	0.00045
1.977	0	0.00075
1.978	-5E-05	-0.00075
1.979	0	0.0006
1.98	-5E-05	0.0006
1.981	0	0.00015
1.982	0	0.00015
1.983	0	-0.00015
1.984	0	-0.0003
1.985	0	0.0003
1.986	0	0
1.987	0	-0.00015
1.988	-5E-05	-0.00015
1.989	0	-0.0003
1.99	-5E-05	0
1.991	-5E-05	-0.00015
1.992	0	-0.00045
1.993	0	0
1.994	0	0.00075
1.995	-5E-05	0.00045
1.996	0	0.00045
1.997	-5E-05	0.0006
1.998	0	0.0003
1.999	0	0.00075
2	0	-0.00015
2.001	0	-0.00075
2.002	0	0
2.003	0	-0.00015
2.004	-5E-05	0
2.005	0	0.00045
2.006	0	0.0003
2.007	-5E-05	-0.0006
2.008	0	-0.00045
2.009	0	-0.0003
2.01	0	0.00015
2.011	0	-0.0003
2.012	0	-0.00015
2.013	0	-0.0003
2.014	0	0.00045
2.015	0	0.00045
2.016	0	-0.0003
2.017	0	-0.00015
2.018	0	-0.00015
2.019	0	-0.0006
2.02	-5E-05	0.00015
2.021	0	-0.00045
2.022	0	-0.0006
2.023	-5E-05	0
2.024	0	-0.00045
2.025	-5E-05	-0.00015
2.026	0	-0.0003
2.027	0	-0.0003
2.028	0	0
2.029	0	0.00015
2.03	0	-0.0009
2.031	0	0.00075
2.032	-5E-05	-0.00015
2.033	0	-0.0006
2.034	0	-0.00015
2.035	0	0
2.036	0	-0.0009
2.037	0	-0.00075
2.038	0	0
2.039	0	-0.00045
2.04	0	-0.00015
2.041	-5E-05	0.00045
2.042	-5E-05	-0.00045
2.043	0	-0.0006
2.044	-5E-05	0.00015
2.045	0	0.0003
2.046	0	-0.00015
2.047	0	0
2.048	-5E-05	-0.00075
2.049	-5E-05	0.0006
2.05	0	0.00045
2.051	-5E-05	-0.0009
2.052	0	-0.00015
2.053	0	0.00015
2.054	-5E-05	-0.00105
2.055	0	-0.0003
2.056	-5E-05	-0.0006
2.057	0	-0.0006
2.058	0	0.00045
2.059	0	0.00015
2.06	0	0
2.061	0	0
2.062	0	0.00015
2.063	0	0.00015
2.064	0	0.0003
2.065	-5E-05	-0.0003
2.066	0	0.0003
2.067	0	0.0006
2.068	-5E-05	0
2.069	-5E-05	-0.0006
2.07	-5E-05	-0.0003
2.071	0	-0.0006
2.072	-5E-05	-0.0012
2.073	0	-0.00015
2.074	-5E-05	-0.0006
2.075	0	0
2.076	0	0.0003
2.077	-5E-05	0.0003
2.078	-5E-05	0
2.079	0	0
2.08	0	-0.0003
2.081	-5E-05	0.0003
2.082	-5E-05	-0.00015
2.083	0	-0.00015
2.084	0	0
2.085	0	0.00015
2.086	0	-0.0009
2.087	0	-0.0003
2.088	0	-0.00045
2.089	0	-0.0003
2.09	0	-0.00015
2.091	-5E-05	-0.00075
2.092	0	-0.00045
2.093	-5E-05	-0.00015
2.094	0	-0.00015
2.095	0	0.00015
2.096	0	0
2.097	-5E-05	-0.0006
2.098	0	0
2.099	-5E-05	0.00015
2.1	0	-0.00045
2.101	0	0
2.102	-5E-05	-0.00015
2.103	0	-0.00045
2.104	0	-0.00045
2.105	0	-0.0006
2.106	-5E-05	-0.00045
2.107	-5E-05	0.0003
2.108	0	-0.00075
2.109	0	-0.00075
2.11	0	0
2.111	-5E-05	0.00015
2.112	0	-0.0003
2.113	-5E-05	-0.0003
2.114	-5E-05	-0.0009
2.115	-5E-05	-0.00045
2.116	-5E-05	0.00015
2.117	0	-0.0003
2.118	0	-0.0006
2.119	0	-0.00045
2.12	0	-0.00045
2.121	0	-0.0006
2.122	0	-0.0006
2.123	0	-0.0006
2.124	0	-0.0009
2.125	0	-0.00015
2.126	-5E-05	-0.0006
2.127	-5E-05	-0.00075
2.128	0	0
2.129	0	-0.0006
2.13	0	-0.0003
2.131	0	-0.00045
2.132	0	-0.00075
2.133	0	-0.00045
2.134	-5E-05	-0.00045
2.135	0	-0.0015
2.136	-5E-05	-0.00015
2.137	0	-0.00045
2.138	0	-0.0006
2.139	0	0.0003
2.14	0	-0.0012
2.141	0	-0.00105
2.142	-5E-05	-0.00045
2.143	-5E-05	-0.0003
2.144	0	-0.00075
2.145	-5E-05	-0.0003
2.146	-5E-05	-0.00045
2.147	0	-0.00015
2.148	-5E-05	0.00015
2.149	0	-0.0003
2.15	0	-0.00045
2.151	-5E-05	-0.0012
2.152	-5E-05	-0.00105
2.153	-5E-05	-0.00105
2.154	0	-0.00105
2.155	0	-0.00135
2.156	0	-0.0015
2.157	-5E-05	-0.00015
2.158	0	-0.00075
2.159	0	-0.0003
2.16	0	-0.0003
2.161	0	-0.00015
2.162	0	-0.00075
2.163	0	0.00015
2.164	-5E-05	-0.0012
2.165	0	-0.00045
2.166	0	-0.0003
2.167	-5E-05	-0.00045
2.168	0	-0.00015
2.169	0	-0.0009
2.17	-5E-05	-0.00075
2.171	-5E-05	-0.00015
2.172	0	-0.00075
2.173	0	-0.0015
2.174	0	-0.00075
2.175	0	-0.00075
2.176	0	-0.0006
2.177	0	-0.00075
2.178	0	-0.0003
2.179	0	0.00015
2.18	-5E-05	-0.00015
2.181	0	-0.0003
2.182	0	-0.0006
2.183	0	-0.0009
2.184	-5E-05	-0.00135
2.185	0	-0.0009
2.186	0	-0.0006
2.187	-5E-05	-0.00105
2.188	0	-0.0003
2.189	0	-0.0003
2.19	0	-0.0009
2.191	0	-0.00105
2.192	-5E-05	-0.00015
2.193	0	-0.0009
2.194	0	-0.00075
2.195	0	-0.00015
2.196	0	-0.00045
2.197	0	-0.0003
2.198	-5E-05	-0.0009
2.199	-5E-05	-0.00075
2.2	-5E-05	-0.0003
2.201	0	-0.00075
2.202	0	-0.0012
2.203	-5E-05	-0.0003
2.204	5E-05	-0.00075
2.205	0	-0.0009
2.206	0	-0.00015
2.207	0	-0.00045
2.208	0	-0.0006
2.209	0	0.0003
2.21	0	0
2.211	0	-0.0003
2.212	0	-0.0006
2.213	0	-0.0003
2.214	5E-05	0
2.215	0	0.00075
2.216	-5E-05	-0.00045
2.217	0	-0.00045
2.218	-5E-05	-0.0003
2.219	-5E-05	-0.0012
2.22	0	-0.00075
2.221	-5E-05	-0.0006
2.222	0	-0.0012
2.223	0	-0.0009
2.224	0	-0.00045
2.225	-5E-05	-0.0003
2.226	0	-0.00045
2.227	0	-0.0003
2.228	0	-0.00015
2.229	-5E-05	-0.00015
2.23	0	0.0003
2.231	0	-0.00015
2.232	-5E-05	-0.0006
2.233	0	-0.00045
2.234	0	-0.0009
2.235	0	-0.00045
2.236	0	-0.00045
2.237	-5E-05	-0.00075
2.238	0	-0.00045
2.239	0	-0.00045
2.24	0	-0.00105
2.241	0	-0.00015
2.242	0	-0.00015
2.243	0	-0.00075
2.244	0	-0.00015
2.245	0	-0.0003
2.246	0	0.0003
2.247	0	0
2.248	-5E-05	-0.00105
2.249	0	-0.0003
2.25	0	0
2.251	0	-0.00015
2.252	0	-0.0003
2.253	-5E-05	-0.0006
2.254	0	-0.0009
2.255	0	-0.00075
2.256	0	-0.00075
2.257	0	-0.00015
2.258	0	-0.00015
2.259	0	-0.0006
2.26	0	-0.0003
2.261	-5E-05	-0.00015
2.262	-5E-05	0
2.263	0	0.00045
2.264	-5E-05	-0.00045
2.265	0	-0.0006
2.266	0	-0.0003
2.267	-5E-05	-0.00015
2.268	0	0
2.269	0	-0.0003
2.27	0	-0.00045
2.271	0	-0.00105
2.272	0	-0.0003
2.273	0	-0.0003
2.274	0	-0.0003
2.275	0	-0.00045
2.276	0	-0.00015
2.277	-5E-05	-0.00015
2.278	-5E-05	-0.00015
2.279	-5E-05	0
2.28	0	-0.0003
2.281	0	-0.0003
2.282	0	-0.0012
2.283	0	-0.00015
2.284	0	0
2.285	0	-0.00015
2.286	-5E-05	-0.00045
2.287	-5E-05	-0.00015
2.288	0	-0.0006
2.289	0	-0.00015
2.29	-5E-05	0.00015
2.291	0	-0.0009
2.292	-5E-05	-0.00045
2.293	0	0.0003
2.294	0	-0.00015
2.295	0	0
2.296	0	0
2.297	0	-0.00015
2.298	0	-0.0003
2.299	0	0
2.3	0	-0.00015
2.301	-5E-05	-0.0003
2.302	-5E-05	-0.00105
2.303	0	-0.00105
2.304	-5E-05	-0.00075
2.305	0	-0.00015
2.306	0	-0.00105
2.307	-5E-05	-0.00045
2.308	0	0
2.309	-5E-05	-0.00075
2.31	-5E-05	-0.0003
2.311	0	-0.0003
2.312	0	0
2.313	-5E-05	-0.00075
2.314	0	0
2.315	0	-0.0003
2.316	0	0.0003
2.317	0	0
2.318	0	-0.00075
2.319	0	-0.00045
2.32	-5E-05	-0.0006
2.321	0	-0.0009
2.322	-5E-05	-0.00045
2.323	0	-0.0003
2.324	0	-0.0015
2.325	0	0.00015
2.326	0	0.0003
2.327	-5E-05	-0.00045
2.328	0	-0.0003
2.329	0	-0.00075
2.33	0	-0.00075
2.331	-5E-05	-0.0006
2.332	0	-0.0003
2.333	0	-0.0003
2.334	-5E-05	-0.00015
2.335	-5E-05	-0.0006
2.336	0	-0.00075
2.337	0	-0.0012
2.338	-5E-05	-0.0012
2.339	-5E-05	-0.00105
2.34	0	-0.0009
2.341	-5E-05	-0.0012
2.342	0	-0.00105
2.343	0	-0.0003
2.344	0	-0.00075
2.345	0	-0.0009
2.346	0	-0.00075
2.347	0	-0.0006
2.348	-5E-05	-0.00135
2.349	-5E-05	-0.0006
2.35	-5E-05	-0.0012
2.351	0	-0.00075
2.352	0	-0.00105
2.353	-5E-05	-0.00135
2.354	0	-0.0009
2.355	0	-0.0006
2.356	-5E-05	-0.0006
2.357	-5E-05	-0.00105
2.358	0	-0.0009
2.359	0	-0.0012
2.36	0	-0.0006
2.361	0	-0.00015
2.362	0	-0.0009
2.363	0	-0.00075
2.364	-5E-05	-0.00075
2.365	0	-0.0006
2.366	-5E-05	0
2.367	-5E-05	-0.0012
2.368	0	-0.00075
2.369	-5E-05	-0.00135
2.37	0	-0.0012
2.371	0	-0.0006
2.372	-5E-05	-0.00075
2.373	-5E-05	-0.0009
2.374	0	-0.00135
2.375	-5E-05	-0.00075
2.376	0	-0.0006
2.377	0	0.00045
2.378	0	-0.0003
2.379	0	-0.00015
2.38	-5E-05	-0.00045
2.381	0	-0.00045
2.382	0	0.0003
2.383	0	-0.00045
2.384	0	-0.0003
2.385	-5E-05	-0.00075
2.386	0	-0.0003
2.387	-5E-05	-0.00015
2.388	0	0.0003
2.389	0	-0.00045
2.39	0	-0.0003
2.391	0	-0.00045
2.392	0	0
2.393	0	-0.0003
2.394	0	0.00015
2.395	0	0
2.396	-5E-05	-0.0003
2.397	0	0.00075
2.398	0	0.00015
2.399	0	0.00045
2.4	0	0
2.401	-5E-05	-0.0003
2.402	0	-0.0003
2.403	0	-0.00015
2.404	-5E-05	-0.00075
2.405	0	-0.0003
2.406	0	0.00015
2.407	0	-0.0003
2.408	0	-0.00015
2.409	-5E-05	-0.0003
2.41	0	0.00045
2.411	0	-0.00045
2.412	0	0.0003
2.413	-5E-05	-0.00015
2.414	0	-0.00015
2.415	0	-0.00015
2.416	0	-0.00015
2.417	-5E-05	-0.00015
2.418	0	-0.00015
2.419	0	-0.00015
2.42	0	-0.00045
2.421	0	-0.00045
2.422	-5E-05	-0.00045
2.423	0	0.00015
2.424	-5E-05	-0.0009
2.425	0	-0.0003
2.426	0	-0.0003
2.427	0	0.00015
2.428	-5E-05	-0.0006
2.429	0	-0.00045
2.43	0	-0.00015
2.431	0	-0.00045
2.432	0	0
2.433	-5E-05	-0.0006
2.434	-5E-05	-0.00075
2.435	0	-0.00045
2.436	-5E-05	-0.00045
2.437	-5E-05	-0.00105
2.438	-5E-05	-0.00045
2.439	0	-0.00075
2.44	0	-0.00075
2.441	0	-0.0003
2.442	-5E-05	-0.0012
2.443	-5E-05	-0.0006
2.444	0	-0.00015
2.445	0	-0.0003
2.446	0	-0.0009
2.447	-5E-05	-0.00015
2.448	0	-0.0006
2.449	0	-0.00045
2.45	0	-0.0003
2.451	0	-0.0006
2.452	0	0.00015
2.453	0	-0.0009
2.454	-5E-05	-0.0009
2.455	0	-0.0012
2.456	-5E-05	-0.00075
2.457	0	-0.0009
2.458	-5E-05	-0.00015
2.459	0	-0.0003
2.46	0	-0.00045
2.461	0	0
2.462	0	0
2.463	0	-0.00075
2.464	0	-0.0009
2.465	-5E-05	-0.00075
2.466	0	-0.0006
2.467	-5E-05	-0.00015
2.468	0	-0.0003
2.469	0	-0.0009
2.47	-5E-05	-0.0006
2.471	0	-0.0009
2.472	0	-0.0009
2.473	-5E-05	-0.00015
2.474	-5E-05	-0.00105
2.475	-5E-05	-0.00075
2.476	0	-0.0003
2.477	0	-0.00015
2.478	0	-0.00075
2.479	0	-0.0003
2.48	0	-0.00045
2.481	0	-0.00075
2.482	0	0
2.483	-5E-05	-0.00075
2.484	-5E-05	-0.00075
2.485	0	-0.00075
2.486	0	-0.0009
2.487	0	-0.00075
2.488	-5E-05	-0.00105
2.489	-5E-05	-0.00075
2.49	0	-0.00045
2.491	0	-0.0003
2.492	0	-0.00045
2.493	-5E-05	-0.00075
2.494	0	-0.00015
2.495	0	-0.00015
2.496	0	-0.0003
2.497	0	-0.0006
2.498	-5E-05	-0.00075
2.499	0	0
2.5	0	-0.00045
2.501	0	-0.0003
2.502	-5E-05	-0.0006
2.503	0	-0.00015
2.504	0	-0.00045
2.505	-5E-05	-0.00075
2.506	-5E-05	-0.0009
2.507	-5E-05	-0.00075
2.508	0	0.0003
2.509	0	-0.00015
2.51	0	-0.00075
2.511	0	-0.00015
2.512	0	0
2.513	0	-0.00015
2.514	-5E-05	-0.00045
2.515	-5E-05	-0.00075
2.516	0	-0.0006
2.517	0	0
2.518	0	-0.00015
2.519	-5E-05	-0.00075
2.52	0	-0.00015
2.521	-5E-05	-0.0003
2.522	0	-0.0003
2.523	0	-0.00045
2.524	-5E-05	-0.00075
2.525	0	-0.00015
2.526	-5E-05	-0.00045
2.527	0	0
2.528	0	0
2.529	0	0.00015
2.53	-5E-05	-0.00015
2.531	0	0.0003
2.532	0	-0.00015
2.533	0	-0.0003
2.534	0	-0.00015
2.535	-5E-05	-0.00045
2.536	0	-0.0012
2.537	-5E-05	-0.00015
2.538	0	0
2.539	-5E-05	-0.00015
2.54	0	0.0003
2.541	0	-0.00015
2.542	-5E-05	-0.0003
2.543	0	-0.0003
2.544	0	-0.00015
2.545	0	-0.00015
2.546	0	0
2.547	-5E-05	-0.00045
2.548	0	-0.0003
2.549	-5E-05	0.0003
2.55	0	-0.00015
2.551	0	-0.00015
2.552	0	-0.0009
2.553	-5E-05	-0.00105
2.554	0	-0.0006
2.555	0	-0.0006
2.556	0	-0.0003
2.557	-5E-05	-0.00045
2.558	0	-0.0006
2.559	0	-0.0003
2.56	0	-0.00015
2.561	0	0.00015
2.562	0	-0.00045
2.563	-5E-05	-0.00015
2.564	0	-0.0006
2.565	0	-0.00045
2.566	0	0.0003
2.567	-5E-05	-0.00045
2.568	0	-0.00045
2.569	-5E-05	-0.0009
2.57	0	-0.00075
2.571	0	-0.00105
2.572	-5E-05	-0.00045
2.573	0	-0.00105
2.574	0	-0.00075
2.575	0	-0.0006
2.576	-5E-05	-0.00045
2.577	0	-0.0006
2.578	0	-0.0006
2.579	-5E-05	-0.0006
2.58	0	-0.0006
2.581	0	-0.00015
2.582	5E-05	-0.0006
2.583	0.0001	-0.00045
2.584	0.0001	-0.00075
2.585	0.00015	-0.0006
2.586	0.00015	-0.00045
2.587	0.00015	-0.00105
2.588	0.0002	-0.00105
2.589	0.0002	-0.0006
2.59	0.0002	-0.0006
2.591	0.00025	-0.00105
2.592	0.0002	-0.00015
2.593	0.0002	-0.0006
2.594	0.0002	-0.00045
2.595	0.0002	-0.00015
2.596	0.00025	-0.00045
2.597	0.00025	-0.00075
2.598	0.00025	-0.0006
2.599	0.00025	-0.0003
2.6	0.0002	-0.00045
2.601	0.0002	0
2.602	0.0002	-0.00075
2.603	0.0002	-0.00075
2.604	0.0002	-0.00075
2.605	0.0002	-0.00075
2.606	0.00025	-0.0006
2.607	0.0002	-0.00075
2.608	0.00025	-0.00075
2.609	0.0002	-0.0006
2.61	0.0002	0
2.611	0.00025	-0.0003
2.612	0.00025	-0.0003
2.613	0.00025	-0.00045
2.614	0.00025	-0.00075
2.615	0.00025	-0.00045
2.616	0.00025	-0.00015
2.617	0.0002	-0.00075
2.618	0.00025	-0.0003
2.619	0.00025	-0.00045
2.62	0.00025	-0.0009
2.621	0.00025	-0.00045
2.622	0.0003	-0.0003
2.623	0.00035	-0.00045
2.624	0.00045	-0.00045
2.625	0.0005	-0.00015
2.626	0.00055	-0.0003
2.627	0.00065	-0.00015
2.628	0.00065	-0.00015
2.629	0.0007	-0.0006
2.63	0.00075	-0.00015
2.631	0.00075	0
2.632	0.0008	0
2.633	0.0008	-0.00015
2.634	0.0009	0
2.635	0.00095	-0.0003
2.636	0.0011	-0.0003
2.637	0.00135	0.0003
2.638	0.0016	0.00015
2.639	0.0019	0.00015
2.64	0.00225	0.00045
2.641	0.0026	0.0006
2.642	0.00305	0.00135
2.643	0.00345	0.0018
2.644	0.00385	0.00165
2.645	0.0043	0.00255
2.646	0.00475	0.0027
2.647	0.0052	0.0027
2.648	0.0056	0.00285
2.649	0.00565	0.003
2.65	0.00585	0.0027
2.651	0.00605	0.00345
2.652	0.00625	0.0033
2.653	0.0064	0.003
2.654	0.0066	0.0036
2.655	0.0068	0.0033
2.656	0.007	0.0033
2.657	0.0072	0.00345
2.658	0.0074	0.0033
2.659	0.0076	0.0036
2.66	0.00785	0.00405
2.661	0.0081	0.0039
2.662	0.00835	0.00405
2.663	0.00865	0.0045
2.664	0.0089	0.00405
2.665	0.0092	0.00435
2.666	0.0095	0.00465
2.667	0.00975	0.0039
2.668	0.01015	0.0042
2.669	0.0104	0.00435
2.67	0.0107	0.0042
2.671	0.011	0.0042
2.672	0.01125	0.00465
2.673	0.01155	0.0048
2.674	0.01185	0.00525
2.675	0.01205	0.0054
2.676	0.01235	0.00495
2.677	0.0126	0.00555
2.678	0.0129	0.0057
2.679	0.01315	0.0057
2.68	0.01345	0.00615
2.681	0.0137	0.00645
2.682	0.01395	0.00615
2.683	0.0142	0.0063
2.684	0.01445	0.0063
2.685	0.01465	0.006
2.686	0.0149	0.00615
2.687	0.01515	0.00615
2.688	0.01535	0.0063
2.689	0.0156	0.0069
2.69	0.01585	0.00735
2.691	0.01605	0.00705
2.692	0.0163	0.00705
2.693	0.01655	0.00705
2.694	0.0167	0.0075
2.695	0.01695	0.00765
2.696	0.01715	0.00765
2.697	0.01735	0.0075
2.698	0.01755	0.00765
2.699	0.01775	0.00825
2.7	0.0179	0.0081
2.701	0.0181	0.0081
2.702	0.01825	0.0078
2.703	0.01845	0.0081
2.704	0.0186	0.0078
2.705	0.0188	0.00795
2.706	0.01895	0.00825
2.707	0.01915	0.00825
2.708	0.01925	0.009
2.709	0.01945	0.00885
2.71	0.01955	0.009
2.711	0.01975	0.0087
2.712	0.0199	0.009
2.713	0.0201	0.009
2.714	0.0202	0.00915
2.715	0.0203	0.00915
2.716	0.02045	0.00915
2.717	0.0206	0.00945
2.718	0.0207	0.0096
2.719	0.02085	0.00945
2.72	0.02095	0.0093
2.721	0.0211	0.0093
2.722	0.0212	0.0096
2.723	0.0213	0.0093
2.724	0.02145	0.00945
2.725	0.0216	0.0099
2.726	0.0217	0.00975
2.727	0.0218	0.0102
2.728	0.0219	0.00975
2.729	0.022	0.01005
2.73	0.0221	0.01035
2.731	0.02225	0.01035
2.732	0.02235	0.01065
2.733	0.0224	0.01005
2.734	0.0225	0.01005
2.735	0.02265	0.01035
2.736	0.0227	0.0108
2.737	0.02275	0.0102
2.738	0.02285	0.0102
2.739	0.0229	0.01035
2.74	0.023	0.0102
2.741	0.0231	0.0108
2.742	0.0232	0.01095
2.743	0.0233	0.0108
2.744	0.02335	0.01095
2.745	0.0235	0.0111
2.746	0.0235	0.01125
2.747	0.02355	0.01125
2.748	0.02365	0.01095
2.749	0.02375	0.01095
2.75	0.02375	0.0114
2.751	0.0239	0.0108
2.752	0.02395	0.01095
2.753	0.02395	0.0114
2.754	0.0241	0.0108
2.755	0.0241	0.01095
2.756	0.02415	0.01155
2.757	0.0242	0.0108
2.758	0.0243	0.01065
2.759	0.0243	0.01125
2.76	0.02435	0.0114
2.761	0.02445	0.01125
2.762	0.0245	0.01155
2.763	0.02455	0.0111
2.764	0.0246	0.01155
2.765	0.02465	0.01185
2.766	0.0247	0.01125
2.767	0.02475	0.01095
2.768	0.02475	0.0108
2.769	0.0248	0.0105
2.77	0.0249	0.0114
2.771	0.0249	0.0114
2.772	0.02495	0.0108
2.773	0.025	0.01125
2.774	0.02505	0.0111
2.775	0.0251	0.01095
2.776	0.0251	0.01185
2.777	0.0252	0.0111
2.778	0.0252	0.0111
2.779	0.0253	0.01125
2.78	0.02545	0.0114
2.781	0.0256	0.0123
2.782	0.02575	0.01215
2.783	0.02595	0.01125
2.784	0.0262	0.0108
2.785	0.02645	0.01125
2.786	0.0268	0.0114
2.787	0.02715	0.01155
2.788	0.0275	0.0117
2.789	0.02785	0.0114
2.79	0.02825	0.01215
2.791	0.02875	0.0126
2.792	0.0291	0.0129
2.793	0.0295	0.01275
2.794	0.02995	0.01335
2.795	0.03035	0.01305
2.796	0.0308	0.01305
2.797	0.0312	0.0138
2.798	0.0317	0.01305
2.799	0.03215	0.0141
2.8	0.0326	0.0144
2.801	0.03315	0.01425
2.802	0.0336	0.015
2.803	0.03415	0.01545
2.804	0.0346	0.0147
2.805	0.0351	0.01545
2.806	0.03385	0.01455
2.807	0.0339	0.0141
2.808	0.0339	0.01485
2.809	0.0339	0.0147
2.81	0.03395	0.0147
2.811	0.0339	0.01515
2.812	0.0339	0.01515
2.813	0.0339	0.01485
2.814	0.03395	0.01545
2.815	0.03395	0.01485
2.816	0.03395	0.015
2.817	0.034	0.01515
2.818	0.03395	0.01455
2.819	0.03395	0.0147
2.82	0.034	0.01485
2.821	0.034	0.01455
2.822	0.034	0.0147
2.823	0.03395	0.01545
2.824	0.03395	0.01395
2.825	0.034	0.015
2.826	0.034	0.0153
2.827	0.034	0.01485
2.828	0.03405	0.01515
2.829	0.034	0.01545
2.83	0.03405	0.0153
2.831	0.03405	0.01575
2.832	0.03405	0.0156
2.833	0.034	0.0156
2.834	0.03405	0.0147
2.835	0.03405	0.01455
2.836	0.03405	0.01485
2.837	0.03405	0.01515
2.838	0.03405	0.01485
2.839	0.03405	0.01455
2.84	0.0341	0.0156
2.841	0.0341	0.01575
2.842	0.03405	0.01545
2.843	0.03405	0.0153
2.844	0.0341	0.0159
2.845	0.03405	0.01485
2.846	0.0341	0.01575
2.847	0.0341	0.01545
2.848	0.03405	0.01515
2.849	0.0341	0.01575
2.85	0.0341	0.0153
2.851	0.0341	0.01545
2.852	0.03405	0.01515
2.853	0.0341	0.01515
2.854	0.0341	0.015
2.855	0.0341	0.01515
2.856	0.03415	0.01485
2.857	0.0341	0.01515
2.858	0.0341	0.01545
2.859	0.03415	0.0156
2.86	0.0341	0.01545
2.861	0.03415	0.01605
2.862	0.03415	0.0156
2.863	0.03415	0.0156
2.864	0.0341	0.0156
2.865	0.03325	0.01515
2.866	0.0331	0.0153
2.867	0.03305	0.015
2.868	0.03305	0.01545
2.869	0.03305	0.0153
2.87	0.033	0.0153
2.871	0.03295	0.01515
2.872	0.033	0.0153
2.873	0.03295	0.01515
2.874	0.033	0.0147
2.875	0.033	0.01545
2.876	0.033	0.015
2.877	0.03305	0.015
2.878	0.033	0.0153
2.879	0.03305	0.0162
2.88	0.03295	0.0159
2.881	0.033	0.01575
2.882	0.03295	0.01575
2.883	0.033	0.0153
2.884	0.033	0.01515
2.885	0.03295	0.01515
2.886	0.033	0.01545
2.887	0.03295	0.01485
2.888	0.033	0.015
2.889	0.03295	0.01455
2.89	0.03295	0.01545
2.891	0.03295	0.01515
2.892	0.033	0.0153
2.893	0.033	0.015
2.894	0.0329	0.01515
2.895	0.033	0.01545
2.896	0.03295	0.0159
2.897	0.03305	0.01545
2.898	0.033	0.01485
2.899	0.033	0.01545
2.9	0.033	0.0156
2.901	0.03295	0.0153
2.902	0.033	0.015
2.903	0.03295	0.0144
2.904	0.033	0.01485
2.905	0.033	0.01545
2.906	0.0329	0.01455
2.907	0.03295	0.0153
2.908	0.03295	0.01485
2.909	0.03295	0.0153
2.91	0.033	0.0153
2.911	0.03295	0.0159
2.912	0.03295	0.015
2.913	0.033	0.01545
2.914	0.033	0.01575
2.915	0.03295	0.01485
2.916	0.033	0.01485
2.917	0.03295	0.01485
2.918	0.033	0.0156
2.919	0.03295	0.01485
2.92	0.03295	0.0144
2.921	0.033	0.01425
2.922	0.033	0.01515
2.923	0.03295	0.01485
2.924	0.033	0.0144
2.925	0.0329	0.01485
2.926	0.033	0.015
2.927	0.033	0.01545
2.928	0.033	0.01605
2.929	0.03295	0.0153
2.93	0.03295	0.01485
2.931	0.033	0.01515
2.932	0.033	0.01425
2.933	0.03295	0.0153
2.934	0.033	0.01515
2.935	0.03295	0.0147
2.936	0.033	0.01515
2.937	0.033	0.01485
2.938	0.03295	0.0147
2.939	0.033	0.01485
2.94	0.03295	0.0153
2.941	0.03295	0.01425
2.942	0.0329	0.01485
2.943	0.03295	0.01485
2.944	0.03295	0.015
2.945	0.0329	0.0153
2.946	0.03295	0.0156
2.947	0.03305	0.01545
2.948	0.033	0.01545
2.949	0.033	0.0159
2.95	0.0329	0.01485
2.951	0.033	0.01485
2.952	0.03295	0.015
2.953	0.033	0.01485
2.954	0.033	0.01515
2.955	0.03295	0.01515
2.956	0.03295	0.01485
2.957	0.0329	0.01515
2.958	0.033	0.015
2.959	0.03295	0.0153
2.96	0.03295	0.0156
2.961	0.03295	0.01545
2.962	0.033	0.01515
2.963	0.03295	0.01575
2.964	0.0329	0.01575
2.965	0.033	0.0159
2.966	0.03295	0.0159
2.967	0.033	0.01515
2.968	0.0329	0.015
2.969	0.03295	0.0153
2.97	0.033	0.0156
2.971	0.0329	0.01425
2.972	0.03295	0.0147
2.973	0.03295	0.01515
2.974	0.03295	0.01515
2.975	0.03295	0.01515
2.976	0.03295	0.01575
2.977	0.033	0.01545
2.978	0.033	0.0159
2.979	0.03295	0.0156
2.98	0.033	0.01515
2.981	0.033	0.0156
2.982	0.033	0.0153
2.983	0.03295	0.01515
2.984	0.03295	0.01545
2.985	0.03295	0.015
2.986	0.033	0.01515
2.987	0.03295	0.0156
2.988	0.033	0.01545
2.989	0.03295	0.0147
2.99	0.033	0.0153
2.991	0.033	0.01545
2.992	0.033	0.01545
2.993	0.03295	0.01545
2.994	0.03295	0.0156
2.995	0.03295	0.0159
2.996	0.033	0.0153
2.997	0.03295	0.01575
2.998	0.0329	0.01575
2.999	0.033	0.0153
3	0.03295	0.0153
3.001	0.0329	0.0156
3.002	0.033	0.01485
3.003	0.0329	0.01485
3.004	0.033	0.01515
3.005	0.033	0.01515
3.006	0.033	0.01455
3.007	0.03295	0.0153
3.008	0.033	0.01545
3.009	0.033	0.01515
3.01	0.033	0.0156
3.011	0.033	0.0153
3.012	0.03305	0.01575
3.013	0.033	0.01515
3.014	0.03305	0.01485
3.015	0.03295	0.0156
3.016	0.03295	0.01605
3.017	0.0329	0.01485
3.018	0.033	0.015
3.019	0.03295	0.01545
3.02	0.03295	0.01485
3.021	0.03295	0.01485
3.022	0.0329	0.015
3.023	0.033	0.01515
3.024	0.033	0.01515
3.025	0.03295	0.01545
3.026	0.03295	0.01545
3.027	0.03295	0.01515
3.028	0.03295	0.0153
3.029	0.03295	0.01515
3.03	0.03295	0.0156
3.031	0.03295	0.01515
3.032	0.03295	0.0153
3.033	0.033	0.01575
3.034	0.03295	0.01515
3.035	0.03295	0.0147
3.036	0.0329	0.01545
3.037	0.0329	0.01515
3.038	0.033	0.0147
3.039	0.03295	0.01455
3.04	0.03295	0.01455
3.041	0.0329	0.01425
3.042	0.03295	0.01515
3.043	0.03295	0.01515
3.044	0.03295	0.01515
3.045	0.0329	0.0153
3.046	0.03295	0.0153
3.047	0.033	0.01575
3.048	0.0329	0.01545
3.049	0.03295	0.01485
3.05	0.03295	0.01455
3.051	0.03295	0.0144
3.052	0.03295	0.01515
3.053	0.03295	0.01515
3.054	0.033	0.01545
3.055	0.0329	0.01425
3.056	0.03295	0.0144
3.057	0.03295	0.0153
3.058	0.033	0.01575
3.059	0.033	0.0153
3.06	0.03295	0.0147
3.061	0.0329	0.0147
3.062	0.03295	0.01545
3.063	0.03295	0.01545
3.064	0.03295	0.0156
3.065	0.03295	0.0153
3.066	0.03295	0.0156
3.067	0.033	0.015
3.068	0.03295	0.0147
3.069	0.03295	0.0147
3.07	0.033	0.01485
3.071	0.0329	0.0147
3.072	0.03295	0.01485
3.073	0.033	0.0153
3.074	0.0329	0.01545
3.075	0.03295	0.0153
3.076	0.03295	0.01455
3.077	0.03305	0.0147
3.078	0.03295	0.015
3.079	0.0329	0.0153
3.08	0.03295	0.01545
3.081	0.033	0.0153
3.082	0.033	0.01485
3.083	0.033	0.01515
3.084	0.0329	0.0153
3.085	0.0329	0.01485
3.086	0.033	0.01485
3.087	0.03295	0.0147
3.088	0.03295	0.01455
3.089	0.03305	0.01485
3.09	0.03295	0.0147
3.091	0.033	0.01485
3.092	0.033	0.0153
3.093	0.03295	0.0153
3.094	0.0329	0.01515
3.095	0.033	0.01545
3.096	0.033	0.0159
3.097	0.03295	0.015
3.098	0.03295	0.015
3.099	0.033	0.01515
3.1	0.03295	0.0153
3.101	0.03295	0.015
3.102	0.033	0.01545
3.103	0.033	0.01455
3.104	0.033	0.01515
3.105	0.03295	0.0153
3.106	0.03295	0.01485
3.107	0.03295	0.01515
3.108	0.03295	0.015
3.109	0.0329	0.01515
3.11	0.033	0.0153
3.111	0.033	0.01515
3.112	0.03295	0.0156
3.113	0.03295	0.01575
3.114	0.0329	0.01545
3.115	0.03295	0.01545
3.116	0.033	0.01575
3.117	0.0329	0.0153
3.118	0.03295	0.015
3.119	0.033	0.015
3.12	0.03295	0.01485
3.121	0.0329	0.015
3.122	0.03295	0.01455
3.123	0.033	0.0153
3.124	0.033	0.01545
3.125	0.0329	0.0147
3.126	0.03295	0.01545
3.127	0.03295	0.01575
3.128	0.0329	0.0156
3.129	0.03295	0.01545
3.13	0.033	0.0153
3.131	0.03295	0.0156
3.132	0.0329	0.0156
3.133	0.03295	0.01575
3.134	0.03295	0.01485
3.135	0.03295	0.01545
3.136	0.03295	0.01515
3.137	0.0329	0.01485
3.138	0.03295	0.0159
3.139	0.03295	0.01455
3.14	0.033	0.01455
3.141	0.03295	0.01545
3.142	0.03295	0.0159
3.143	0.033	0.01545
3.144	0.03295	0.01635
3.145	0.0329	0.01575
3.146	0.03295	0.01515
3.147	0.03295	0.01545
3.148	0.0329	0.015
3.149	0.03295	0.01545
3.15	0.03295	0.01575
3.151	0.03295	0.01545
3.152	0.03295	0.0153
3.153	0.03295	0.0159
3.154	0.033	0.01545
3.155	0.03295	0.01515
3.156	0.03295	0.0153
3.157	0.0329	0.015
3.158	0.03295	0.0156
3.159	0.033	0.0159
3.16	0.03295	0.0156
3.161	0.03295	0.0156
3.162	0.03295	0.0162
3.163	0.03295	0.01605
3.164	0.03295	0.0162
3.165	0.03295	0.01605
3.166	0.03295	0.01575
3.167	0.03295	0.01605
3.168	0.033	0.01575
3.169	0.033	0.01545
3.17	0.03295	0.01515
3.171	0.03305	0.01575
3.172	0.03295	0.0156
3.173	0.033	0.0159
3.174	0.0329	0.0159
3.175	0.03295	0.01515
3.176	0.033	0.0159
3.177	0.03295	0.01605
3.178	0.033	0.01605
3.179	0.03295	0.01605
3.18	0.03295	0.0156
3.181	0.03295	0.01545
3.182	0.03295	0.01575
3.183	0.033	0.0159
3.184	0.033	0.01545
3.185	0.033	0.01545
3.186	0.03295	0.01455
3.187	0.03295	0.015
3.188	0.033	0.01575
3.189	0.03295	0.0156
3.19	0.03295	0.01455
3.191	0.0329	0.01455
3.192	0.033	0.01545
3.193	0.0329	0.01545
3.194	0.033	0.0165
3.195	0.033	0.0156
3.196	0.03295	0.01515
3.197	0.03305	0.01545
3.198	0.03295	0.01545
3.199	0.033	0.0156
3.2	0.03295	0.01545
3.201	0.03295	0.01455
3.202	0.03295	0.01455
3.203	0.03295	0.0147
3.204	0.03295	0.01485
3.205	0.03295	0.01515
3.206	0.0329	0.015
3.207	0.03295	0.01515
3.208	0.03305	0.0147
3.209	0.033	0.0153
3.21	0.03295	0.0153
3.211	0.033	0.01485
3.212	0.03295	0.01515
3.213	0.03295	0.01485
3.214	0.03295	0.0153
3.215	0.033	0.0153
3.216	0.03295	0.01515
3.217	0.03295	0.01485
3.218	0.03295	0.01545
3.219	0.03295	0.0144
3.22	0.03295	0.0141
3.221	0.03295	0.01485
3.222	0.03295	0.0144
3.223	0.03295	0.0153
3.224	0.0329	0.0144
3.225	0.03295	0.0147
3.226	0.033	0.01515
3.227	0.03295	0.01515
3.228	0.03295	0.01515
3.229	0.03295	0.01545
3.23	0.03295	0.0153
3.231	0.03295	0.01485
3.232	0.03295	0.01515
3.233	0.033	0.01485
3.234	0.03295	0.01515
3.235	0.03295	0.01515
3.236	0.03295	0.01485
3.237	0.03295	0.01455
3.238	0.03295	0.01485
3.239	0.03295	0.01485
3.24	0.03295	0.01545
3.241	0.03295	0.0147
3.242	0.03295	0.01545
3.243	0.033	0.0153
3.244	0.03295	0.01515
3.245	0.03295	0.01545
3.246	0.033	0.0156
3.247	0.03295	0.01545
3.248	0.033	0.01545
3.249	0.03295	0.01575
3.25	0.03295	0.01545
3.251	0.03295	0.015
3.252	0.033	0.015
3.253	0.033	0.01515
3.254	0.03295	0.015
3.255	0.03295	0.01425
3.256	0.033	0.0153
3.257	0.033	0.01575
3.258	0.03295	0.0156
3.259	0.0329	0.01545
3.26	0.0329	0.01485
3.261	0.0329	0.0153
3.262	0.03295	0.01545
3.263	0.03295	0.0153
3.264	0.033	0.01605
3.265	0.033	0.0156
3.266	0.03295	0.01485
3.267	0.03295	0.0156
3.268	0.03295	0.01545
3.269	0.0329	0.0147
3.27	0.033	0.015
3.271	0.03295	0.0147
3.272	0.033	0.01455
3.273	0.033	0.01515
3.274	0.03295	0.0156
3.275	0.033	0.0153
3.276	0.033	0.01545
3.277	0.03295	0.0153
3.278	0.03295	0.01575
3.279	0.03295	0.0156
3.28	0.0329	0.015
3.281	0.033	0.0153
3.282	0.03295	0.01515
3.283	0.033	0.01455
3.284	0.033	0.01485
3.285	0.03295	0.01515
3.286	0.03295	0.01515
3.287	0.03295	0.015
3.288	0.03295	0.01515
3.289	0.03295	0.01425
3.29	0.03295	0.0147
3.291	0.03295	0.0144
3.292	0.0329	0.015
3.293	0.03295	0.0153
3.294	0.03295	0.015
3.295	0.03295	0.0144
3.296	0.033	0.01545
3.297	0.03295	0.01545
3.298	0.03295	0.01515
3.299	0.033	0.0153
3.3	0.03295	0.01485
3.301	0.03295	0.01455
3.302	0.03295	0.015
3.303	0.03295	0.0147
3.304	0.03295	0.0144
3.305	0.03295	0.015
3.306	0.03295	0.01455
3.307	0.03295	0.01485
3.308	0.0329	0.0147
3.309	0.03295	0.01455
3.31	0.0329	0.01515
3.311	0.03295	0.0153
3.312	0.03295	0.0156
3.313	0.03295	0.0156
3.314	0.033	0.01605
3.315	0.03295	0.0147
3.316	0.03295	0.01545
3.317	0.03295	0.01485
3.318	0.03295	0.0147
3.319	0.03305	0.01515
3.32	0.0329	0.015
3.321	0.03295	0.0147
3.322	0.033	0.01485
3.323	0.03295	0.0153
3.324	0.03295	0.01485
3.325	0.03295	0.01545
3.326	0.033	0.0147
3.327	0.0329	0.01485
3.328	0.033	0.0153
3.329	0.03295	0.01545
3.33	0.03295	0.01545
3.331	0.033	0.0156
3.332	0.033	0.015
3.333	0.03295	0.01485
3.334	0.0329	0.0153
3.335	0.03295	0.0147
3.336	0.033	0.0153
3.337	0.03295	0.015
3.338	0.033	0.0147
3.339	0.03295	0.01485
3.34	0.03295	0.0156
3.341	0.033	0.0153
3.342	0.03295	0.015
3.343	0.03295	0.01545
3.344	0.03295	0.01515
3.345	0.033	0.0156
3.346	0.03295	0.01545
3.347	0.03295	0.01545
3.348	0.033	0.0153
3.349	0.03295	0.01545
3.35	0.0329	0.01515
3.351	0.03295	0.0153
3.352	0.03295	0.0153
3.353	0.03295	0.01485
3.354	0.03295	0.015
3.355	0.0329	0.01485
3.356	0.0329	0.0153
3.357	0.03295	0.01515
3.358	0.03295	0.01575
3.359	0.03295	0.015
3.36	0.033	0.01545
3.361	0.0329	0.01545
3.362	0.033	0.01545
3.363	0.03295	0.0156
3.364	0.033	0.0156
3.365	0.033	0.01485
3.366	0.03295	0.0156
3.367	0.03295	0.01575
3.368	0.03295	0.0153
3.369	0.03295	0.0153
3.37	0.033	0.01485
3.371	0.03295	0.01485
3.372	0.03295	0.0156
3.373	0.03295	0.01515
3.374	0.0329	0.01485
3.375	0.0329	0.01575
3.376	0.03295	0.01545
3.377	0.03295	0.0156
3.378	0.0329	0.01575
3.379	0.033	0.0156
3.38	0.03295	0.0153
3.381	0.033	0.0156
3.382	0.033	0.0159
3.383	0.0329	0.0156
3.384	0.033	0.01545
3.385	0.0329	0.0153
3.386	0.033	0.0153
3.387	0.03295	0.01545
3.388	0.0329	0.0147
3.389	0.03295	0.015
3.39	0.03295	0.01515
3.391	0.0329	0.0156
3.392	0.03295	0.0153
3.393	0.03295	0.0159
3.394	0.03295	0.0156
3.395	0.03295	0.01545
3.396	0.03295	0.01575
3.397	0.03295	0.0156
3.398	0.033	0.01545
3.399	0.033	0.01575
3.4	0.03295	0.01545
3.401	0.0329	0.01545
3.402	0.03295	0.01545
3.403	0.03295	0.015
3.404	0.033	0.0153
3.405	0.03295	0.0153
3.406	0.03295	0.0153
3.407	0.03295	0.01605
3.408	0.03295	0.01575
3.409	0.03295	0.01515
3.41	0.03295	0.0156
3.411	0.03295	0.01545
3.412	0.03295	0.0156
3.413	0.03295	0.0159
3.414	0.0329	0.01575
3.415	0.03295	0.015
3.416	0.03295	0.0162
3.417	0.033	0.0156
3.418	0.033	0.0153
3.419	0.0329	0.0156
3.42	0.03295	0.015
3.421	0.033	0.01515
3.422	0.0329	0.01545
3.423	0.0329	0.0153
3.424	0.0329	0.01515
3.425	0.03295	0.01575
3.426	0.0329	0.01545
3.427	0.03295	0.01545
3.428	0.0329	0.01605
3.429	0.033	0.0153
3.43	0.033	0.0156
3.431	0.03295	0.0153
3.432	0.03305	0.0153
3.433	0.03295	0.0153
3.434	0.03295	0.0153
3.435	0.03295	0.01425
3.436	0.03295	0.0153
3.437	0.03295	0.01515
3.438	0.033	0.01485
3.439	0.033	0.0153
3.44	0.03295	0.0153
3.441	0.03295	0.0147
3.442	0.0329	0.0153
3.443	0.0329	0.0153
3.444	0.03295	0.01515
3.445	0.033	0.01545
3.446	0.03295	0.01575
3.447	0.033	0.01575
3.448	0.03295	0.0156
3.449	0.033	0.0156
3.45	0.03295	0.0153
3.451	0.03295	0.01515
3.452	0.033	0.0153
3.453	0.0329	0.01485
3.454	0.03295	0.01545
3.455	0.03295	0.015
3.456	0.033	0.0153
3.457	0.03295	0.0153
3.458	0.0329	0.01485
3.459	0.03295	0.0153
3.46	0.0329	0.01515
3.461	0.03295	0.01545
3.462	0.03295	0.0153
3.463	0.033	0.0159
3.464	0.03295	0.01545
3.465	0.0329	0.01575
3.466	0.033	0.01545
3.467	0.03295	0.0153
3.468	0.033	0.01515
3.469	0.0329	0.015
3.47	0.03295	0.01455
3.471	0.03295	0.01485
3.472	0.0329	0.0147
3.473	0.03295	0.01515
3.474	0.03295	0.0159
3.475	0.033	0.01545
3.476	0.03295	0.0156
3.477	0.0329	0.01545
3.478	0.03295	0.01545
3.479	0.03295	0.01545
3.48	0.03295	0.01545
3.481	0.0329	0.01545
3.482	0.033	0.01575
3.483	0.0329	0.0162
3.484	0.033	0.0153
3.485	0.033	0.0153
3.486	0.03295	0.0153
3.487	0.03295	0.0156
3.488	0.0329	0.015
3.489	0.03295	0.01485
3.49	0.0329	0.01515
3.491	0.03295	0.0153
3.492	0.033	0.0159
3.493	0.03295	0.01545
3.494	0.03295	0.0153
3.495	0.033	0.01575
3.496	0.03295	0.0159
3.497	0.033	0.0159
3.498	0.03295	0.01605
3.499	0.033	0.01515
3.5	0.03295	0.0156
3.501	0.033	0.01575
3.502	0.0329	0.01515
3.503	0.03295	0.0156
3.504	0.033	0.01545
3.505	0.03295	0.01485
3.506	0.03295	0.0153
3.507	0.03295	0.0153
3.508	0.0329	0.0153
3.509	0.03295	0.01575
3.51	0.03295	0.01545
3.511	0.0329	0.01545
3.512	0.0329	0.01605
3.513	0.03305	0.0159
3.514	0.03295	0.0153
3.515	0.0329	0.01575
3.516	0.033	0.0159
3.517	0.0329	0.0159
3.518	0.03295	0.015
3.519	0.033	0.0153
3.52	0.0329	0.015
3.521	0.033	0.01575
3.522	0.033	0.0144
3.523	0.03295	0.01515
3.524	0.03295	0.0159
3.525	0.03295	0.01545
3.526	0.033	0.01575
3.527	0.03295	0.0153
3.528	0.03295	0.0156
3.529	0.033	0.0156
3.53	0.033	0.01575
3.531	0.0329	0.01485
3.532	0.033	0.01575
3.533	0.033	0.01575
3.534	0.0329	0.0156
3.535	0.03295	0.0153
3.536	0.03295	0.015
3.537	0.033	0.01485
3.538	0.03295	0.015
3.539	0.03295	0.01455
3.54	0.03295	0.0138
3.541	0.03295	0.01485
3.542	0.03295	0.0156
3.543	0.033	0.0153
3.544	0.0329	0.015
3.545	0.033	0.015
3.546	0.03295	0.015
3.547	0.03295	0.0159
3.548	0.03295	0.01485
3.549	0.03295	0.0144
3.55	0.03295	0.01485
3.551	0.03295	0.01515
3.552	0.03295	0.01455
3.553	0.03295	0.015
3.554	0.03295	0.0141
3.555	0.03295	0.0147
3.556	0.0329	0.01485
3.557	0.03295	0.01395
3.558	0.0329	0.01485
3.559	0.0329	0.01485
3.56	0.033	0.0147
3.561	0.03295	0.0147
3.562	0.03295	0.01485
3.563	0.033	0.01485
3.564	0.03295	0.01515
3.565	0.0329	0.015
3.566	0.03295	0.01425
3.567	0.03295	0.01395
3.568	0.03295	0.01425
3.569	0.0329	0.01455
3.57	0.03295	0.01395
3.571	0.0329	0.01485
3.572	0.03295	0.0144
3.573	0.03295	0.0147
3.574	0.03295	0.0144
3.575	0.0329	0.0147
3.576	0.03295	0.0147
3.577	0.0329	0.01515
3.578	0.0329	0.0147
3.579	0.033	0.015
3.58	0.0329	0.01515
3.581	0.03295	0.01455
3.582	0.033	0.01515
3.583	0.03295	0.01515
3.584	0.03295	0.01515
3.585	0.0329	0.01395
3.586	0.0329	0.01485
3.587	0.033	0.01485
3.588	0.0329	0.01545
3.589	0.03295	0.01485
3.59	0.033	0.01425
3.591	0.033	0.01455
3.592	0.03295	0.0153
3.593	0.03295	0.0159
3.594	0.033	0.0156
3.595	0.03295	0.0153
3.596	0.0329	0.0147
3.597	0.03295	0.0159
3.598	0.0329	0.0159
3.599	0.033	0.0156
3.6	0.0329	0.0156
3.601	0.03305	0.015
3.602	0.03295	0.01515
3.603	0.033	0.0159
3.604	0.03295	0.015
3.605	0.0329	0.01515
3.606	0.03295	0.015
3.607	0.03295	0.01515
3.608	0.03295	0.01545
3.609	0.03295	0.0159
3.61	0.03295	0.0156
3.611	0.033	0.01545
3.612	0.033	0.01635
3.613	0.03295	0.0159
3.614	0.03295	0.01635
3.615	0.03295	0.0159
3.616	0.033	0.0156
3.617	0.03295	0.01575
3.618	0.0329	0.01545
3.619	0.033	0.0147
3.62	0.03295	0.0153
3.621	0.033	0.01515
3.622	0.03295	0.01485
3.623	0.0329	0.0162
3.624	0.03295	0.0156
3.625	0.03295	0.0153
3.626	0.03295	0.0156
3.627	0.03295	0.015
3.628	0.033	0.01545
3.629	0.03295	0.01575
3.63	0.03295	0.0156
3.631	0.03295	0.01545
3.632	0.033	0.0162
3.633	0.033	0.01545
3.634	0.0329	0.015
3.635	0.0329	0.01545
3.636	0.033	0.01515
3.637	0.0329	0.01455
3.638	0.03295	0.01575
3.639	0.0329	0.0144
3.64	0.03295	0.015
3.641	0.03295	0.01545
3.642	0.0329	0.01545
3.643	0.03295	0.01545
3.644	0.03295	0.0156
3.645	0.03295	0.0153
3.646	0.03295	0.0153
3.647	0.033	0.0156
3.648	0.03295	0.0147
3.649	0.03295	0.01575
3.65	0.03295	0.01515
3.651	0.03295	0.01515
3.652	0.033	0.01545
3.653	0.0329	0.01515
3.654	0.03295	0.01485
3.655	0.03295	0.0147
3.656	0.033	0.01515
3.657	0.033	0.01485
3.658	0.0329	0.01545
3.659	0.033	0.01545
3.66	0.033	0.01545
3.661	0.03295	0.0153
3.662	0.03295	0.0156
3.663	0.03295	0.01545
3.664	0.03295	0.01545
3.665	0.03295	0.01515
3.666	0.03295	0.01515
3.667	0.03295	0.01545
3.668	0.0329	0.0153
3.669	0.03295	0.0147
3.67	0.033	0.01515
3.671	0.03295	0.01575
3.672	0.03295	0.01485
3.673	0.03295	0.0153
3.674	0.03295	0.01485
3.675	0.033	0.0153
3.676	0.033	0.01545
3.677	0.03295	0.0153
3.678	0.03295	0.0156
3.679	0.033	0.01605
3.68	0.03295	0.0156
3.681	0.033	0.0153
3.682	0.0329	0.01575
3.683	0.03295	0.01485
3.684	0.03295	0.01515
3.685	0.03295	0.0153
3.686		0.01515
3.687		0.0153
3.688		0.01515
3.689		0.01485
3.69		0.015
3.691		0.0156
3.692		0.01515
3.693		0.0153
3.694		0.0156
3.695		0.0153
