MIN=0	-0.1	-0.3
MAX=1.6	0.1	0.3
SCALE=0.1	0.05	0.1
DEC=3	4	4
DEF="Time" t / s	"Current" I_A1 / A	"Voltage" U_B1 / V
0	0	-0.0006
0.001	0	-0.0006
0.002	0	-0.00075
0.003	0	0
0.004	-5E-05	-0.00045
0.005	-5E-05	-0.00045
0.006	-5E-05	-0.00105
0.007	0	-0.00075
0.008	0	-0.00015
0.009	0	0.0003
0.01	-5E-05	-0.0003
0.011	5E-05	0
0.012	0	0.0003
0.013	0	-0.00015
0.014	-5E-05	0.00015
0.015	0	-0.0003
0.016	0	-0.00075
0.017	-5E-05	-0.00045
0.018	0	-0.00015
0.019	-5E-05	-0.00045
0.02	0	-0.00015
0.021	-5E-05	-0.00075
0.022	-5E-05	-0.0006
0.023	-5E-05	0
0.024	0	-0.0003
0.025	0	-0.0003
0.026	-5E-05	-0.0003
0.027	0	-0.00045
0.028	0	-0.00045
0.029	0	0
0.03	0	-0.00015
0.031	0	0
0.032	-5E-05	0.0003
0.033	-5E-05	-0.0006
0.034	0	-0.00015
0.035	-5E-05	-0.00075
0.036	-5E-05	-0.0006
0.037	0	-0.00045
0.038	0	0.0003
0.039	-5E-05	-0.00075
0.04	0	-0.00015
0.041	0	0.0006
0.042	-5E-05	-0.0003
0.043	0	0
0.044	0	0.00045
0.045	0	-0.00015
0.046	-5E-05	-0.00015
0.047	0	0.0003
0.048	5E-05	-0.0003
0.049	-5E-05	0.0003
0.05	0	0.00015
0.051	-5E-05	-0.0006
0.052	-5E-05	-0.00045
0.053	-5E-05	-0.00015
0.054	0	-0.0003
0.055	-5E-05	0.0003
0.056	-5E-05	-0.0003
0.057	0	-0.0006
0.058	0	0.00045
0.059	0	-0.0003
0.06	-5E-05	-0.0003
0.061	-5E-05	-0.0003
0.062	0	-0.0003
0.063	0	-0.00075
0.064	0	0.00015
0.065	0	0.00015
0.066	0	-0.0006
0.067	-5E-05	-0.00045
0.068	0	-0.00075
0.069	0	-0.0006
0.07	0	-0.0009
0.071	-5E-05	-0.00075
0.072	0	-0.00105
0.073	0	-0.00015
0.074	-5E-05	-0.0003
0.075	0	-0.0003
0.076	0	0
0.077	0	-0.00075
0.078	0	-0.0003
0.079	-5E-05	-0.00015
0.08	0	-0.0003
0.081	-5E-05	-0.00015
0.082	0	-0.0006
0.083	0	-0.0009
0.084	0	-0.00045
0.085	0	-0.0006
0.086	-5E-05	-0.0009
0.087	-5E-05	-0.00075
0.088	0	-0.0006
0.089	0	-0.0009
0.09	0	-0.0006
0.091	0	0
0.092	0	-0.0006
0.093	-5E-05	-0.0003
0.094	0	-0.00045
0.095	-5E-05	-0.0006
0.096	0	-0.00015
0.097	0	0.00015
0.098	0	-0.0006
0.099	-5E-05	-0.0009
0.1	0	-0.00075
0.101	0	-0.00075
0.102	-5E-05	-0.00075
0.103	0	-0.0003
0.104	0	-0.00075
0.105	0	-0.00045
0.106	0	-0.00045
0.107	0	-0.0006
0.108	0	-0.00015
0.109	0	-0.00075
0.11	0	-0.00045
0.111	0	0
0.112	-5E-05	-0.0003
0.113	0	-0.00015
0.114	-5E-05	0.00045
0.115	-5E-05	-0.00075
0.116	-5E-05	-0.00045
0.117	-5E-05	-0.0006
0.118	-5E-05	-0.0009
0.119	0	-0.0009
0.12	0	-0.0003
0.121	-5E-05	-0.0003
0.122	0	-0.0006
0.123	0	-0.00045
0.124	0	-0.0003
0.125	-5E-05	-0.0003
0.126	0	-0.00045
0.127	0	-0.0003
0.128	-5E-05	-0.00045
0.129	0	-0.0003
0.13	0	-0.0003
0.131	0	-0.0006
0.132	0	-0.0003
0.133	0	-0.0003
0.134	-5E-05	-0.0003
0.135	-5E-05	-0.00075
0.136	-5E-05	-0.0009
0.137	-5E-05	-0.0009
0.138	0	-0.0006
0.139	0	-0.0009
0.14	0	-0.0009
0.141	0	-0.0006
0.142	0	-0.00045
0.143	0	0.00015
0.144	-5E-05	-0.0003
0.145	0	-0.0003
0.146	0	-0.00045
0.147	-5E-05	-0.00045
0.148	-5E-05	-0.0009
0.149	0	0.00015
0.15	0	-0.0009
0.151	0	-0.0009
0.152	0	-0.00045
0.153	-5E-05	-0.00105
0.154	-5E-05	-0.00075
0.155	0	-0.0009
0.156	-5E-05	-0.00075
0.157	0	-0.00105
0.158	-5E-05	-0.0003
0.159	0	-0.00075
0.16	0	-0.00045
0.161	-5E-05	-0.00045
0.162	0	-0.0003
0.163	-5E-05	-0.00015
0.164	0	-0.0006
0.165	-5E-05	-0.0006
0.166	-5E-05	-0.0015
0.167	0	-0.0006
0.168	0	-0.00105
0.169	0	-0.0009
0.17	-5E-05	-0.00105
0.171	0	-0.00105
0.172	-5E-05	-0.00075
0.173	0	-0.00045
0.174	-5E-05	-0.00075
0.175	0	-0.0009
0.176	0	-0.00045
0.177	-5E-05	-0.00075
0.178	0	-0.00045
0.179	-5E-05	-0.0009
0.18	0	-0.00075
0.181	-5E-05	-0.00045
0.182	-5E-05	-0.0012
0.183	-5E-05	-0.00105
0.184	0	-0.00075
0.185	-5E-05	-0.00075
0.186	-5E-05	-0.00105
0.187	0	-0.00105
0.188	-5E-05	-0.00105
0.189	0	-0.00075
0.19	-5E-05	-0.00075
0.191	0	-0.00105
0.192	0	-0.0009
0.193	-5E-05	-0.0009
0.194	0	-0.0006
0.195	-5E-05	-0.0003
0.196	0	-0.00075
0.197	-5E-05	-0.0015
0.198	-5E-05	-0.00105
0.199	-5E-05	-0.00135
0.2	-5E-05	-0.00105
0.201	0	-0.00075
0.202	-5E-05	-0.0018
0.203	-5E-05	-0.00165
0.204	-5E-05	-0.0009
0.205	0	-0.0012
0.206	0	-0.0009
0.207	-5E-05	-0.00105
0.208	0	-0.0015
0.209	-5E-05	-0.0012
0.21	0	-0.00015
0.211	0	-0.00105
0.212	0	-0.0015
0.213	0	-0.0009
0.214	0	-0.00135
0.215	0	-0.00075
0.216	0	-0.00075
0.217	-5E-05	-0.00165
0.218	0	-0.0009
0.219	0	-0.0006
0.22	0	-0.0015
0.221	-5E-05	-0.00195
0.222	0	-0.0012
0.223	-5E-05	-0.0006
0.224	0	-0.0006
0.225	0	-0.0006
0.226	0	-0.0012
0.227	0	-0.00045
0.228	-5E-05	-0.00015
0.229	0	-0.00075
0.23	-5E-05	-0.00075
0.231	0	-0.0009
0.232	-5E-05	-0.0018
0.233	0	-0.00015
0.234	5E-05	-0.0003
0.235	0	-0.00075
0.236	-5E-05	-0.0003
0.237	-5E-05	-0.0009
0.238	0	-0.0015
0.239	0	-0.00075
0.24	0	0
0.241	0	0
0.242	0	0
0.243	0	-0.00045
0.244	-5E-05	0.0003
0.245	0	0.0009
0.246	0	0.0006
0.247	0	-0.0003
0.248	-5E-05	-0.0006
0.249	0	-0.0003
0.25	0	0
0.251	-5E-05	-0.00015
0.252	0	-0.00015
0.253	0	-0.0006
0.254	0	0.00045
0.255	-5E-05	0.0003
0.256	0	0
0.257	-5E-05	0
0.258	-5E-05	-0.00015
0.259	0	0.00015
0.26	0	0.00075
0.261	0	0.0003
0.262	0	0.00045
0.263	0	0.00045
0.264	0	0.0003
0.265	0	0
0.266	-5E-05	-0.00045
0.267	0	-0.0006
0.268	-5E-05	0
0.269	0	0
0.27	0	0.00015
0.271	0	0.00045
0.272	-5E-05	0
0.273	0	-0.0003
0.274	-5E-05	0
0.275	0	0
0.276	0	-0.0006
0.277	0	0
0.278	0	0
0.279	0	0
0.28	5E-05	0.00075
0.281	0	0
0.282	0	0
0.283	0	0
0.284	0	-0.00075
0.285	0	-0.00015
0.286	0	-0.0009
0.287	0	-0.0006
0.288	0	-0.00075
0.289	0	-0.00015
0.29	-5E-05	-0.0003
0.291	0	-0.00015
0.292	0	0
0.293	-5E-05	-0.00045
0.294	0	-0.00045
0.295	-5E-05	-0.0009
0.296	-5E-05	0.0006
0.297	0	-0.00075
0.298	-5E-05	0
0.299	0	-0.0006
0.3	0	-0.00045
0.301	0	0
0.302	-5E-05	-0.0012
0.303	0	-0.0009
0.304	0	-0.0003
0.305	-5E-05	-0.00075
0.306	0	0
0.307	0	0.0003
0.308	0	-0.00075
0.309	-5E-05	-0.00015
0.31	0	0.00015
0.311	0	-0.00015
0.312	0	-0.0003
0.313	0	-0.0003
0.314	0	-0.00015
0.315	0	-0.00015
0.316	-5E-05	-0.00075
0.317	-5E-05	-0.00075
0.318	0	-0.00015
0.319	0	-0.0006
0.32	0	-0.0003
0.321	-5E-05	-0.00015
0.322	0	-0.00105
0.323	0	-0.00045
0.324	0	-0.00015
0.325	0	0.00015
0.326	0	-0.00045
0.327	0	0.00045
0.328	0	-0.0006
0.329	-5E-05	-0.00045
0.33	0	0.00015
0.331	-5E-05	-0.00015
0.332	0	-0.00015
0.333	0	-0.0003
0.334	-5E-05	-0.00015
0.335	0	-0.00045
0.336	-5E-05	-0.00045
0.337	0	-0.00105
0.338	0	0
0.339	0	0.00015
0.34	-5E-05	-0.00075
0.341	0	0
0.342	0	0.00045
0.343	0	-0.0003
0.344	-5E-05	0
0.345	0	-0.00015
0.346	0	-0.00015
0.347	-5E-05	0.0006
0.348	0	0.0009
0.349	0	0.0003
0.35	-5E-05	0.00045
0.351	0	-0.0006
0.352	0	-0.0006
0.353	0	0
0.354	0	-0.00015
0.355	-5E-05	-0.0003
0.356	0	0.00015
0.357	0	-0.0003
0.358	0	-0.0003
0.359	-5E-05	0.00045
0.36	0	0.0003
0.361	0	0.0003
0.362	-5E-05	0
0.363	0	0.00015
0.364	0	0
0.365	0	-0.00015
0.366	-5E-05	-0.00015
0.367	0	0
0.368	0	-0.00015
0.369	0	0.0003
0.37	0	0
0.371	-5E-05	-0.0003
0.372	0	-0.0003
0.373	-5E-05	-0.0003
0.374	0	0
0.375	0	0
0.376	0	0.00015
0.377	0	0.0003
0.378	0	0.0003
0.379	0	-0.0006
0.38	0	-0.00015
0.381	0	0
0.382	-5E-05	-0.00015
0.383	0	-0.00045
0.384	0	-0.00045
0.385	-5E-05	-0.00015
0.386	-5E-05	-0.0003
0.387	-5E-05	-0.0006
0.388	0	-0.0003
0.389	0	-0.0006
0.39	-5E-05	-0.0003
0.391	0	0
0.392	0	0
0.393	0	-0.00015
0.394	0	-0.0003
0.395	0	-0.00015
0.396	0	-0.00015
0.397	0	0.00015
0.398	-5E-05	-0.00015
0.399	0	-0.00045
0.4	0	-0.00105
0.401	0	-0.0006
0.402	0	-0.0003
0.403	0	-0.00015
0.404	-5E-05	0
0.405	0	-0.0006
0.406	-5E-05	0
0.407	0	-0.00045
0.408	0	-0.00045
0.409	0	-0.0006
0.41	0	-0.00075
0.411	0	0
0.412	0	0.00015
0.413	0	-0.0003
0.414	0	-0.00015
0.415	0	-0.0003
0.416	0	-0.00105
0.417	0	-0.0009
0.418	-5E-05	-0.0006
0.419	0	-0.00105
0.42	-5E-05	-0.0006
0.421	-5E-05	-0.00135
0.422	0	-0.00105
0.423	0	-0.00015
0.424	-5E-05	-0.00045
0.425	-5E-05	-0.0006
0.426	0	-0.00075
0.427	0	-0.00075
0.428	-5E-05	-0.00045
0.429	0	-0.00015
0.43	0	-0.0006
0.431	0	-0.0009
0.432	-5E-05	-0.00015
0.433	-5E-05	-0.00015
0.434	-5E-05	-0.0009
0.435	0	-0.00075
0.436	0	-0.0012
0.437	0	-0.00135
0.438	0	-0.0006
0.439	-5E-05	-0.00105
0.44	0	-0.0009
0.441	0	-0.00045
0.442	-5E-05	-0.00105
0.443	0	-0.00045
0.444	0	-0.0003
0.445	0	-0.00075
0.446	0	-0.00015
0.447	0	-0.00015
0.448	-5E-05	-0.0015
0.449	0	-0.00075
0.45	0	-0.0009
0.451	0	-0.00105
0.452	-5E-05	-0.0009
0.453	0	-0.00045
0.454	0	-0.0009
0.455	-5E-05	-0.00075
0.456	0	-0.00105
0.457	0	-0.0009
0.458	0	0
0.459	0	-0.0006
0.46	-5E-05	-0.0006
0.461	-5E-05	-0.00045
0.462	0	-0.0009
0.463	-5E-05	-0.00135
0.464	-5E-05	-0.00045
0.465	0	-0.00045
0.466	0	-0.0015
0.467	-5E-05	-0.0006
0.468	0	-0.00075
0.469	0	-0.00045
0.47	0	-0.00075
0.471	-5E-05	-0.0009
0.472	0	-0.00075
0.473	-5E-05	-0.0006
0.474	-5E-05	-0.00045
0.475	0	-0.00045
0.476	0	-0.0003
0.477	-5E-05	-0.00075
0.478	0	-0.0003
0.479	-5E-05	-0.00045
0.48	-5E-05	-0.0015
0.481	0	-0.0006
0.482	0	-0.0006
0.483	-5E-05	-0.0009
0.484	0	-0.0012
0.485	0	-0.00075
0.486	-5E-05	-0.0009
0.487	-5E-05	-0.0009
0.488	0	-0.00075
0.489	0	-0.0003
0.49	-5E-05	-0.0009
0.491	0	-0.00165
0.492	0	-0.0009
0.493	-5E-05	-0.00015
0.494	0	-0.00045
0.495	0	-0.00015
0.496	0	0.00015
0.497	0	-0.0003
0.498	0	-0.00075
0.499	0	-0.00075
0.5	0	-0.00075
0.501	0	-0.00045
0.502	-5E-05	-0.00135
0.503	0	-0.0009
0.504	0	-0.00075
0.505	0	-0.0012
0.506	-5E-05	-0.0009
0.507	0	-0.0006
0.508	0	-0.0006
0.509	0	-0.0009
0.51	-5E-05	-0.0003
0.511	0	0.00015
0.512	0	0
0.513	0	-0.0006
0.514	0	-0.00045
0.515	0	-0.0006
0.516	0	0.00015
0.517	-5E-05	-0.0003
0.518	0	-0.0009
0.519	0	-0.00075
0.52	0	-0.00075
0.521	0	-0.0009
0.522	-5E-05	-0.0003
0.523	0	-0.00045
0.524	0	-0.0003
0.525	-5E-05	0
0.526	-5E-05	-0.0009
0.527	0	0
0.528	-5E-05	0
0.529	-5E-05	-0.00075
0.53	0	-0.00075
0.531	0	-0.00045
0.532	0	-0.0003
0.533	0	-0.00045
0.534	0	-0.0003
0.535	0	-0.00015
0.536	-5E-05	-0.0006
0.537	0	0
0.538	-5E-05	-0.00015
0.539	0	-0.0006
0.54	0	-0.00045
0.541	0	-0.00015
0.542	0	-0.00075
0.543	0	-0.00015
0.544	0	-0.0003
0.545	-5E-05	-0.00075
0.546	0	0
0.547	0	-0.0012
0.548	0	-0.00015
0.549	0	0
0.55	-5E-05	-0.00075
0.551	5E-05	-0.00045
0.552	0	-0.0003
0.553	-5E-05	-0.0006
0.554	0	0
0.555	-5E-05	0.0003
0.556	0	-0.0012
0.557	-5E-05	-0.0003
0.558	0	0.00015
0.559	0	-0.0003
0.56	0	0
0.561	0	0
0.562	0	-0.0003
0.563	0	-0.00015
0.564	0	0.00015
0.565	0	-0.00015
0.566	0	0.00015
0.567	0	-0.00105
0.568	0	-0.00105
0.569	-5E-05	-0.00015
0.57	0	-0.0003
0.571	-5E-05	-0.00075
0.572	0	-0.00015
0.573	0	0
0.574	0	-0.0003
0.575	0	0.0003
0.576	0	-0.00045
0.577	0	0.00015
0.578	0	0.00015
0.579	0	0.00015
0.58	0	-0.00015
0.581	0	0.00045
0.582	-5E-05	-0.00015
0.583	0	0.00015
0.584	0	-0.0003
0.585	0	-0.00135
0.586	0	-0.0003
0.587	0	-0.00045
0.588	0	-0.0006
0.589	0	-0.0009
0.59	0	-0.00015
0.591	-5E-05	0
0.592	-5E-05	0
0.593	0	0
0.594	0	-0.00075
0.595	-5E-05	0
0.596	0	-0.0006
0.597	0	0
0.598	0	0.0003
0.599	-5E-05	-0.0012
0.6	0	0.00015
0.601	-5E-05	0.00015
0.602	-5E-05	-0.0006
0.603	0	-0.0003
0.604	-5E-05	-0.00045
0.605	0	-0.00075
0.606	0	-0.0006
0.607	5E-05	0.00015
0.608	0	0
0.609	-5E-05	-0.0003
0.61	0	-0.00045
0.611	0	-0.0003
0.612	0	0
0.613	-5E-05	-0.00045
0.614	-5E-05	-0.0009
0.615	-5E-05	-0.00105
0.616	0	-0.00015
0.617	-5E-05	-0.0009
0.618	0	-0.0006
0.619	0	-0.00045
0.62	0	-0.00015
0.621	0	-0.00045
0.622	-5E-05	-0.0006
0.623	-5E-05	-0.0015
0.624	-5E-05	-0.00075
0.625	0	-0.00015
0.626	0	-0.0009
0.627	0	-0.00105
0.628	-5E-05	-0.00105
0.629	-5E-05	-0.0003
0.63	0	-0.0009
0.631	0	-0.0006
0.632	0	-0.00105
0.633	-5E-05	-0.0003
0.634	0	-0.00105
0.635	-5E-05	-0.00135
0.636	-5E-05	-0.0012
0.637	-5E-05	-0.0012
0.638	0	-0.00105
0.639	-5E-05	-0.00165
0.64	0	-0.00105
0.641	-5E-05	-0.0009
0.642	0	0.0006
0.643	0	-0.00075
0.644	0	-0.0012
0.645	0	-0.00105
0.646	-5E-05	-0.00075
0.647	0	0
0.648	-5E-05	-0.00045
0.649	0	-0.00135
0.65	-5E-05	-0.00165
0.651	-5E-05	-0.0003
0.652	-5E-05	-0.0006
0.653	-5E-05	-0.00105
0.654	0	-0.00105
0.655	-5E-05	-0.00165
0.656	0	-0.00105
0.657	0	-0.0003
0.658	0	-0.00045
0.659	0	-0.00045
0.66	0	-0.0003
0.661	0	-0.00075
0.662	0	0.00015
0.663	0	0.00015
0.664	0	-0.00045
0.665	0	-0.0009
0.666	0	-0.0009
0.667	-5E-05	-0.00075
0.668	0	-0.00015
0.669	0	0
0.67	0	-0.00045
0.671	-5E-05	-0.0003
0.672	-5E-05	-0.0003
0.673	0	-0.0006
0.674	5E-05	0
0.675	0.0004	0.0003
0.676	0.00055	-0.0003
0.677	0.0006	0.00015
0.678	0.0007	0.00015
0.679	0.0007	-0.00015
0.68	0.00075	0
0.681	0.0008	0
0.682	0.0008	-0.0006
0.683	0.00085	-0.0003
0.684	0.0009	-0.00045
0.685	0.00095	-0.00045
0.686	0.001	-0.00015
0.687	0.00105	0.00015
0.688	0.0011	0.00015
0.689	0.0012	-0.00015
0.69	0.00125	-0.0006
0.691	0.0013	-0.0009
0.692	0.00145	0
0.693	0.0017	-0.00015
0.694	0.00215	0.00015
0.695	0.0029	0.00015
0.696	0.00385	0.0018
0.697	0.005	0.0024
0.698	0.00625	0.00405
0.699	0.0068	0.003
0.7	0.00745	0.003
0.701	0.00815	0.00345
0.702	0.0089	0.0036
0.703	0.00965	0.00435
0.704	0.0104	0.00435
0.705	0.0112	0.0051
0.706	0.012	0.00555
0.707	0.01285	0.00585
0.708	0.0137	0.006
0.709	0.0146	0.0066
0.71	0.0155	0.00735
0.711	0.0164	0.0078
0.712	0.01745	0.00915
0.713	0.0184	0.0084
0.714	0.0195	0.00915
0.715	0.0205	0.0099
0.716	0.0216	0.0111
0.717	0.0227	0.01095
0.718	0.0238	0.0117
0.719	0.0249	0.0123
0.72	0.02595	0.01245
0.721	0.0272	0.01365
0.722	0.0284	0.01395
0.723	0.02955	0.0144
0.724	0.03085	0.0156
0.725	0.03215	0.0165
0.726	0.0334	0.0174
0.727	0.0346	0.01845
0.728	0.03585	0.01875
0.729	0.0373	0.0192
0.73	0.0358	0.0186
0.731	0.03615	0.0183
0.732	0.0362	0.01845
0.733	0.0364	0.01845
0.734	0.0367	0.01785
0.735	0.03675	0.01815
0.736	0.0369	0.01845
0.737	0.03695	0.01815
0.738	0.03715	0.0183
0.739	0.0372	0.01755
0.74	0.03735	0.0183
0.741	0.0374	0.0183
0.742	0.03755	0.01875
0.743	0.0377	0.01845
0.744	0.03775	0.0189
0.745	0.0378	0.0189
0.746	0.0342	0.01875
0.747	0.0337	0.01875
0.748	0.0334	0.0192
0.749	0.0332	0.0183
0.75	0.03315	0.01815
0.751	0.0331	0.0183
0.752	0.03305	0.018
0.753	0.0331	0.01845
0.754	0.033	0.01815
0.755	0.033	0.0183
0.756	0.033	0.01905
0.757	0.033	0.01875
0.758	0.033	0.01875
0.759	0.03295	0.0186
0.76	0.033	0.0186
0.761	0.03295	0.01845
0.762	0.03305	0.01845
0.763	0.033	0.01845
0.764	0.03295	0.0183
0.765	0.03305	0.01845
0.766	0.033	0.01875
0.767	0.03295	0.01875
0.768	0.033	0.0183
0.769	0.033	0.01815
0.77	0.033	0.01785
0.771	0.033	0.0183
0.772	0.03295	0.0183
0.773	0.033	0.018
0.774	0.033	0.018
0.775	0.033	0.01785
0.776	0.033	0.01875
0.777	0.033	0.01875
0.778	0.03305	0.01875
0.779	0.03295	0.0186
0.78	0.03295	0.0189
0.781	0.033	0.018
0.782	0.03295	0.0186
0.783	0.033	0.0183
0.784	0.03295	0.018
0.785	0.033	0.0183
0.786	0.03295	0.0183
0.787	0.033	0.01785
0.788	0.033	0.01785
0.789	0.03295	0.0183
0.79	0.03295	0.01815
0.791	0.03295	0.01875
0.792	0.03295	0.01815
0.793	0.033	0.018
0.794	0.03295	0.01845
0.795	0.033	0.01905
0.796	0.033	0.0186
0.797	0.03295	0.0183
0.798	0.03295	0.01845
0.799	0.033	0.0183
0.8	0.033	0.01785
0.801	0.033	0.01785
0.802	0.03295	0.01725
0.803	0.03295	0.018
0.804	0.03295	0.0186
0.805	0.03295	0.018
0.806	0.0329	0.01815
0.807	0.03295	0.0186
0.808	0.03295	0.01845
0.809	0.033	0.0183
0.81	0.033	0.01845
0.811	0.033	0.0183
0.812	0.03295	0.01845
0.813	0.033	0.0186
0.814	0.03295	0.0186
0.815	0.03295	0.01845
0.816	0.03295	0.01815
0.817	0.03295	0.01815
0.818	0.03295	0.01785
0.819	0.033	0.018
0.82	0.033	0.018
0.821	0.03295	0.01815
0.822	0.033	0.0183
0.823	0.033	0.01755
0.824	0.03295	0.01845
0.825	0.03295	0.0186
0.826	0.03295	0.01875
0.827	0.033	0.01845
0.828	0.03295	0.01845
0.829	0.03295	0.0186
0.83	0.033	0.01845
0.831	0.03295	0.01845
0.832	0.03295	0.01815
0.833	0.033	0.018
0.834	0.03295	0.0183
0.835	0.03305	0.01815
0.836	0.0329	0.01785
0.837	0.03295	0.01785
0.838	0.03295	0.01845
0.839	0.03295	0.01815
0.84	0.033	0.0183
0.841	0.03295	0.01815
0.842	0.03295	0.01845
0.843	0.03305	0.018
0.844	0.03295	0.018
0.845	0.03295	0.01875
0.846	0.03295	0.01875
0.847	0.03295	0.01905
0.848	0.033	0.0186
0.849	0.03295	0.018
0.85	0.033	0.018
0.851	0.03295	0.01815
0.852	0.03295	0.01815
0.853	0.03295	0.01785
0.854	0.0329	0.018
0.855	0.03295	0.01785
0.856	0.03295	0.0186
0.857	0.03295	0.01845
0.858	0.03305	0.01815
0.859	0.03295	0.0183
0.86	0.033	0.0186
0.861	0.033	0.0189
0.862	0.03295	0.0183
0.863	0.033	0.0183
0.864	0.03295	0.0183
0.865	0.033	0.01875
0.866	0.03295	0.0186
0.867	0.03295	0.01815
0.868	0.033	0.01815
0.869	0.03295	0.0183
0.87	0.0329	0.01815
0.871	0.03295	0.01785
0.872	0.03295	0.01785
0.873	0.033	0.01755
0.874	0.03295	0.01845
0.875	0.03295	0.01875
0.876	0.033	0.01875
0.877	0.03295	0.01875
0.878	0.033	0.01875
0.879	0.033	0.0183
0.88	0.03295	0.01845
0.881	0.03295	0.01845
0.882	0.03295	0.01785
0.883	0.033	0.0183
0.884	0.0329	0.0186
0.885	0.033	0.01815
0.886	0.033	0.0183
0.887	0.03295	0.0183
0.888	0.033	0.01785
0.889	0.03295	0.0183
0.89	0.03295	0.01845
0.891	0.03295	0.01815
0.892	0.03295	0.0189
0.893	0.033	0.01875
0.894	0.033	0.0186
0.895	0.033	0.0189
0.896	0.033	0.01935
0.897	0.03295	0.01845
0.898	0.03305	0.0189
0.899	0.03295	0.0183
0.9	0.03295	0.01815
0.901	0.03295	0.0183
0.902	0.033	0.0183
0.903	0.03305	0.01815
0.904	0.033	0.0183
0.905	0.033	0.0183
0.906	0.03295	0.0183
0.907	0.03295	0.0189
0.908	0.03305	0.01815
0.909	0.03295	0.0186
0.91	0.03295	0.01875
0.911	0.03295	0.01875
0.912	0.03295	0.0186
0.913	0.03305	0.01875
0.914	0.033	0.0183
0.915	0.03295	0.0183
0.916	0.03295	0.0189
0.917	0.03295	0.01845
0.918	0.033	0.01905
0.919	0.03295	0.01845
0.92	0.03295	0.01785
0.921	0.033	0.018
0.922	0.033	0.01845
0.923	0.033	0.018
0.924	0.033	0.0183
0.925	0.0329	0.0189
0.926	0.03295	0.01845
0.927	0.03295	0.0189
0.928	0.0329	0.0189
0.929	0.03295	0.0189
0.93	0.033	0.0186
0.931	0.03295	0.0189
0.932	0.03295	0.018
0.933	0.0329	0.01845
0.934	0.03295	0.0183
0.935	0.0329	0.0183
0.936	0.033	0.0183
0.937	0.03295	0.01845
0.938	0.03295	0.01815
0.939	0.033	0.0183
0.94	0.03295	0.0186
0.941	0.033	0.018
0.942	0.033	0.0186
0.943	0.03295	0.01845
0.944	0.03295	0.0183
0.945	0.033	0.0189
0.946	0.033	0.0192
0.947	0.03295	0.01875
0.948	0.03295	0.0186
0.949	0.0329	0.01785
0.95	0.03295	0.01785
0.951	0.033	0.01845
0.952	0.033	0.018
0.953	0.0329	0.01755
0.954	0.03295	0.01845
0.955	0.033	0.01845
0.956	0.03295	0.01845
0.957	0.03295	0.0189
0.958	0.033	0.0189
0.959	0.0329	0.0183
0.96	0.033	0.0189
0.961	0.03295	0.01845
0.962	0.033	0.01785
0.963	0.03295	0.01905
0.964	0.033	0.0186
0.965	0.03295	0.0186
0.966	0.033	0.01935
0.967	0.03295	0.0186
0.968	0.0329	0.01815
0.969	0.03295	0.01845
0.97	0.0329	0.0177
0.971	0.033	0.01785
0.972	0.0329	0.01845
0.973	0.033	0.0183
0.974	0.033	0.0186
0.975	0.03295	0.0192
0.976	0.03295	0.01845
0.977	0.033	0.0189
0.978	0.03295	0.01875
0.979	0.03295	0.0186
0.98	0.033	0.01905
0.981	0.033	0.01875
0.982	0.03295	0.01845
0.983	0.03295	0.0183
0.984	0.033	0.018
0.985	0.03295	0.0183
0.986	0.03295	0.01815
0.987	0.03295	0.0186
0.988	0.03295	0.0177
0.989	0.033	0.01875
0.99	0.03295	0.0183
0.991	0.0329	0.0183
0.992	0.033	0.0186
0.993	0.03295	0.0186
0.994	0.033	0.0189
0.995	0.03295	0.01905
0.996	0.03295	0.01905
0.997	0.0329	0.01875
0.998	0.03295	0.01905
0.999	0.03295	0.01875
1	0.03295	0.0183
1.001	0.03295	0.0189
1.002	0.0329	0.0186
1.003	0.03295	0.01815
1.004	0.03295	0.018
1.005	0.03295	0.0186
1.006	0.03295	0.0189
1.007	0.03295	0.0192
1.008	0.03295	0.01905
1.009	0.03295	0.01845
1.01	0.03295	0.01935
1.011	0.03295	0.01875
1.012	0.03295	0.01905
1.013	0.03295	0.01935
1.014	0.03295	0.01875
1.015	0.03295	0.0186
1.016	0.033	0.01905
1.017	0.033	0.01905
1.018	0.03295	0.0186
1.019	0.03295	0.0183
1.02	0.03295	0.0186
1.021	0.033	0.01845
1.022	0.03295	0.0192
1.023	0.03295	0.01875
1.024	0.033	0.01845
1.025	0.033	0.0192
1.026	0.033	0.01905
1.027	0.0329	0.01875
1.028	0.033	0.0186
1.029	0.033	0.01845
1.03	0.03295	0.01905
1.031	0.03305	0.01905
1.032	0.03295	0.01845
1.033	0.03295	0.0177
1.034	0.03295	0.01845
1.035	0.0329	0.0186
1.036	0.03295	0.01875
1.037	0.03295	0.0183
1.038	0.033	0.018
1.039	0.03295	0.01815
1.04	0.0329	0.01875
1.041	0.03295	0.01845
1.042	0.0329	0.018
1.043	0.03295	0.0183
1.044	0.03295	0.0183
1.045	0.03305	0.0189
1.046	0.033	0.01965
1.047	0.03295	0.01845
1.048	0.03305	0.01785
1.049	0.03295	0.01845
1.05	0.03295	0.0174
1.051	0.033	0.01815
1.052	0.03295	0.01845
1.053	0.03295	0.01755
1.054	0.03295	0.0174
1.055	0.03295	0.0177
1.056	0.0329	0.01785
1.057	0.03295	0.0189
1.058	0.0329	0.01815
1.059	0.03295	0.0174
1.06	0.03285	0.01845
1.061	0.03295	0.0186
1.062	0.0329	0.0186
1.063	0.03305	0.0183
1.064	0.033	0.01815
1.065	0.03295	0.018
1.066	0.03305	0.01815
1.067	0.03295	0.01875
1.068	0.0329	0.018
1.069	0.033	0.018
1.07	0.03295	0.01815
1.071	0.03295	0.01755
1.072	0.0329	0.018
1.073	0.033	0.0177
1.074	0.03295	0.0177
1.075	0.0329	0.01815
1.076	0.03295	0.0183
1.077	0.03295	0.01815
1.078	0.03295	0.0183
1.079	0.033	0.01875
1.08	0.03295	0.0186
1.081	0.033	0.0186
1.082	0.03295	0.01875
1.083	0.0329	0.01755
1.084	0.03295	0.018
1.085	0.03295	0.0183
1.086	0.033	0.01815
1.087	0.0329	0.01845
1.088	0.03295	0.018
1.089	0.0329	0.01725
1.09	0.03295	0.01845
1.091	0.0329	0.01845
1.092	0.0329	0.0183
1.093	0.033	0.01875
1.094	0.033	0.0183
1.095	0.033	0.0186
1.096	0.03295	0.01935
1.097	0.033	0.01845
1.098	0.03295	0.0183
1.099	0.03295	0.018
1.1	0.03295	0.01845
1.101	0.033	0.01785
1.102	0.03295	0.01815
1.103	0.033	0.018
1.104	0.033	0.018
1.105	0.0329	0.01845
1.106	0.03285	0.01845
1.107	0.03295	0.01815
1.108	0.03295	0.0189
1.109	0.0329	0.01875
1.11	0.033	0.01815
1.111	0.03295	0.0192
1.112	0.03295	0.01845
1.113	0.033	0.0183
1.114	0.03295	0.01875
1.115	0.03295	0.01875
1.116	0.03305	0.01845
1.117	0.03295	0.01875
1.118	0.033	0.01785
1.119	0.0329	0.01845
1.12	0.033	0.018
1.121	0.03295	0.01725
1.122	0.0329	0.01845
1.123	0.03295	0.01815
1.124	0.03295	0.018
1.125	0.03295	0.018
1.126	0.033	0.0189
1.127	0.0329	0.01845
1.128	0.033	0.01845
1.129	0.0329	0.01875
1.13	0.03295	0.0186
1.131	0.0329	0.0183
1.132	0.03295	0.01785
1.133	0.0329	0.0177
1.134	0.033	0.01845
1.135	0.03295	0.0183
1.136	0.0329	0.018
1.137	0.0329	0.0183
1.138	0.03295	0.018
1.139	0.0329	0.0174
1.14	0.03295	0.01845
1.141	0.03295	0.0177
1.142	0.03295	0.0183
1.143	0.03295	0.0186
1.144	0.03295	0.0183
1.145	0.033	0.01845
1.146	0.0329	0.0186
1.147	0.033	0.01875
1.148	0.033	0.018
1.149	0.03295	0.01905
1.15	0.03295	0.0183
1.151	0.03295	0.0183
1.152	0.03295	0.01815
1.153	0.03295	0.01785
1.154	0.033	0.01815
1.155	0.03295	0.01785
1.156	0.03295	0.01785
1.157	0.033	0.01815
1.158	0.03295	0.0192
1.159	0.03295	0.01815
1.16	0.03295	0.01815
1.161	0.03295	0.0186
1.162	0.03295	0.01755
1.163	0.03295	0.01845
1.164	0.03295	0.018
1.165	0.033	0.0189
1.166	0.033	0.0183
1.167	0.03295	0.0186
1.168	0.0329	0.01785
1.169	0.033	0.01785
1.17	0.033	0.018
1.171	0.03295	0.0177
1.172	0.0329	0.01845
1.173	0.0329	0.01785
1.174	0.033	0.01725
1.175	0.0329	0.01815
1.176	0.03295	0.01935
1.177	0.0329	0.01815
1.178	0.03295	0.0186
1.179	0.03295	0.01875
1.18	0.0329	0.0183
1.181	0.03295	0.0186
1.182	0.0329	0.0183
1.183	0.0329	0.01755
1.184	0.03295	0.01785
1.185	0.03295	0.01875
1.186	0.033	0.0177
1.187	0.033	0.0186
1.188	0.0329	0.0183
1.189	0.03295	0.01815
1.19	0.03295	0.01815
1.191	0.03295	0.01815
1.192	0.03295	0.0183
1.193	0.03295	0.01875
1.194	0.03295	0.0189
1.195	0.033	0.01815
1.196	0.03295	0.0189
1.197	0.03295	0.0186
1.198	0.03295	0.01875
1.199	0.0329	0.01875
1.2	0.03295	0.01845
1.201	0.03295	0.018
1.202	0.0329	0.0183
1.203	0.03295	0.01785
1.204	0.03295	0.01755
1.205	0.0329	0.01845
1.206	0.03295	0.0183
1.207	0.03295	0.0186
1.208	0.03295	0.01935
1.209	0.03295	0.01845
1.21	0.03295	0.01845
1.211	0.03295	0.01875
1.212	0.03295	0.0189
1.213	0.03295	0.01875
1.214	0.03305	0.01965
1.215	0.033	0.01875
1.216	0.03295	0.0189
1.217	0.03295	0.01845
1.218	0.033	0.0183
1.219	0.03295	0.0189
1.22	0.0329	0.0189
1.221	0.033	0.018
1.222	0.03295	0.0186
1.223	0.03295	0.0186
1.224	0.03295	0.01905
1.225	0.03305	0.0186
1.226	0.03295	0.0192
1.227	0.033	0.01905
1.228	0.0329	0.01875
1.229	0.033	0.01905
1.23	0.03295	0.01875
1.231	0.03305	0.01905
1.232	0.033	0.0186
1.233	0.0329	0.0186
1.234	0.0329	0.0189
1.235	0.0329	0.0192
1.236	0.0329	0.0186
1.237	0.0329	0.0186
1.238	0.033	0.01815
1.239	0.0329	0.0186
1.24	0.03295	0.01875
1.241	0.03295	0.0192
1.242	0.03295	0.01875
1.243	0.03295	0.01905
1.244	0.033	0.01905
1.245	0.03295	0.0189
1.246	0.033	0.0189
1.247	0.033	0.01905
1.248	0.03295	0.01905
1.249	0.03305	0.0192
1.25	0.0329	0.0189
1.251	0.03295	0.01815
1.252	0.033	0.0186
1.253	0.03295	0.01875
1.254	0.03295	0.01845
1.255	0.033	0.01845
1.256	0.03305	0.01965
1.257	0.033	0.0189
1.258	0.033	0.01905
1.259	0.03295	0.0189
1.26	0.03295	0.01815
1.261	0.033	0.0189
1.262	0.033	0.01965
1.263	0.0329	0.01875
1.264	0.03295	0.01845
1.265	0.033	0.01845
1.266	0.03295	0.01905
1.267	0.03295	0.01845
1.268	0.033	0.0183
1.269	0.0329	0.01815
1.27	0.03295	0.0186
1.271	0.0329	0.01815
1.272	0.03295	0.01755
1.273	0.03295	0.0183
1.274	0.03295	0.018
1.275	0.03295	0.01905
1.276	0.03295	0.0189
1.277	0.03295	0.0189
1.278	0.0329	0.01845
1.279	0.033	0.01905
1.28	0.033	0.0189
1.281	0.03305	0.01785
1.282	0.03295	0.01785
1.283	0.0329	0.0177
1.284	0.03295	0.0183
1.285	0.03295	0.01815
1.286	0.033	0.018
1.287	0.033	0.0177
1.288	0.0329	0.0177
1.289	0.033	0.01785
1.29	0.0329	0.01755
1.291	0.03295	0.0189
1.292	0.03295	0.01815
1.293	0.033	0.01845
1.294	0.03295	0.01815
1.295	0.03295	0.01875
1.296	0.033	0.01845
1.297	0.03295	0.0183
1.298	0.03295	0.01875
1.299	0.03295	0.018
1.3	0.0329	0.0177
1.301	0.03295	0.01845
1.302	0.03295	0.018
1.303	0.03295	0.01785
1.304	0.03295	0.0177
1.305	0.033	0.0183
1.306	0.03295	0.01755
1.307	0.0329	0.0183
1.308	0.03295	0.01845
1.309	0.0329	0.01785
1.31	0.033	0.018
1.311	0.03295	0.01815
1.312	0.03295	0.01875
1.313	0.03295	0.0186
1.314	0.033	0.01815
1.315	0.033	0.0177
1.316	0.033	0.0186
1.317	0.0329	0.0183
1.318	0.033	0.018
1.319	0.03295	0.01845
1.32	0.03295	0.018
1.321	0.0329	0.0183
1.322	0.03295	0.0183
1.323	0.0329	0.01815
1.324	0.03295	0.01815
1.325	0.033	0.018
1.326	0.03295	0.01845
1.327	0.0329	0.0189
1.328	0.03295	0.0186
1.329	0.0329	0.01905
1.33	0.0329	0.0183
1.331	0.03295	0.0183
1.332	0.033	0.0183
1.333	0.0329	0.0183
1.334	0.03295	0.01845
1.335	0.03295	0.01815
1.336	0.03295	0.0183
1.337	0.03295	0.01755
1.338	0.03295	0.0183
1.339	0.03295	0.0183
1.34	0.03295	0.0186
1.341	0.033	0.01815
1.342	0.03295	0.01815
1.343	0.03295	0.0186
1.344	0.03295	0.01905
1.345	0.03295	0.0189
1.346	0.0329	0.01815
1.347	0.03295	0.01875
1.348	0.03295	0.01815
1.349	0.03295	0.0186
1.35	0.03295	0.0186
1.351	0.0329	0.0177
1.352	0.03295	0.0177
1.353	0.033	0.018
1.354	0.03295	0.018
1.355	0.033	0.01815
1.356	0.033	0.0186
1.357	0.0329	0.01815
1.358	0.03295	0.01845
1.359	0.03295	0.0189
1.36	0.03295	0.01845
1.361	0.03295	0.01875
1.362	0.03295	0.0186
1.363	0.03295	0.018
1.364	0.033	0.01875
1.365	0.03295	0.0183
1.366	0.0329	0.018
1.367	0.03295	0.0186
1.368	0.03295	0.018
1.369	0.0329	0.018
1.37	0.03295	0.01815
1.371	0.03295	0.018
1.372	0.03295	0.0174
1.373	0.03295	0.0183
1.374	0.03295	0.01815
1.375	0.03295	0.01815
1.376	0.03295	0.0183
1.377	0.0329	0.0183
1.378	0.0329	0.01845
1.379	0.033	0.0183
1.38	0.033	0.0183
1.381	0.033	0.01845
1.382	0.03295	0.01875
1.383	0.033	0.01785
1.384	0.0329	0.0177
1.385	0.0329	0.0186
1.386	0.033	0.01785
1.387	0.0329	0.01755
1.388	0.03295	0.018
1.389	0.03295	0.0183
1.39	0.03295	0.01785
1.391	0.03295	0.0177
1.392	0.033	0.01845
1.393	0.033	0.01815
1.394	0.0329	0.01815
1.395	0.03295	0.018
1.396	0.0329	0.01845
1.397	0.03295	0.01845
1.398	0.033	0.01845
1.399	0.0329	0.0186
1.4	0.03295	0.01845
1.401	0.033	0.01815
1.402	0.03285	0.01815
1.403	0.033	0.0186
1.404	0.033	0.0177
1.405	0.03295	0.01755
1.406	0.033	0.01875
1.407	0.033	0.01845
1.408	0.03295	0.0183
1.409	0.03295	0.0186
1.41	0.033	0.0186
1.411	0.033	0.01845
1.412	0.0329	0.01875
1.413	0.03295	0.0192
1.414	0.033	0.0183
1.415	0.03295	0.0183
1.416	0.033	0.01785
1.417	0.03295	0.0183
1.418	0.033	0.0186
1.419	0.033	0.0186
1.42	0.0329	0.01845
1.421	0.03295	0.01845
1.422	0.03295	0.01755
1.423	0.03295	0.0183
1.424	0.03295	0.0192
1.425	0.03295	0.01845
1.426	0.03295	0.01845
1.427	0.033	0.01905
1.428	0.03295	0.01905
1.429	0.03295	0.01905
1.43	0.0329	0.01905
1.431	0.03295	0.0189
1.432	0.03295	0.0189
1.433	0.0329	0.0186
1.434	0.033	0.01815
1.435	0.03295	0.01875
1.436	0.03295	0.0186
1.437	0.033	0.018
1.438	0.03295	0.0183
1.439	0.03305	0.01875
1.44	0.03295	0.01845
1.441	0.03295	0.0192
1.442	0.033	0.01905
1.443	0.03295	0.0186
1.444	0.033	0.0189
1.445	0.033	0.0186
1.446	0.03295	0.01875
1.447	0.0329	0.0189
1.448	0.03295	0.01935
1.449	0.03295	0.01905
1.45	0.0329	0.01905
1.451	0.0329	0.01815
1.452	0.03295	0.01845
1.453	0.033	0.01905
1.454	0.0329	0.0189
1.455	0.03295	0.0183
1.456	0.0329	0.0177
1.457	0.033	0.01875
1.458	0.0329	0.0192
1.459	0.0329	0.01935
1.46	0.03295	0.0186
1.461	0.03295	0.0183
1.462	0.033	0.0186
1.463	0.033	0.01935
1.464	0.0329	0.01905
1.465	0.033	0.01905
1.466	0.033	0.01785
1.467	0.03295	0.018
1.468	0.03305	0.01845
1.469	0.033	0.0186
1.47	0.033	0.01815
1.471	0.03295	0.01815
1.472	0.03295	0.01755
1.473	0.03295	0.01785
1.474	0.03295	0.01845
1.475	0.03295	0.01845
1.476	0.03295	0.01815
1.477	0.033	0.0183
1.478	0.03295	0.018
1.479	0.03295	0.0189
1.48	0.03295	0.0189
1.481	0.033	0.0183
1.482	0.033	0.01815
1.483	0.0329	0.0183
1.484	0.03295	0.01785
1.485	0.03295	0.01845
1.486	0.03295	0.018
1.487	0.03295	0.01725
1.488	0.033	0.01785
1.489	0.03295	0.018
1.49	0.0329	0.01845
1.491	0.03295	0.0186
1.492	0.03295	0.01815
1.493	0.03295	0.018
1.494	0.03295	0.0186
1.495	0.03295	0.01815
1.496	0.03305	0.0183
1.497	0.033	0.01845
1.498	0.033	0.0189
1.499	0.0329	0.018
1.5	0.03295	0.0183
1.501	0.03295	0.01815
1.502	0.03295	0.0177
1.503	0.033	0.0183
1.504	0.03295	0.018
1.505	0.033	0.01815
1.506	0.0329	0.01815
1.507	0.03295	0.0186
1.508	0.033	0.01845
1.509	0.0329	0.01875
1.51	0.033	0.0186
1.511	0.03295	0.0186
1.512	0.03295	0.0189
1.513	0.033	0.0186
1.514	0.03295	0.0186
1.515	0.0329	0.01905
1.516	0.03295	0.01845
1.517	0.0329	0.0183
1.518	0.03295	0.0186
1.519	0.03305	0.01815
1.52	0.03295	0.018
1.521	0.0329	0.01815
1.522	0.03295	0.01845
1.523	0.03295	0.0183
1.524	0.03295	0.0186
1.525	0.03295	0.01875
1.526	0.0329	0.01845
1.527	0.03295	0.0189
1.528	0.03295	0.0186
1.529	0.033	0.01875
1.53	0.03295	0.0189
1.531		0.0189
1.532		0.01905
1.533		0.01845
1.534		0.01815
1.535		0.0183
1.536		0.01815
1.537		0.01815
1.538		0.01815
1.539		0.0189
