MIN=0	-0.1	-0.3
MAX=2.26274169979695	0.1	0.3
SCALE=0.1	0.05	0.1
DEC=3	4	4
DEF="Time" t / s	"Current" I_A1 / A	"Voltage" U_B1 / V
0	-5E-05	-0.00075
0.001	-5E-05	0.0003
0.002	-5E-05	-0.0003
0.003	-5E-05	-0.0009
0.004	-0.0001	-0.00105
0.005	-5E-05	-0.0003
0.006	-5E-05	-0.0003
0.007	-0.0001	0.00015
0.008	-5E-05	-0.00045
0.009	-5E-05	-0.00075
0.01	-5E-05	0.0006
0.011	-0.0001	-0.00015
0.012	-5E-05	-0.00045
0.013	-5E-05	-0.00015
0.014	-5E-05	-0.0012
0.015	-5E-05	-0.0012
0.016	-5E-05	-0.00045
0.017	-5E-05	-0.00075
0.018	-5E-05	-0.00015
0.019	-0.0001	0.00045
0.02	-5E-05	0
0.021	-5E-05	-0.0003
0.022	-5E-05	-0.00015
0.023	-0.0001	-0.0003
0.024	-5E-05	0
0.025	-5E-05	0.0003
0.026	-0.0001	-0.00045
0.027	-5E-05	0
0.028	-5E-05	0.00045
0.029	-0.0001	-0.0003
0.03	-5E-05	-0.00015
0.031	-5E-05	-0.00015
0.032	-5E-05	-0.00135
0.033	-5E-05	-0.0006
0.034	-5E-05	-0.0009
0.035	-5E-05	-0.00105
0.036	-5E-05	0.00045
0.037	-5E-05	0
0.038	-0.0001	-0.0003
0.039	-5E-05	0
0.04	-0.0001	0.0003
0.041	-5E-05	-0.0006
0.042	-5E-05	0
0.043	-5E-05	-0.0006
0.044	-0.0001	-0.0006
0.045	-5E-05	-0.00045
0.046	-5E-05	0.00015
0.047	-5E-05	-0.0009
0.048	-0.0001	-0.00045
0.049	-5E-05	-0.0006
0.05	-5E-05	-0.0012
0.051	-0.0001	-0.0006
0.052	-5E-05	-0.00075
0.053	-5E-05	-0.0006
0.054	-5E-05	-0.00015
0.055	-5E-05	-0.00015
0.056	-0.0001	-0.00075
0.057	-0.0001	0.00045
0.058	-5E-05	-0.0009
0.059	-5E-05	-0.0006
0.06	-0.0001	-0.00015
0.061	-5E-05	-0.0006
0.062	-5E-05	-0.00075
0.063	-0.0001	-0.0003
0.064	-5E-05	-0.0009
0.065	-5E-05	-0.00045
0.066	-5E-05	-0.0003
0.067	-5E-05	-0.00045
0.068	0	-0.00045
0.069	-0.0001	-0.00045
0.07	-5E-05	-0.0006
0.071	-5E-05	-0.0003
0.072	-0.0001	-0.0003
0.073	-5E-05	-0.00075
0.074	-5E-05	-0.00015
0.075	-5E-05	0.00015
0.076	-0.0001	-0.00045
0.077	-5E-05	-0.00045
0.078	-0.0001	-0.00045
0.079	-0.0001	-0.00015
0.08	-5E-05	-0.0006
0.081	-0.0001	-0.00075
0.082	-5E-05	-0.0009
0.083	0	-0.0006
0.084	-0.0001	-0.0003
0.085	-0.0001	-0.0009
0.086	-5E-05	-0.0003
0.087	-5E-05	-0.00045
0.088	-5E-05	0
0.089	-5E-05	0
0.09	-5E-05	0.00015
0.091	-0.0001	-0.0003
0.092	-5E-05	0
0.093	-5E-05	-0.00015
0.094	-0.0001	-0.0006
0.095	-0.0001	0
0.096	-5E-05	-0.0006
0.097	-0.0001	-0.00075
0.098	-5E-05	-0.0009
0.099	-0.0001	-0.00075
0.1	-0.0001	-0.0006
0.101	-5E-05	-0.00045
0.102	-5E-05	-0.0006
0.103	-5E-05	-0.0006
0.104	-5E-05	-0.0003
0.105	-5E-05	-0.0003
0.106	-0.0001	-0.0003
0.107	-5E-05	0
0.108	-5E-05	-0.0003
0.109	-5E-05	0.00015
0.11	-5E-05	0.00015
0.111	-5E-05	-0.00015
0.112	-5E-05	-0.0012
0.113	-0.0001	-0.00045
0.114	-0.0001	-0.00075
0.115	-5E-05	-0.00045
0.116	-5E-05	-0.00045
0.117	-0.0001	-0.0009
0.118	-5E-05	-0.00045
0.119	-5E-05	-0.0009
0.12	-0.0001	0
0.121	-5E-05	0.00045
0.122	-0.0001	-0.00015
0.123	-5E-05	-0.00075
0.124	-5E-05	-0.00015
0.125	-5E-05	-0.0003
0.126	-5E-05	-0.00045
0.127	-5E-05	-0.00045
0.128	-5E-05	-0.00015
0.129	-5E-05	-0.0006
0.13	-0.0001	0.00015
0.131	-5E-05	-0.00015
0.132	-5E-05	-0.00075
0.133	-0.0001	-0.00015
0.134	-5E-05	-0.00075
0.135	-5E-05	-0.00075
0.136	-0.0001	-0.00015
0.137	-0.0001	0
0.138	-5E-05	-0.0003
0.139	-0.0001	0.00015
0.14	-0.0001	-0.0006
0.141	-5E-05	-0.0006
0.142	-5E-05	0
0.143	-5E-05	-0.00015
0.144	-5E-05	-0.0006
0.145	-5E-05	-0.0006
0.146	-5E-05	-0.00045
0.147	-5E-05	-0.00075
0.148	-0.0001	-0.00045
0.149	-5E-05	-0.0009
0.15	-0.0001	-0.00105
0.151	-5E-05	0.00015
0.152	-0.0001	-0.00045
0.153	-5E-05	0
0.154	-5E-05	-0.0003
0.155	-0.0001	-0.00075
0.156	-0.0001	-0.0003
0.157	-5E-05	-0.00015
0.158	-0.0001	-0.00045
0.159	-0.0001	-0.0003
0.16	-5E-05	-0.0003
0.161	-5E-05	-0.00165
0.162	-5E-05	-0.00045
0.163	-0.0001	-0.0003
0.164	-5E-05	-0.0006
0.165	-5E-05	-0.00075
0.166	-5E-05	-0.00135
0.167	-5E-05	-0.0009
0.168	-5E-05	-0.00075
0.169	-0.0001	-0.0003
0.17	-5E-05	-0.00045
0.171	-5E-05	-0.0006
0.172	-5E-05	0
0.173	-5E-05	-0.0003
0.174	-5E-05	-0.0003
0.175	-5E-05	-0.00045
0.176	-5E-05	-0.00015
0.177	-0.0001	-0.00045
0.178	-0.0001	-0.00045
0.179	-5E-05	-0.0006
0.18	-5E-05	-0.0006
0.181	-0.0001	-0.00075
0.182	-5E-05	-0.00135
0.183	-0.0001	-0.00015
0.184	-5E-05	-0.0006
0.185	-5E-05	-0.00045
0.186	-5E-05	0.0003
0.187	-5E-05	0.00015
0.188	-5E-05	-0.00045
0.189	-5E-05	-0.00015
0.19	-5E-05	-0.00015
0.191	-5E-05	-0.00045
0.192	-0.0001	-0.0006
0.193	-5E-05	-0.0003
0.194	-5E-05	-0.0003
0.195	-5E-05	-0.0003
0.196	-5E-05	-0.0006
0.197	-5E-05	-0.0006
0.198	-5E-05	-0.00075
0.199	-0.0001	-0.00105
0.2	-5E-05	-0.00045
0.201	-5E-05	-0.0006
0.202	-5E-05	-0.00075
0.203	-5E-05	-0.0012
0.204	-5E-05	-0.00015
0.205	-5E-05	-0.0003
0.206	-0.0001	-0.0003
0.207	-0.0001	0
0.208	-0.0001	-0.0003
0.209	-5E-05	-0.00075
0.21	-5E-05	-0.00045
0.211	-0.0001	-0.00045
0.212	-5E-05	-0.00045
0.213	-5E-05	-0.0003
0.214	-5E-05	-0.0003
0.215	-0.0001	-0.00015
0.216	-5E-05	-0.0006
0.217	-5E-05	-0.0009
0.218	-0.0001	-0.00015
0.219	-5E-05	-0.00015
0.22	-5E-05	-0.0015
0.221	-5E-05	-0.0006
0.222	0	-0.00045
0.223	-5E-05	-0.0003
0.224	-5E-05	0
0.225	-0.0001	0
0.226	-5E-05	0
0.227	-0.0001	-0.0003
0.228	-5E-05	-0.0003
0.229	-5E-05	0
0.23	-0.0001	0.0003
0.231	-5E-05	-0.00075
0.232	-5E-05	-0.0006
0.233	-5E-05	-0.00045
0.234	-5E-05	-0.0006
0.235	-5E-05	0
0.236	-0.0001	0.00015
0.237	-5E-05	-0.0003
0.238	-5E-05	-0.00045
0.239	-5E-05	0.00015
0.24	-0.0001	0
0.241	0	0.0003
0.242	-0.0001	0.00015
0.243	-5E-05	-0.0006
0.244	-0.0001	-0.0003
0.245	-5E-05	-0.00105
0.246	-0.0001	-0.00075
0.247	-5E-05	-0.00015
0.248	-0.0001	-0.00075
0.249	-5E-05	-0.00105
0.25	-5E-05	-0.00045
0.251	-5E-05	-0.0006
0.252	-5E-05	-0.0009
0.253	-5E-05	-0.00015
0.254	-0.0001	0
0.255	-5E-05	-0.00045
0.256	-5E-05	0
0.257	-5E-05	-0.0003
0.258	-5E-05	-0.00045
0.259	-5E-05	-0.00015
0.26	-5E-05	-0.00045
0.261	-0.0001	0
0.262	-0.0001	-0.00045
0.263	-0.0001	-0.0009
0.264	-5E-05	-0.00075
0.265	-0.0001	-0.00045
0.266	-0.0001	-0.0012
0.267	-5E-05	-0.0006
0.268	-0.0001	-0.0003
0.269	-5E-05	-0.0006
0.27	-5E-05	-0.00045
0.271	-5E-05	-0.00015
0.272	-5E-05	-0.00015
0.273	-0.0001	-0.00015
0.274	-0.0001	-0.0009
0.275	-5E-05	-0.00075
0.276	-5E-05	-0.00045
0.277	-5E-05	0.0006
0.278	-5E-05	0.00045
0.279	-5E-05	-0.00045
0.28	-5E-05	-0.0003
0.281	-0.0001	-0.0009
0.282	-5E-05	-0.0009
0.283	-5E-05	-0.00045
0.284	-0.0001	-0.00015
0.285	-5E-05	-0.00075
0.286	-0.0001	-0.00045
0.287	-0.0001	-0.0012
0.288	-5E-05	-0.0003
0.289	-5E-05	-0.00015
0.29	-5E-05	-0.00045
0.291	-0.0001	-0.0003
0.292	-5E-05	-0.00045
0.293	-5E-05	-0.00045
0.294	-5E-05	-0.00045
0.295	-5E-05	-0.00015
0.296	-5E-05	-0.0006
0.297	-5E-05	-0.0006
0.298	-5E-05	-0.0006
0.299	-5E-05	-0.00075
0.3	-0.0001	-0.0006
0.301	-5E-05	-0.0003
0.302	-5E-05	-0.0012
0.303	-0.0001	-0.0009
0.304	-5E-05	-0.00075
0.305	-5E-05	-0.00075
0.306	-5E-05	-0.00045
0.307	-5E-05	-0.0003
0.308	-5E-05	-0.0012
0.309	-5E-05	-0.00045
0.31	-0.0001	-0.00015
0.311	-5E-05	-0.0012
0.312	-0.0001	-0.00075
0.313	-5E-05	-0.0009
0.314	-5E-05	-0.0015
0.315	-0.0001	-0.0006
0.316	-5E-05	-0.00075
0.317	-5E-05	-0.00165
0.318	-0.0001	-0.0006
0.319	-5E-05	-0.0003
0.32	-5E-05	-0.00075
0.321	-5E-05	-0.00045
0.322	-5E-05	-0.00075
0.323	-5E-05	-0.00045
0.324	-5E-05	-0.00045
0.325	-5E-05	-0.00075
0.326	-5E-05	-0.0003
0.327	-5E-05	-0.0006
0.328	-0.0001	-0.00135
0.329	-5E-05	-0.00135
0.33	-5E-05	-0.00045
0.331	-5E-05	-0.0009
0.332	-5E-05	-0.00135
0.333	-5E-05	-0.0009
0.334	-0.0001	-0.00075
0.335	-5E-05	-0.0006
0.336	-5E-05	-0.00105
0.337	-5E-05	-0.00075
0.338	-5E-05	0.00015
0.339	-5E-05	-0.00045
0.34	-0.0001	-0.00045
0.341	-0.0001	-0.00075
0.342	-5E-05	-0.0006
0.343	-0.0001	-0.00105
0.344	-5E-05	-0.0003
0.345	-0.0001	-0.0012
0.346	-5E-05	-0.0012
0.347	-0.0001	-0.00015
0.348	-0.0001	-0.00045
0.349	-0.0001	-0.0009
0.35	-0.0001	-0.00165
0.351	-5E-05	-0.0006
0.352	-0.0001	-0.0003
0.353	-5E-05	-0.0009
0.354	-5E-05	-0.00135
0.355	-5E-05	-0.00075
0.356	-5E-05	0
0.357	-5E-05	-0.00045
0.358	-5E-05	-0.0003
0.359	-5E-05	-0.0006
0.36	-0.0001	-0.0012
0.361	-5E-05	0
0.362	-5E-05	-0.00045
0.363	-0.0001	-0.0015
0.364	-5E-05	-0.0006
0.365	-5E-05	-0.0006
0.366	-0.0001	-0.00075
0.367	-5E-05	-0.0012
0.368	-0.0001	-0.00075
0.369	-5E-05	-0.00045
0.37	-0.0001	-0.00045
0.371	-0.0001	-0.00105
0.372	-5E-05	-0.00075
0.373	-5E-05	0
0.374	-5E-05	-0.00015
0.375	-0.0001	-0.00045
0.376	-5E-05	-0.00135
0.377	-5E-05	-0.00045
0.378	-0.0001	-0.0006
0.379	-5E-05	-0.00075
0.38	-5E-05	-0.00075
0.381	-5E-05	-0.00075
0.382	-5E-05	-0.00015
0.383	-5E-05	-0.0003
0.384	-5E-05	-0.00075
0.385	-0.0001	-0.00105
0.386	-5E-05	-0.0009
0.387	-0.0001	0
0.388	-5E-05	-0.0003
0.389	-0.0001	-0.0009
0.39	-0.0001	-0.0006
0.391	-5E-05	0.00015
0.392	-5E-05	0
0.393	-5E-05	-0.00045
0.394	-5E-05	-0.0003
0.395	-5E-05	-0.0012
0.396	-0.0001	-0.00075
0.397	-5E-05	-0.0003
0.398	-5E-05	-0.0003
0.399	-5E-05	-0.0006
0.4	-5E-05	-0.00135
0.401	-0.0001	-0.0006
0.402	-5E-05	-0.0003
0.403	-5E-05	0.00015
0.404	-5E-05	-0.00015
0.405	-5E-05	-0.0009
0.406	-5E-05	-0.00045
0.407	-5E-05	0
0.408	-5E-05	0.00015
0.409	-5E-05	0.00015
0.41	-5E-05	-0.0006
0.411	-5E-05	-0.0009
0.412	-5E-05	0
0.413	-5E-05	0
0.414	-5E-05	-0.0003
0.415	-0.0001	-0.00015
0.416	-5E-05	-0.00075
0.417	-5E-05	-0.0006
0.418	-5E-05	-0.0003
0.419	-5E-05	-0.0003
0.42	-5E-05	0.0006
0.421	-5E-05	-0.00045
0.422	-0.0001	-0.0006
0.423	-5E-05	0.0003
0.424	-5E-05	0.00015
0.425	-5E-05	0.0003
0.426	-5E-05	0
0.427	-5E-05	-0.0003
0.428	-5E-05	-0.00015
0.429	-0.0001	0.0006
0.43	-5E-05	-0.0003
0.431	-5E-05	-0.0003
0.432	-5E-05	-0.0003
0.433	-5E-05	-0.0006
0.434	-0.0001	0.00015
0.435	-5E-05	0
0.436	-0.0001	0
0.437	-5E-05	-0.0003
0.438	-0.0001	0.0009
0.439	-5E-05	0
0.44	-5E-05	-0.0003
0.441	-0.0001	0
0.442	-5E-05	0
0.443	-5E-05	-0.00015
0.444	-5E-05	0
0.445	-0.0001	-0.00045
0.446	-5E-05	-0.0006
0.447	-5E-05	0.0003
0.448	-5E-05	-0.00045
0.449	-5E-05	-0.0003
0.45	-0.0001	-0.00015
0.451	-5E-05	-0.0009
0.452	-5E-05	-0.0006
0.453	-5E-05	0
0.454	-5E-05	-0.0006
0.455	-5E-05	0
0.456	-5E-05	0.0003
0.457	-5E-05	0
0.458	-5E-05	0.00015
0.459	-5E-05	0.0003
0.46	-5E-05	-0.00075
0.461	-5E-05	-0.00045
0.462	-5E-05	-0.00015
0.463	-5E-05	-0.00045
0.464	-5E-05	0.00015
0.465	-5E-05	-0.00075
0.466	-5E-05	-0.00045
0.467	-5E-05	-0.00015
0.468	-0.0001	-0.00075
0.469	-5E-05	-0.00075
0.47	-5E-05	0
0.471	-0.0001	-0.00015
0.472	-5E-05	-0.0003
0.473	-5E-05	0.00015
0.474	-5E-05	-0.0003
0.475	-5E-05	-0.00015
0.476	-5E-05	-0.0006
0.477	-5E-05	0.00015
0.478	-5E-05	0
0.479	-0.0001	-0.0003
0.48	-5E-05	-0.0003
0.481	-5E-05	-0.0006
0.482	-5E-05	-0.0003
0.483	-5E-05	-0.00045
0.484	-5E-05	-0.00015
0.485	-5E-05	-0.0003
0.486	-0.0001	-0.00045
0.487	-5E-05	-0.0003
0.488	-5E-05	0.0006
0.489	-5E-05	-0.00015
0.49	-5E-05	0
0.491	-5E-05	0
0.492	-0.0001	-0.0006
0.493	-5E-05	0.00015
0.494	-5E-05	0.00015
0.495	-5E-05	0
0.496	-0.0001	-0.0003
0.497	-5E-05	-0.0006
0.498	-5E-05	-0.0006
0.499	-5E-05	0.00015
0.5	-5E-05	-0.0006
0.501	-5E-05	-0.00075
0.502	-5E-05	0.0003
0.503	-5E-05	-0.0003
0.504	-0.0001	-0.00045
0.505	-0.0001	0.00015
0.506	-0.0001	0
0.507	-5E-05	-0.0003
0.508	-0.0001	0.00015
0.509	-5E-05	0.00045
0.51	-0.0001	0
0.511	-5E-05	0.00015
0.512	-5E-05	0
0.513	-5E-05	-0.0003
0.514	-5E-05	0
0.515	-5E-05	-0.0006
0.516	-0.0001	-0.00075
0.517	-5E-05	0.00045
0.518	-5E-05	0.00015
0.519	-5E-05	-0.0006
0.52	-0.0001	0
0.521	0	-0.00015
0.522	-5E-05	-0.00015
0.523	-5E-05	0.0003
0.524	-5E-05	0
0.525	-5E-05	0
0.526	-5E-05	0.0003
0.527	-0.0001	0.0003
0.528	-5E-05	0
0.529	-0.0001	-0.0003
0.53	-0.0001	-0.00075
0.531	-5E-05	-0.00045
0.532	-0.0001	-0.0006
0.533	-0.0001	-0.00045
0.534	-5E-05	0.00045
0.535	-5E-05	0.00015
0.536	-5E-05	-0.00015
0.537	-5E-05	-0.0003
0.538	-5E-05	-0.00015
0.539	-0.0001	-0.0003
0.54	-5E-05	-0.00015
0.541	-5E-05	0
0.542	-5E-05	-0.00045
0.543	-0.0001	0.00015
0.544	-5E-05	0.00015
0.545	-5E-05	-0.00045
0.546	-0.0001	-0.0006
0.547	-5E-05	-0.00045
0.548	-5E-05	-0.00075
0.549	-0.0001	-0.00045
0.55	-5E-05	-0.0003
0.551	-5E-05	-0.0006
0.552	-0.0001	0
0.553	-5E-05	0.00015
0.554	-5E-05	-0.00015
0.555	-5E-05	-0.0003
0.556	-5E-05	-0.0006
0.557	-5E-05	-0.00045
0.558	-0.0001	-0.00015
0.559	-5E-05	-0.00045
0.56	-5E-05	-0.00045
0.561	-5E-05	-0.0003
0.562	-5E-05	-0.0006
0.563	-5E-05	-0.00105
0.564	-5E-05	-0.00045
0.565	-0.0001	-0.00075
0.566	-5E-05	-0.0006
0.567	-5E-05	-0.0003
0.568	-5E-05	-0.00105
0.569	-5E-05	-0.0003
0.57	-5E-05	0.00015
0.571	-0.0001	-0.00075
0.572	-0.0001	-0.0006
0.573	-0.0001	-0.0003
0.574	-5E-05	-0.00015
0.575	-5E-05	0
0.576	-0.0001	-0.00045
0.577	-5E-05	-0.00075
0.578	-5E-05	-0.0006
0.579	-5E-05	-0.00045
0.58	-5E-05	-0.00075
0.581	-0.0001	-0.0006
0.582	-5E-05	-0.00045
0.583	-5E-05	-0.00105
0.584	-0.0001	-0.00105
0.585	-5E-05	-0.0009
0.586	-5E-05	-0.0012
0.587	-5E-05	-0.00045
0.588	-5E-05	-0.0003
0.589	-5E-05	-0.00045
0.59	-0.0001	-0.0003
0.591	-5E-05	-0.00045
0.592	-5E-05	-0.0006
0.593	-5E-05	-0.00045
0.594	-0.0001	-0.0009
0.595	-5E-05	-0.0012
0.596	-5E-05	-0.00045
0.597	-5E-05	-0.0009
0.598	-5E-05	-0.0006
0.599	-0.0001	-0.00045
0.6	-5E-05	-0.0009
0.601	-5E-05	-0.00075
0.602	-0.0001	-0.00075
0.603	-5E-05	-0.00105
0.604	0	-0.0003
0.605	-5E-05	-0.0003
0.606	-5E-05	-0.00075
0.607	-5E-05	0
0.608	-5E-05	-0.00045
0.609	-5E-05	-0.00105
0.61	-5E-05	-0.00015
0.611	-0.0001	-0.0006
0.612	-0.0001	-0.00105
0.613	-0.0001	-0.0009
0.614	-5E-05	-0.00075
0.615	-5E-05	-0.0009
0.616	-5E-05	-0.00045
0.617	-5E-05	-0.00045
0.618	-0.0001	-0.0012
0.619	-5E-05	-0.0012
0.62	-0.0001	-0.00045
0.621	-0.0001	-0.0012
0.622	-5E-05	-0.0003
0.623	-5E-05	-0.00045
0.624	-0.0001	-0.00045
0.625	-5E-05	-0.00045
0.626	-5E-05	-0.00045
0.627	-0.0001	-0.00045
0.628	-0.0001	-0.00045
0.629	-5E-05	-0.00075
0.63	-0.0001	-0.00105
0.631	-0.0001	-0.0003
0.632	-0.0001	-0.00135
0.633	-0.0001	-0.00075
0.634	-5E-05	-0.0009
0.635	-5E-05	-0.00105
0.636	-5E-05	-0.0006
0.637	-5E-05	-0.0006
0.638	-5E-05	-0.0003
0.639	-0.0001	-0.00015
0.64	-5E-05	0
0.641	-5E-05	-0.00075
0.642	-5E-05	-0.00015
0.643	-5E-05	-0.0006
0.644	-5E-05	-0.00045
0.645	-5E-05	-0.0009
0.646	-5E-05	-0.00045
0.647	-0.0001	-0.00075
0.648	-5E-05	-0.00075
0.649	-0.0001	-0.00075
0.65	-0.0001	-0.00105
0.651	-5E-05	-0.0009
0.652	-5E-05	-0.00075
0.653	-5E-05	-0.0006
0.654	-0.0001	-0.00045
0.655	-5E-05	-0.0003
0.656	-5E-05	-0.00105
0.657	-5E-05	0
0.658	-5E-05	-0.00015
0.659	-5E-05	-0.00045
0.66	-5E-05	-0.00015
0.661	-5E-05	-0.0006
0.662	-5E-05	-0.00105
0.663	-5E-05	-0.00075
0.664	-5E-05	-0.00045
0.665	-0.0001	-0.0012
0.666	-0.0001	-0.00015
0.667	-5E-05	-0.00075
0.668	-0.0001	-0.0006
0.669	-0.0001	-0.0003
0.67	-5E-05	-0.00045
0.671	-5E-05	-0.00045
0.672	-5E-05	-0.00015
0.673	-5E-05	-0.00015
0.674	-5E-05	0
0.675	-0.0001	0
0.676	-5E-05	-0.0006
0.677	-5E-05	-0.0003
0.678	-0.0001	-0.00045
0.679	-5E-05	-0.00045
0.68	-5E-05	-0.0006
0.681	-5E-05	-0.00045
0.682	-5E-05	-0.0009
0.683	-5E-05	-0.00045
0.684	-5E-05	-0.00015
0.685	-0.0001	-0.0012
0.686	-5E-05	-0.0003
0.687	-5E-05	0
0.688	-0.0001	-0.0003
0.689	-5E-05	-0.0003
0.69	-0.0001	0
0.691	-5E-05	-0.00075
0.692	-5E-05	-0.0003
0.693	-5E-05	-0.0003
0.694	-0.0001	-0.0003
0.695	-5E-05	-0.00045
0.696	-0.0001	-0.00015
0.697	-5E-05	-0.0009
0.698	-5E-05	-0.00075
0.699	-0.0001	-0.0006
0.7	-5E-05	-0.0009
0.701	-5E-05	0
0.702	-5E-05	-0.0009
0.703	-0.0001	-0.00105
0.704	-5E-05	-0.0003
0.705	-5E-05	-0.00045
0.706	-5E-05	-0.0003
0.707	-5E-05	-0.00015
0.708	-5E-05	-0.0003
0.709	-5E-05	-0.0003
0.71	-5E-05	0.00015
0.711	-5E-05	-0.00045
0.712	-5E-05	-0.0003
0.713	-0.0001	0.00015
0.714	-5E-05	-0.0012
0.715	-5E-05	-0.0006
0.716	-0.0001	-0.0003
0.717	-5E-05	-0.00075
0.718	-5E-05	-0.00045
0.719	-5E-05	-0.00015
0.72	-5E-05	-0.00045
0.721	-5E-05	-0.00045
0.722	-5E-05	0.0003
0.723	-5E-05	-0.0006
0.724	-0.0001	0
0.725	-5E-05	-0.00015
0.726	-5E-05	-0.0006
0.727	-5E-05	-0.0003
0.728	-5E-05	-0.0003
0.729	-0.0001	-0.00045
0.73	-5E-05	-0.00045
0.731	-5E-05	-0.00015
0.732	-0.0001	-0.0012
0.733	-5E-05	-0.0006
0.734	-5E-05	-0.00045
0.735	-5E-05	-0.00105
0.736	-5E-05	-0.00015
0.737	-5E-05	0
0.738	-5E-05	-0.00015
0.739	-5E-05	0
0.74	-5E-05	-0.00015
0.741	-5E-05	-0.0003
0.742	-5E-05	-0.0003
0.743	-5E-05	-0.00015
0.744	-5E-05	-0.0003
0.745	-5E-05	0.00015
0.746	-5E-05	0
0.747	-5E-05	-0.0006
0.748	-5E-05	-0.0006
0.749	-5E-05	-0.00045
0.75	-5E-05	-0.0006
0.751	-0.0001	0.00045
0.752	-5E-05	-0.00015
0.753	-5E-05	-0.00015
0.754	-5E-05	0
0.755	-5E-05	-0.00015
0.756	-5E-05	0
0.757	-5E-05	0.00045
0.758	-5E-05	0.0006
0.759	-5E-05	-0.0003
0.76	-0.0001	0.00015
0.761	-5E-05	-0.00015
0.762	-5E-05	-0.00015
0.763	-5E-05	0.00015
0.764	-5E-05	-0.0003
0.765	-5E-05	-0.0006
0.766	-5E-05	0.00015
0.767	-5E-05	0.0003
0.768	-5E-05	0
0.769	-5E-05	0.00015
0.77	-5E-05	-0.0006
0.771	-5E-05	0.00015
0.772	-5E-05	0.00015
0.773	-0.0001	0
0.774	-5E-05	0.00015
0.775	0	0.00015
0.776	-5E-05	0.00015
0.777	-5E-05	0.0006
0.778	-0.0001	0.00015
0.779	-0.0001	-0.00015
0.78	-5E-05	0.0003
0.781	-5E-05	-0.00045
0.782	-5E-05	-0.00045
0.783	-0.0001	-0.00015
0.784	-5E-05	0.00015
0.785	-5E-05	-0.00045
0.786	-5E-05	0.0006
0.787	-5E-05	0.0003
0.788	-0.0001	0
0.789	-5E-05	0.0003
0.79	-5E-05	0
0.791	-5E-05	0.00015
0.792	-0.0001	0.00015
0.793	-5E-05	0
0.794	-5E-05	-0.0009
0.795	-0.0001	-0.00015
0.796	-5E-05	-0.00015
0.797	-0.0001	-0.00015
0.798	-0.0001	-0.00045
0.799	-5E-05	-0.00075
0.8	-0.0001	-0.00075
0.801	-5E-05	0
0.802	-0.0001	-0.00015
0.803	-5E-05	-0.0009
0.804	-5E-05	-0.00015
0.805	-5E-05	-0.0012
0.806	-5E-05	-0.00045
0.807	-5E-05	0.00045
0.808	-5E-05	-0.00045
0.809	-0.0001	-0.0009
0.81	-5E-05	-0.00075
0.811	-0.0001	-0.0012
0.812	-5E-05	-0.0009
0.813	-5E-05	-0.0003
0.814	-0.0001	-0.00105
0.815	-5E-05	-0.0009
0.816	-0.0001	-0.0009
0.817	-0.0001	-0.0012
0.818	-0.0001	-0.00015
0.819	-0.0001	-0.0009
0.82	-5E-05	-0.00105
0.821	-5E-05	-0.00075
0.822	-5E-05	-0.0006
0.823	-5E-05	-0.0003
0.824	-5E-05	-0.0006
0.825	-5E-05	-0.00045
0.826	-5E-05	-0.0006
0.827	-0.0001	-0.00075
0.828	-5E-05	0
0.829	-5E-05	-0.0006
0.83	-0.0001	-0.0006
0.831	-0.0001	-0.00075
0.832	-5E-05	-0.00105
0.833	-0.0001	-0.00075
0.834	-0.0001	-0.00075
0.835	-5E-05	-0.0009
0.836	-5E-05	-0.00045
0.837	-5E-05	-0.0003
0.838	-5E-05	-0.0003
0.839	-5E-05	-0.0003
0.84	-5E-05	-0.00075
0.841	-5E-05	-0.0003
0.842	-0.0001	-0.00015
0.843	-5E-05	-0.00045
0.844	-5E-05	-0.00075
0.845	-5E-05	-0.00075
0.846	-5E-05	-0.00045
0.847	-5E-05	-0.0006
0.848	-5E-05	-0.0006
0.849	-5E-05	-0.0006
0.85	-5E-05	-0.0012
0.851	-5E-05	-0.0003
0.852	-0.0001	-0.00045
0.853	-5E-05	-0.0003
0.854	-0.0001	-0.00045
0.855	-5E-05	-0.00045
0.856	-5E-05	-0.0003
0.857	-5E-05	0
0.858	-0.0001	-0.0003
0.859	-5E-05	-0.0003
0.86	-5E-05	-0.0006
0.861	-0.0001	-0.00075
0.862	-5E-05	-0.0003
0.863	-0.0001	-0.0006
0.864	-0.0001	-0.00075
0.865	-5E-05	-0.0006
0.866	-0.0001	-0.00045
0.867	-5E-05	-0.0009
0.868	-0.0001	-0.00075
0.869	-5E-05	-0.00075
0.87	-5E-05	-0.00015
0.871	-5E-05	-0.00075
0.872	-5E-05	-0.00045
0.873	-5E-05	-0.00045
0.874	-5E-05	-0.0003
0.875	-5E-05	-0.00045
0.876	-5E-05	-0.00045
0.877	-0.0001	-0.0003
0.878	-0.0001	-0.0006
0.879	-5E-05	-0.00135
0.88	-0.0001	-0.0006
0.881	-0.0001	-0.00105
0.882	-0.0001	-0.0009
0.883	-5E-05	-0.00045
0.884	-5E-05	-0.00105
0.885	-0.0001	-0.00075
0.886	-5E-05	-0.0009
0.887	-5E-05	-0.0003
0.888	-5E-05	-0.00075
0.889	-0.0001	-0.0003
0.89	-5E-05	-0.00075
0.891	-5E-05	-0.00015
0.892	-0.0001	-0.0009
0.893	-5E-05	-0.00045
0.894	-5E-05	0
0.895	-5E-05	-0.0009
0.896	-0.0001	-0.0012
0.897	-0.0001	-0.0012
0.898	-5E-05	-0.00075
0.899	-0.0001	-0.0009
0.9	-0.0001	-0.0006
0.901	-5E-05	-0.00105
0.902	-5E-05	-0.00105
0.903	-5E-05	-0.0009
0.904	-5E-05	-0.00135
0.905	-5E-05	-0.00105
0.906	-5E-05	-0.00075
0.907	-5E-05	-0.00045
0.908	-0.0001	-0.0006
0.909	-5E-05	-0.00015
0.91	-0.0001	-0.00105
0.911	-5E-05	-0.0006
0.912	-5E-05	-0.00045
0.913	-5E-05	-0.00105
0.914	-5E-05	-0.00135
0.915	-0.0001	-0.0012
0.916	-5E-05	-0.0009
0.917	-5E-05	-0.0009
0.918	-0.0001	-0.00045
0.919	-0.0001	-0.0012
0.92	-5E-05	-0.0006
0.921	-5E-05	-0.0009
0.922	-5E-05	-0.0003
0.923	-5E-05	-0.00135
0.924	-5E-05	-0.0006
0.925	-5E-05	-0.00045
0.926	-5E-05	-0.00015
0.927	-0.0001	-0.00015
0.928	-5E-05	-0.0006
0.929	-0.0001	-0.00105
0.93	-0.0001	-0.00075
0.931	-5E-05	-0.00105
0.932	-5E-05	-0.0012
0.933	-5E-05	-0.00045
0.934	-5E-05	-0.0012
0.935	-5E-05	-0.0012
0.936	-5E-05	-0.00075
0.937	-5E-05	-0.0003
0.938	-0.0001	-0.00075
0.939	-5E-05	-0.0003
0.94	-0.0001	-0.00105
0.941	-5E-05	-0.0009
0.942	-5E-05	-0.00045
0.943	-0.0001	-0.00075
0.944	-5E-05	-0.00045
0.945	-0.0001	-0.0009
0.946	-5E-05	-0.0012
0.947	-5E-05	-0.00075
0.948	-5E-05	-0.0003
0.949	-0.0001	-0.0018
0.95	-5E-05	-0.0015
0.951	-0.0001	-0.00105
0.952	-5E-05	-0.0012
0.953	-5E-05	-0.0003
0.954	-5E-05	0
0.955	-0.0001	-0.0006
0.956	-0.0001	-0.0006
0.957	-0.0001	-0.00045
0.958	-5E-05	-0.00165
0.959	-0.0001	-0.00075
0.96	-5E-05	-0.0009
0.961	-5E-05	-0.00105
0.962	-0.0001	-0.00045
0.963	-5E-05	-0.00045
0.964	-0.0001	-0.00075
0.965	-0.0001	-0.0009
0.966	-5E-05	-0.00105
0.967	-5E-05	-0.0009
0.968	-5E-05	-0.00105
0.969	-5E-05	-0.00135
0.97	-5E-05	-0.00075
0.971	-5E-05	-0.0003
0.972	-5E-05	-0.0003
0.973	-5E-05	-0.00045
0.974	-0.0001	-0.00015
0.975	-5E-05	0
0.976	-5E-05	-0.0003
0.977	-5E-05	-0.0012
0.978	-0.0001	-0.00135
0.979	-5E-05	-0.00075
0.98	-5E-05	0
0.981	-0.0001	-0.00075
0.982	-5E-05	-0.0009
0.983	-5E-05	-0.00075
0.984	-5E-05	-0.00075
0.985	-5E-05	0.0003
0.986	-5E-05	-0.0006
0.987	-5E-05	-0.00105
0.988	-0.0001	-0.0006
0.989	-0.0001	0.00015
0.99	-5E-05	0
0.991	-5E-05	0.00045
0.992	-5E-05	-0.0006
0.993	-5E-05	0
0.994	-0.0001	0.0003
0.995	-5E-05	0
0.996	-5E-05	-0.00045
0.997	-0.0001	-0.00075
0.998	-5E-05	-0.00015
0.999	-5E-05	-0.00045
1	-0.0001	-0.0009
1.001	-5E-05	-0.00075
1.002	-5E-05	0.00045
1.003	-0.0001	0.00015
1.004	-5E-05	0.0003
1.005	-5E-05	-0.00015
1.006	-5E-05	0.0003
1.007	-5E-05	-0.00015
1.008	-5E-05	-0.0003
1.009	-0.0001	0.00015
1.01	-5E-05	0
1.011	-5E-05	-0.0003
1.012	-5E-05	-0.00015
1.013	-5E-05	-0.00045
1.014	-5E-05	-0.0003
1.015	-5E-05	0
1.016	-0.0001	-0.00045
1.017	0	0.00015
1.018	-0.0001	-0.00045
1.019	-5E-05	-0.00045
1.02	-5E-05	-0.0003
1.021	-5E-05	0.00015
1.022	-5E-05	-0.00015
1.023	-0.0001	-0.00015
1.024	-5E-05	0.0003
1.025	-5E-05	0.00015
1.026	-5E-05	0
1.027	-0.0001	0.0003
1.028	-5E-05	-0.00015
1.029	-5E-05	-0.00075
1.03	-5E-05	-0.0003
1.031	-5E-05	0.00015
1.032	-5E-05	-0.0003
1.033	-5E-05	-0.00015
1.034	-0.0001	0.0006
1.035	-5E-05	0
1.036	-5E-05	0.0003
1.037	-0.0001	-0.0003
1.038	-5E-05	0.00015
1.039	-5E-05	-0.00045
1.04	-5E-05	-0.0003
1.041	-0.0001	0.0003
1.042	-5E-05	0
1.043	-5E-05	-0.00045
1.044	-5E-05	0.00015
1.045	-0.0001	0.00045
1.046	-0.0001	-0.00045
1.047	-5E-05	-0.00045
1.048	-5E-05	-0.0006
1.049	-5E-05	-0.00075
1.05	-5E-05	-0.0003
1.051	-5E-05	-0.00075
1.052	-5E-05	-0.00045
1.053	-0.0001	-0.00015
1.054	-5E-05	-0.00075
1.055	-5E-05	-0.0012
1.056	-0.0001	0
1.057	-5E-05	-0.0003
1.058	-5E-05	-0.00045
1.059	-5E-05	0.00015
1.06	-0.0001	-0.0003
1.061	-5E-05	-0.00075
1.062	-5E-05	0.0003
1.063	-0.0001	-0.0006
1.064	-5E-05	-0.00075
1.065	-0.0001	-0.0012
1.066	-5E-05	-0.0012
1.067	-5E-05	-0.0006
1.068	-0.0001	-0.0003
1.069	-5E-05	-0.0003
1.07	-5E-05	-0.00045
1.071	-5E-05	-0.00045
1.072	-0.0001	-0.00075
1.073	-5E-05	0
1.074	-0.0001	-0.0003
1.075	-0.0001	-0.0006
1.076	-5E-05	-0.0003
1.077	-5E-05	0
1.078	-5E-05	-0.00045
1.079	-0.0001	-0.00045
1.08	-5E-05	-0.00015
1.081	-5E-05	-0.00105
1.082	-0.0001	-0.0009
1.083	-5E-05	-0.0006
1.084	-5E-05	-0.0009
1.085	-5E-05	-0.0003
1.086	-5E-05	-0.00015
1.087	-5E-05	-0.0006
1.088	-0.0001	0.0003
1.089	-5E-05	-0.00015
1.09	-5E-05	-0.0006
1.091	-5E-05	-0.00015
1.092	-5E-05	-0.00075
1.093	-5E-05	-0.00045
1.094	-0.0001	0
1.095	-5E-05	0
1.096	-5E-05	-0.00075
1.097	-5E-05	-0.00075
1.098	-0.0001	-0.0009
1.099	-5E-05	-0.00015
1.1	-5E-05	-0.00075
1.101	-5E-05	-0.0006
1.102	-5E-05	-0.00105
1.103	-0.0001	-0.0006
1.104	-5E-05	0.00015
1.105	-5E-05	-0.0003
1.106	-5E-05	0
1.107	-0.0001	0.00015
1.108	-0.0001	-0.0003
1.109	-5E-05	-0.0009
1.11	-5E-05	-0.00045
1.111	-5E-05	-0.0003
1.112	-0.0001	-0.0006
1.113	-5E-05	-0.0006
1.114	-5E-05	-0.00075
1.115	-5E-05	-0.00045
1.116	-5E-05	-0.0003
1.117	-5E-05	-0.0003
1.118	-5E-05	-0.00045
1.119	-5E-05	-0.0009
1.12	-0.0001	-0.0009
1.121	-5E-05	-0.00045
1.122	-5E-05	0
1.123	-5E-05	-0.0003
1.124	-5E-05	-0.0006
1.125	-5E-05	0.0003
1.126	-0.0001	0.00015
1.127	-5E-05	-0.0003
1.128	-5E-05	0
1.129	-0.0001	-0.00045
1.13	-5E-05	-0.00045
1.131	-5E-05	-0.00075
1.132	-0.0001	-0.0006
1.133	-5E-05	-0.0006
1.134	-5E-05	0
1.135	-5E-05	-0.00045
1.136	-5E-05	-0.00015
1.137	-5E-05	-0.0006
1.138	-5E-05	-0.0003
1.139	-5E-05	-0.00015
1.14	-5E-05	-0.00045
1.141	-5E-05	0.0003
1.142	-5E-05	-0.00015
1.143	-5E-05	0.0003
1.144	-0.0001	0
1.145	-0.0001	-0.00075
1.146	-5E-05	-0.0003
1.147	-5E-05	-0.00045
1.148	-0.0001	-0.0009
1.149	-5E-05	-0.00075
1.15	-5E-05	-0.0003
1.151	-0.0001	-0.00075
1.152	-5E-05	-0.00075
1.153	-5E-05	0.0006
1.154	-0.0001	-0.00045
1.155	-5E-05	-0.0003
1.156	-5E-05	-0.00015
1.157	-5E-05	-0.00015
1.158	-0.0001	0
1.159	-5E-05	0.00015
1.16	-5E-05	-0.0003
1.161	-5E-05	-0.0003
1.162	-5E-05	-0.0006
1.163	-0.0001	-0.0009
1.164	-5E-05	0.0003
1.165	-5E-05	-0.0006
1.166	-5E-05	-0.0009
1.167	-0.0001	0.00015
1.168	-5E-05	0
1.169	-5E-05	-0.0003
1.17	-5E-05	0.0003
1.171	-5E-05	-0.0003
1.172	-5E-05	-0.0003
1.173	-5E-05	0.00045
1.174	-0.0001	-0.00015
1.175	-5E-05	0.00015
1.176	-5E-05	0.0003
1.177	-5E-05	-0.00015
1.178	-5E-05	-0.00015
1.179	-0.0001	-0.0006
1.18	-5E-05	-0.0006
1.181	-5E-05	-0.00015
1.182	-5E-05	-0.00015
1.183	-5E-05	-0.00045
1.184	-5E-05	0.0003
1.185	-5E-05	0.0003
1.186	-0.0001	-0.0006
1.187	-5E-05	-0.0003
1.188	-5E-05	0.00015
1.189	-0.0001	-0.0003
1.19	-5E-05	0
1.191	-0.0001	0.0003
1.192	-0.0001	-0.00045
1.193	-5E-05	0.0006
1.194	-5E-05	0.00015
1.195	-5E-05	-0.00045
1.196	-5E-05	-0.0003
1.197	-5E-05	-0.0003
1.198	-5E-05	-0.00045
1.199	-5E-05	-0.00015
1.2	-5E-05	0
1.201	-5E-05	-0.00075
1.202	-5E-05	0
1.203	-5E-05	0.0003
1.204	-5E-05	0.0006
1.205	-0.0001	0
1.206	-5E-05	-0.0006
1.207	-5E-05	-0.0006
1.208	-5E-05	0.00015
1.209	-5E-05	0.0003
1.21	-5E-05	-0.00015
1.211	-0.0001	0.00015
1.212	-0.0001	-0.00105
1.213	-0.0001	-0.00045
1.214	-5E-05	-0.00015
1.215	-5E-05	-0.00045
1.216	-0.0001	-0.00105
1.217	-0.0001	-0.00135
1.218	-5E-05	-0.0009
1.219	-0.0001	-0.00075
1.22	-0.0001	0.0003
1.221	-5E-05	-0.00075
1.222	-5E-05	-0.00075
1.223	-5E-05	-0.0006
1.224	-0.0001	-0.00075
1.225	-5E-05	0
1.226	-0.0001	-0.00015
1.227	-5E-05	-0.00105
1.228	-5E-05	-0.0012
1.229	-0.0001	-0.0012
1.23	-0.0001	-0.00075
1.231	-0.0001	-0.0009
1.232	-5E-05	-0.0012
1.233	-0.0001	-0.00135
1.234	-5E-05	-0.0012
1.235	-0.0001	-0.00075
1.236	-0.0001	-0.0009
1.237	-5E-05	-0.00135
1.238	-0.0001	-0.00075
1.239	-5E-05	-0.00135
1.24	-5E-05	-0.0009
1.241	-0.0001	-0.0006
1.242	-0.0001	-0.00135
1.243	-0.0001	-0.0009
1.244	-5E-05	-0.00045
1.245	-5E-05	-0.0012
1.246	-5E-05	-0.0009
1.247	-5E-05	-0.00105
1.248	-5E-05	-0.0015
1.249	-0.0001	-0.0006
1.25	-0.0001	-0.0015
1.251	-5E-05	-0.00165
1.252	-0.0001	-0.0012
1.253	-0.0001	-0.0012
1.254	-5E-05	-0.00075
1.255	-5E-05	-0.00045
1.256	-5E-05	-0.00135
1.257	-5E-05	-0.0006
1.258	-5E-05	-0.0003
1.259	-5E-05	-0.00135
1.26	-5E-05	-0.0009
1.261	-0.0001	-0.0006
1.262	-5E-05	-0.00075
1.263	-5E-05	-0.0009
1.264	-0.0001	-0.0009
1.265	-5E-05	-0.00075
1.266	-5E-05	-0.0006
1.267	-0.0001	-0.0006
1.268	-0.0001	-0.0009
1.269	-5E-05	-0.00105
1.27	-5E-05	-0.00135
1.271	-5E-05	-0.00105
1.272	-5E-05	-0.00045
1.273	-5E-05	-0.00045
1.274	-0.0001	-0.0006
1.275	-5E-05	-0.00015
1.276	-5E-05	-0.00015
1.277	-5E-05	-0.0003
1.278	-5E-05	-0.00105
1.279	-0.0001	-0.00105
1.28	-5E-05	-0.00075
1.281	-5E-05	-0.0009
1.282	-5E-05	-0.0009
1.283	-5E-05	-0.00075
1.284	-5E-05	-0.00015
1.285	-5E-05	-0.0003
1.286	-5E-05	-0.0006
1.287	-0.0001	-0.00045
1.288	-5E-05	-0.00075
1.289	-5E-05	-0.0009
1.29	-0.0001	0
1.291	-5E-05	-0.0003
1.292	-0.0001	-0.00105
1.293	-5E-05	0.0003
1.294	-5E-05	-0.00015
1.295	-5E-05	-0.00075
1.296	-5E-05	-0.0003
1.297	-0.0001	-0.00105
1.298	-5E-05	-0.0009
1.299	-0.0001	-0.0012
1.3	-5E-05	-0.00105
1.301	-0.0001	-0.0006
1.302	-5E-05	-0.0006
1.303	-5E-05	-0.00075
1.304	-5E-05	0
1.305	-5E-05	-0.00045
1.306	-5E-05	-0.00045
1.307	-5E-05	-0.0003
1.308	-0.0001	-0.00045
1.309	-0.0001	-0.0009
1.31	-5E-05	-0.00045
1.311	-0.0001	-0.00045
1.312	-5E-05	-0.00075
1.313	-5E-05	-0.00075
1.314	-5E-05	-0.00015
1.315	-0.0001	-0.0009
1.316	-0.0001	-0.00075
1.317	-5E-05	-0.0006
1.318	-5E-05	-0.0009
1.319	-5E-05	-0.00075
1.32	-5E-05	-0.00045
1.321	-5E-05	-0.0003
1.322	-5E-05	0
1.323	-5E-05	-0.0003
1.324	-5E-05	-0.00075
1.325	-5E-05	0.0003
1.326	-5E-05	-0.00045
1.327	-0.0001	-0.00015
1.328	-5E-05	-0.0006
1.329	-5E-05	-0.00045
1.33	-5E-05	-0.00075
1.331	-5E-05	-0.00045
1.332	-5E-05	-0.0006
1.333	-5E-05	-0.0006
1.334	-0.0001	-0.0003
1.335	-5E-05	-0.00015
1.336	-5E-05	-0.0006
1.337	-0.0001	-0.0009
1.338	-5E-05	-0.00045
1.339	-5E-05	-0.00015
1.34	-5E-05	0
1.341	-5E-05	-0.00015
1.342	-5E-05	-0.00045
1.343	-5E-05	0
1.344	-5E-05	0.00045
1.345	-5E-05	0
1.346	-0.0001	-0.0003
1.347	-5E-05	-0.0006
1.348	-5E-05	-0.00075
1.349	-5E-05	-0.0006
1.35	-5E-05	-0.00075
1.351	-5E-05	-0.0006
1.352	-5E-05	0.0003
1.353	-0.0001	-0.00075
1.354	-5E-05	0
1.355	-5E-05	0
1.356	-0.0001	-0.00015
1.357	-5E-05	-0.00015
1.358	-0.0001	0
1.359	-5E-05	-0.0003
1.36	-5E-05	0
1.361	-5E-05	0
1.362	-0.0001	-0.0003
1.363	-5E-05	-0.00015
1.364	-5E-05	-0.00075
1.365	-5E-05	-0.00045
1.366	-5E-05	-0.0003
1.367	-0.0001	-0.0003
1.368	-5E-05	-0.00045
1.369	-5E-05	-0.00015
1.37	-0.0001	-0.00045
1.371	-0.0001	-0.0003
1.372	-0.0001	0.0003
1.373	-5E-05	0.00015
1.374	-5E-05	-0.0003
1.375	-0.0001	-0.0003
1.376	-0.0001	-0.0006
1.377	-5E-05	0
1.378	-0.0001	-0.00015
1.379	-0.0001	-0.00075
1.38	-5E-05	-0.00075
1.381	-0.0001	0.00015
1.382	-5E-05	-0.0003
1.383	-0.0001	-0.0006
1.384	-5E-05	-0.00045
1.385	-5E-05	-0.00075
1.386	-5E-05	0.0003
1.387	-5E-05	0.00015
1.388	-5E-05	-0.0006
1.389	-5E-05	-0.00045
1.39	-0.0001	0.0003
1.391	-0.0001	0
1.392	-5E-05	-0.00045
1.393	-5E-05	-0.00045
1.394	-5E-05	-0.0006
1.395	-5E-05	0.0006
1.396	-5E-05	-0.00075
1.397	-0.0001	-0.00075
1.398	-5E-05	-0.00045
1.399	-0.0001	-0.00015
1.4	-5E-05	-0.0009
1.401	-5E-05	-0.0009
1.402	-0.0001	-0.0006
1.403	-5E-05	-0.00045
1.404	-5E-05	0
1.405	-5E-05	-0.0006
1.406	-5E-05	-0.0006
1.407	-5E-05	-0.00015
1.408	-0.0001	0
1.409	-0.0001	-0.00045
1.41	-5E-05	-0.00075
1.411	-5E-05	-0.00045
1.412	-5E-05	-0.0006
1.413	-0.0001	-0.0003
1.414	-5E-05	-0.0006
1.415	-5E-05	-0.0009
1.416	-0.0001	-0.00045
1.417	-5E-05	-0.00015
1.418	-0.0001	-0.00075
1.419	-5E-05	-0.0006
1.42	-5E-05	-0.0006
1.421	-0.0001	-0.0006
1.422	-5E-05	-0.00045
1.423	-5E-05	-0.00045
1.424	-5E-05	-0.0003
1.425	-5E-05	0.0003
1.426	-5E-05	-0.0003
1.427	-5E-05	-0.00015
1.428	-5E-05	-0.00015
1.429	-0.0001	-0.0006
1.43	-5E-05	-0.0009
1.431	-5E-05	-0.00075
1.432	-0.0001	-0.00105
1.433	-5E-05	-0.0006
1.434	-5E-05	-0.0006
1.435	-0.0001	-0.00105
1.436	-0.0001	-0.00015
1.437	-5E-05	-0.00015
1.438	-0.0001	-0.0006
1.439	-5E-05	-0.00075
1.44	-5E-05	-0.00045
1.441	-5E-05	-0.0003
1.442	-5E-05	-0.00045
1.443	-5E-05	-0.0003
1.444	-0.0001	-0.00015
1.445	-5E-05	0
1.446	-0.0001	-0.0006
1.447	-5E-05	-0.00075
1.448	-0.0001	-0.0009
1.449	-0.0001	-0.00075
1.45	-5E-05	-0.00075
1.451	-5E-05	-0.00045
1.452	-5E-05	-0.0009
1.453	-5E-05	-0.0003
1.454	-5E-05	0.0003
1.455	-5E-05	-0.00015
1.456	-5E-05	-0.00015
1.457	-0.0001	-0.0003
1.458	-5E-05	-0.0003
1.459	-5E-05	-0.00045
1.46	-5E-05	-0.00015
1.461	-5E-05	-0.0003
1.462	-5E-05	-0.00075
1.463	-0.0001	-0.00045
1.464	-5E-05	-0.00075
1.465	-0.0001	-0.0006
1.466	-5E-05	0.00015
1.467	-5E-05	-0.0009
1.468	-5E-05	-0.00075
1.469	-5E-05	-0.00075
1.47	0.00015	-0.00045
1.471	0.00035	-0.0003
1.472	0.00045	-0.00045
1.473	0.0005	-0.00045
1.474	0.0006	-0.00075
1.475	0.0006	0.00015
1.476	0.00065	-0.00045
1.477	0.00065	-0.00045
1.478	0.0007	-0.00015
1.479	0.0007	-0.00045
1.48	0.00075	-0.00045
1.481	0.00075	-0.0006
1.482	0.0008	-0.00105
1.483	0.00085	-0.0009
1.484	0.00085	0
1.485	0.0009	-0.00075
1.486	0.0009	-0.00045
1.487	0.00095	-0.00015
1.488	0.00105	-0.0003
1.489	0.0011	-0.00045
1.49	0.0012	0
1.491	0.0014	0.00015
1.492	0.0017	-0.0003
1.493	0.0022	0.0009
1.494	0.0029	0.0009
1.495	0.00375	0.0015
1.496	0.0047	0.0024
1.497	0.0057	0.003
1.498	0.0063	0.00285
1.499	0.00685	0.0033
1.5	0.00745	0.0036
1.501	0.00805	0.0039
1.502	0.00875	0.0048
1.503	0.00945	0.00495
1.504	0.01015	0.0051
1.505	0.01085	0.00585
1.506	0.0116	0.00585
1.507	0.01235	0.0066
1.508	0.01315	0.00705
1.509	0.0139	0.00675
1.51	0.01475	0.0072
1.511	0.01555	0.00825
1.512	0.01635	0.00825
1.513	0.0171	0.00915
1.514	0.01795	0.00975
1.515	0.01875	0.0099
1.516	0.01955	0.01095
1.517	0.0205	0.0114
1.518	0.02145	0.0114
1.519	0.02245	0.012
1.52	0.02345	0.0132
1.521	0.0244	0.01365
1.522	0.02535	0.0147
1.523	0.0264	0.0153
1.524	0.02735	0.01605
1.525	0.0283	0.0168
1.526	0.02935	0.0171
1.527	0.03025	0.01755
1.528	0.03125	0.01785
1.529	0.03225	0.0183
1.53	0.0331	0.0189
1.531	0.0341	0.01995
1.532	0.03505	0.0201
1.533	0.0359	0.02115
1.534	0.0367	0.0216
1.535	0.03485	0.02025
1.536	0.0349	0.02025
1.537	0.0349	0.0204
1.538	0.03495	0.02055
1.539	0.035	0.02055
1.54	0.035	0.0207
1.541	0.03505	0.0207
1.542	0.0351	0.02055
1.543	0.03515	0.0207
1.544	0.0351	0.01995
1.545	0.03515	0.0201
1.546	0.0352	0.02085
1.547	0.0352	0.0201
1.548	0.0352	0.0201
1.549	0.03525	0.02025
1.55	0.03525	0.01995
1.551	0.0353	0.0201
1.552	0.0353	0.0204
1.553	0.0353	0.0201
1.554	0.0353	0.0207
1.555	0.03535	0.021
1.556	0.03535	0.02055
1.557	0.0353	0.02085
1.558	0.03535	0.021
1.559	0.0353	0.02085
1.56	0.03535	0.0207
1.561	0.03535	0.0207
1.562	0.0354	0.02025
1.563	0.0335	0.02085
1.564	0.0333	0.0207
1.565	0.0331	0.0201
1.566	0.033	0.0201
1.567	0.033	0.02025
1.568	0.03305	0.02055
1.569	0.033	0.0207
1.57	0.03305	0.02055
1.571	0.03295	0.0198
1.572	0.03295	0.0207
1.573	0.03295	0.02085
1.574	0.0329	0.02085
1.575	0.03295	0.02085
1.576	0.033	0.0204
1.577	0.03295	0.0204
1.578	0.0329	0.02055
1.579	0.033	0.0198
1.58	0.0329	0.0198
1.581	0.0329	0.0201
1.582	0.033	0.0201
1.583	0.0329	0.0201
1.584	0.0329	0.02025
1.585	0.0329	0.01995
1.586	0.0329	0.02025
1.587	0.0329	0.0204
1.588	0.03295	0.0201
1.589	0.0329	0.02055
1.59	0.0329	0.02025
1.591	0.0329	0.02025
1.592	0.03285	0.0207
1.593	0.0329	0.0207
1.594	0.0329	0.0201
1.595	0.03295	0.02055
1.596	0.03295	0.02055
1.597	0.0329	0.02025
1.598	0.03295	0.01995
1.599	0.03295	0.0198
1.6	0.03295	0.0198
1.601	0.0329	0.0201
1.602	0.0329	0.02085
1.603	0.03295	0.02085
1.604	0.0329	0.0207
1.605	0.0329	0.02085
1.606	0.03295	0.01995
1.607	0.03285	0.0207
1.608	0.03295	0.02115
1.609	0.03295	0.021
1.61	0.03295	0.021
1.611	0.0329	0.0198
1.612	0.03295	0.02085
1.613	0.03285	0.02115
1.614	0.0329	0.0204
1.615	0.0329	0.02025
1.616	0.03295	0.0201
1.617	0.0329	0.0204
1.618	0.0329	0.02085
1.619	0.0329	0.02145
1.62	0.03295	0.021
1.621	0.03285	0.02085
1.622	0.03295	0.02085
1.623	0.0329	0.021
1.624	0.0329	0.0213
1.625	0.03295	0.0216
1.626	0.03295	0.02145
1.627	0.0329	0.0207
1.628	0.033	0.02145
1.629	0.0329	0.02115
1.63	0.0329	0.02115
1.631	0.0329	0.0216
1.632	0.0329	0.02025
1.633	0.03295	0.0207
1.634	0.0329	0.02115
1.635	0.0329	0.02145
1.636	0.03295	0.02115
1.637	0.03295	0.02115
1.638	0.03295	0.021
1.639	0.0329	0.02115
1.64	0.0329	0.02205
1.641	0.03285	0.02115
1.642	0.03295	0.02145
1.643	0.0329	0.0219
1.644	0.0329	0.0216
1.645	0.0329	0.0213
1.646	0.03295	0.02115
1.647	0.03295	0.02085
1.648	0.03295	0.02145
1.649	0.0329	0.02085
1.65	0.0329	0.02055
1.651	0.0329	0.021
1.652	0.03295	0.02085
1.653	0.0329	0.02025
1.654	0.03295	0.02145
1.655	0.0329	0.021
1.656	0.0329	0.02085
1.657	0.0329	0.0213
1.658	0.03295	0.02115
1.659	0.0329	0.02145
1.66	0.0329	0.02145
1.661	0.0329	0.02085
1.662	0.03295	0.02055
1.663	0.03285	0.0207
1.664	0.03285	0.021
1.665	0.0329	0.02055
1.666	0.03285	0.021
1.667	0.03295	0.0207
1.668	0.03295	0.0207
1.669	0.03295	0.021
1.67	0.0329	0.02055
1.671	0.0329	0.0207
1.672	0.03295	0.0213
1.673	0.03295	0.02115
1.674	0.03285	0.0204
1.675	0.0329	0.02205
1.676	0.033	0.02025
1.677	0.03295	0.0213
1.678	0.0329	0.02085
1.679	0.03295	0.02025
1.68	0.0329	0.0207
1.681	0.0329	0.0207
1.682	0.03295	0.0204
1.683	0.0329	0.02055
1.684	0.0329	0.02055
1.685	0.0329	0.02085
1.686	0.03295	0.0213
1.687	0.0329	0.02055
1.688	0.0329	0.0207
1.689	0.03285	0.02115
1.69	0.0329	0.0213
1.691	0.0329	0.0207
1.692	0.03295	0.021
1.693	0.03295	0.021
1.694	0.03295	0.0213
1.695	0.03295	0.02085
1.696	0.03295	0.021
1.697	0.03295	0.02085
1.698	0.0329	0.0207
1.699	0.0329	0.02085
1.7	0.0329	0.02025
1.701	0.0329	0.02055
1.702	0.0329	0.0207
1.703	0.03295	0.02085
1.704	0.0329	0.02175
1.705	0.0329	0.0207
1.706	0.033	0.0216
1.707	0.0329	0.02115
1.708	0.033	0.0216
1.709	0.0329	0.02115
1.71	0.0329	0.02175
1.711	0.03295	0.02085
1.712	0.03295	0.02115
1.713	0.0329	0.02115
1.714	0.03295	0.02085
1.715	0.03295	0.021
1.716	0.0329	0.0204
1.717	0.03295	0.02115
1.718	0.0329	0.02115
1.719	0.0329	0.0207
1.72	0.03285	0.0207
1.721	0.0329	0.0213
1.722	0.0329	0.02115
1.723	0.03295	0.02115
1.724	0.0329	0.02145
1.725	0.0329	0.02145
1.726	0.03295	0.0213
1.727	0.03295	0.0219
1.728	0.0329	0.02115
1.729	0.03295	0.02085
1.73	0.03285	0.02025
1.731	0.03295	0.021
1.732	0.03295	0.0207
1.733	0.0329	0.02085
1.734	0.03285	0.02085
1.735	0.0329	0.02055
1.736	0.03295	0.0213
1.737	0.03285	0.02085
1.738	0.0329	0.02115
1.739	0.0329	0.02115
1.74	0.0329	0.02145
1.741	0.03295	0.02055
1.742	0.0329	0.0213
1.743	0.0329	0.02115
1.744	0.0329	0.02115
1.745	0.03295	0.02145
1.746	0.03285	0.021
1.747	0.0329	0.02085
1.748	0.03295	0.0213
1.749	0.0329	0.021
1.75	0.0329	0.0201
1.751	0.0329	0.02115
1.752	0.03295	0.02085
1.753	0.03295	0.02085
1.754	0.03295	0.02115
1.755	0.03295	0.021
1.756	0.0329	0.02115
1.757	0.03285	0.02145
1.758	0.0329	0.0204
1.759	0.0329	0.02055
1.76	0.0329	0.02145
1.761	0.03295	0.021
1.762	0.03295	0.02085
1.763	0.03295	0.02055
1.764	0.0329	0.02055
1.765	0.03295	0.02055
1.766	0.03285	0.021
1.767	0.0329	0.0204
1.768	0.03295	0.0204
1.769	0.0329	0.02115
1.77	0.0329	0.02085
1.771	0.03285	0.021
1.772	0.0329	0.021
1.773	0.033	0.02025
1.774	0.03295	0.02115
1.775	0.03295	0.0216
1.776	0.0329	0.02055
1.777	0.0329	0.02085
1.778	0.0329	0.02085
1.779	0.0329	0.01995
1.78	0.0329	0.021
1.781	0.0329	0.02055
1.782	0.0329	0.0207
1.783	0.0329	0.02055
1.784	0.0329	0.02025
1.785	0.03285	0.0201
1.786	0.0329	0.021
1.787	0.0329	0.02085
1.788	0.0329	0.0204
1.789	0.03295	0.02085
1.79	0.0329	0.0213
1.791	0.03295	0.02115
1.792	0.0329	0.0213
1.793	0.0329	0.02115
1.794	0.0329	0.02085
1.795	0.0329	0.02085
1.796	0.0329	0.0207
1.797	0.0329	0.0204
1.798	0.0329	0.0201
1.799	0.03285	0.01995
1.8	0.0329	0.0198
1.801	0.03295	0.0204
1.802	0.0329	0.02085
1.803	0.03295	0.0207
1.804	0.0329	0.0213
1.805	0.0329	0.02115
1.806	0.03285	0.02055
1.807	0.03285	0.0207
1.808	0.03295	0.021
1.809	0.0329	0.0207
1.81	0.03285	0.0207
1.811	0.03295	0.02085
1.812	0.03295	0.0207
1.813	0.03285	0.02085
1.814	0.0329	0.0204
1.815	0.0329	0.02055
1.816	0.0329	0.01995
1.817	0.03295	0.02055
1.818	0.0329	0.0201
1.819	0.0329	0.02025
1.82	0.03295	0.02055
1.821	0.0329	0.01965
1.822	0.03285	0.021
1.823	0.0329	0.02085
1.824	0.03295	0.0207
1.825	0.0329	0.0213
1.826	0.03295	0.0207
1.827	0.0329	0.01995
1.828	0.03295	0.021
1.829	0.0329	0.02055
1.83	0.03285	0.02025
1.831	0.03295	0.02055
1.832	0.03295	0.0207
1.833	0.0329	0.01995
1.834	0.0329	0.02025
1.835	0.03285	0.0201
1.836	0.0329	0.0207
1.837	0.0329	0.021
1.838	0.03285	0.02025
1.839	0.0329	0.0204
1.84	0.0329	0.02085
1.841	0.0329	0.0207
1.842	0.03295	0.02025
1.843	0.03295	0.0213
1.844	0.0329	0.021
1.845	0.0329	0.02055
1.846	0.03285	0.0207
1.847	0.0329	0.0204
1.848	0.03295	0.0207
1.849	0.033	0.02025
1.85	0.03295	0.0204
1.851	0.0329	0.02025
1.852	0.0329	0.021
1.853	0.03295	0.0207
1.854	0.033	0.021
1.855	0.03295	0.021
1.856	0.033	0.02055
1.857	0.0329	0.0213
1.858	0.0329	0.0213
1.859	0.0329	0.0216
1.86	0.0329	0.021
1.861	0.03295	0.021
1.862	0.0329	0.02055
1.863	0.03285	0.02025
1.864	0.0329	0.02085
1.865	0.03295	0.02025
1.866	0.03285	0.02085
1.867	0.03295	0.02025
1.868	0.03295	0.02025
1.869	0.03295	0.02025
1.87	0.03295	0.0207
1.871	0.03295	0.0207
1.872	0.03295	0.0213
1.873	0.03285	0.021
1.874	0.03295	0.0213
1.875	0.03285	0.0219
1.876	0.03295	0.02115
1.877	0.0329	0.0207
1.878	0.0329	0.02055
1.879	0.0329	0.02085
1.88	0.03295	0.02115
1.881	0.0329	0.0204
1.882	0.0329	0.0207
1.883	0.0329	0.02055
1.884	0.0329	0.02025
1.885	0.0329	0.02085
1.886	0.0329	0.02085
1.887	0.0329	0.0207
1.888	0.03285	0.0207
1.889	0.03295	0.02085
1.89	0.03295	0.02145
1.891	0.0329	0.02115
1.892	0.03295	0.02055
1.893	0.0329	0.02115
1.894	0.03295	
1.895	0.0329	
1.896	0.0329	
1.897	0.0329	
1.898	0.0329	
1.899	0.03285	
1.9	0.0329	
1.901	0.0329	
1.902	0.0329	
