MIN=0	-0.1	-0.3
MAX=1.6	0.1	0.3
SCALE=0.1	0.05	0.1
DEC=3	4	4
DEF="Time" t / s	"Current" I_A1 / A	"Voltage" U_B1 / V
0	-5E-05	-0.00075
0.001	0	-0.00105
0.002	0	-0.0006
0.003	0	-0.0006
0.004	0	-0.0006
0.005	-5E-05	-0.0006
0.006	0	-0.0009
0.007	0	-0.0006
0.008	-5E-05	-0.0003
0.009	-5E-05	-0.00165
0.01	0	-0.00075
0.011	0	-0.00015
0.012	-5E-05	-0.0012
0.013	0	-0.0006
0.014	0	-0.0006
0.015	-5E-05	-0.00165
0.016	0	-0.00075
0.017	-5E-05	-0.0009
0.018	-5E-05	-0.0012
0.019	-5E-05	-0.00075
0.02	0	-0.00015
0.021	0	-0.00015
0.022	0	-0.0006
0.023	0	-0.00045
0.024	-5E-05	-0.00045
0.025	0	-0.00015
0.026	-5E-05	-0.0006
0.027	0	-0.0009
0.028	-5E-05	-0.0003
0.029	0	-0.0006
0.03	0	-0.0015
0.031	0	-0.0003
0.032	0	-0.0009
0.033	0	-0.00105
0.034	-5E-05	-0.0009
0.035	0	-0.00045
0.036	-5E-05	-0.0003
0.037	-5E-05	-0.00045
0.038	0	-0.0006
0.039	0	-0.0003
0.04	5E-05	-0.00015
0.041	0	-0.00015
0.042	0	0.00015
0.043	-5E-05	-0.00015
0.044	0	-0.0003
0.045	-5E-05	-0.00075
0.046	0	0.00015
0.047	0	-0.00045
0.048	0	-0.0006
0.049	-5E-05	-0.0012
0.05	0	-0.0009
0.051	0	-0.0012
0.052	0	-0.00045
0.053	-5E-05	-0.0006
0.054	0	-0.00075
0.055	0	-0.0003
0.056	-5E-05	-0.0006
0.057	0	-0.0003
0.058	0	-0.0003
0.059	0	-0.00045
0.06	0	-0.0003
0.061	0	-0.00045
0.062	-5E-05	-0.0003
0.063	0	-0.0003
0.064	0	-0.0003
0.065	-5E-05	-0.00135
0.066	0	-0.00045
0.067	0	-0.0006
0.068	0	-0.00075
0.069	-5E-05	-0.0012
0.07	0	-0.00075
0.071	0	-0.0006
0.072	-5E-05	-0.00075
0.073	0	-0.00045
0.074	-5E-05	-0.00045
0.075	0	-0.00015
0.076	0	-0.00045
0.077	-5E-05	-0.0003
0.078	0	-0.00015
0.079	-5E-05	-0.0006
0.08	0	-0.00135
0.081	-5E-05	-0.00075
0.082	0	-0.00075
0.083	0	-0.00045
0.084	-5E-05	-0.00075
0.085	0	-0.00105
0.086	0	-0.00045
0.087	0	-0.0006
0.088	0	-0.0003
0.089	0	-0.00045
0.09	0	0.00015
0.091	-5E-05	-0.00075
0.092	0	-0.00045
0.093	0	-0.0012
0.094	0	-0.0006
0.095	0	-0.0003
0.096	0	-0.0009
0.097	-5E-05	-0.0003
0.098	0	-0.00075
0.099	-5E-05	-0.0009
0.1	0	-0.0009
0.101	0	0.0003
0.102	-5E-05	-0.0006
0.103	0	-0.00075
0.104	0	0.00015
0.105	0	-0.00015
0.106	0	0
0.107	0	-0.0003
0.108	0	-0.0003
0.109	0	-0.00045
0.11	0	0.00015
0.111	0	-0.0009
0.112	0	-0.00045
0.113	-5E-05	-0.00045
0.114	-5E-05	-0.0009
0.115	0	-0.0006
0.116	-5E-05	-0.00015
0.117	0	-0.0003
0.118	-5E-05	-0.00045
0.119	0	-0.0006
0.12	0	-0.0009
0.121	0	-0.0003
0.122	0	-0.00015
0.123	0	-0.00075
0.124	0	0
0.125	-5E-05	0.0003
0.126	0	0.00045
0.127	0	-0.0003
0.128	0	-0.0003
0.129	0	-0.0006
0.13	0	-0.00045
0.131	0	-0.00075
0.132	-0.0001	-0.00075
0.133	0	-0.00015
0.134	0	-0.00075
0.135	0	-0.00075
0.136	0	-0.00015
0.137	0	0
0.138	-5E-05	-0.0009
0.139	-5E-05	-0.0006
0.14	0	-0.00015
0.141	-5E-05	-0.0009
0.142	0	-0.0003
0.143	0	0
0.144	0	0.00045
0.145	0	-0.00075
0.146	-5E-05	-0.0003
0.147	-5E-05	-0.00075
0.148	0	-0.0009
0.149	0	-0.0006
0.15	0	-0.0009
0.151	0	-0.00045
0.152	0	-0.00105
0.153	0	-0.00045
0.154	-5E-05	-0.0003
0.155	0	-0.0003
0.156	0	-0.0009
0.157	-5E-05	-0.00045
0.158	0	-0.00015
0.159	0	-0.00105
0.16	-5E-05	-0.0006
0.161	0	-0.00105
0.162	-5E-05	-0.0009
0.163	-5E-05	-0.0009
0.164	-5E-05	-0.00045
0.165	0	-0.00105
0.166	0	-0.0012
0.167	0	-0.0009
0.168	0	-0.0006
0.169	0	-0.00045
0.17	0	-0.0015
0.171	0	-0.0006
0.172	0	-0.00045
0.173	0	-0.00075
0.174	0	-0.00075
0.175	0	-0.00045
0.176	-5E-05	-0.0015
0.177	0	-0.00135
0.178	0	-0.0009
0.179	0	-0.0012
0.18	0	-0.00075
0.181	-5E-05	-0.0012
0.182	0	-0.0012
0.183	-5E-05	-0.0012
0.184	0	-0.00105
0.185	0	-0.00135
0.186	0	-0.00045
0.187	0	-0.0009
0.188	-5E-05	-0.00075
0.189	0	-0.00075
0.19	-5E-05	-0.00105
0.191	0	-0.0012
0.192	0	-0.0009
0.193	0	-0.0003
0.194	-5E-05	-0.0012
0.195	0	-0.0009
0.196	0	-0.00135
0.197	0	-0.0003
0.198	0	-0.00015
0.199	0	-0.0012
0.2	0	-0.00075
0.201	-5E-05	-0.00105
0.202	0	-0.0009
0.203	0	-0.0009
0.204	0	0
0.205	0	-0.00045
0.206	0	0.0003
0.207	-5E-05	-0.00015
0.208	0	-0.0003
0.209	0	0.0003
0.21	0	0.00015
0.211	0	-0.00075
0.212	-5E-05	-0.0006
0.213	-5E-05	-0.0003
0.214	0	-0.00045
0.215	0	0.00045
0.216	-5E-05	-0.0006
0.217	0	-0.0012
0.218	0	-0.0006
0.219	0	0.00045
0.22	-5E-05	0.0003
0.221	0	0
0.222	0	-0.0006
0.223	-5E-05	-0.0003
0.224	0	0.00045
0.225	0	0.00015
0.226	0	0.00015
0.227	0	0
0.228	0	0.00015
0.229	0	0.00045
0.23	-5E-05	0
0.231	0	0.0003
0.232	0	-0.0003
0.233	0	-0.0003
0.234	0	0.00015
0.235	-5E-05	0.00015
0.236	0	0
0.237	0	0
0.238	0	0.00015
0.239	-5E-05	0.0003
0.24	0	0.00075
0.241	0	-0.00045
0.242	-5E-05	0.00075
0.243	0	0.00015
0.244	0	0.0003
0.245	0	0.00015
0.246	-5E-05	-0.00075
0.247	0	-0.00045
0.248	0	0.0003
0.249	0	-0.0003
0.25	0	-0.00045
0.251	0	0.00015
0.252	0	0
0.253	-5E-05	0.00015
0.254	0	0
0.255	0	-0.00045
0.256	0	-0.0003
0.257	0	0.00015
0.258	-5E-05	-0.00045
0.259	0	-0.0009
0.26	0	0.00015
0.261	-5E-05	0
0.262	0	-0.00015
0.263	-5E-05	-0.00045
0.264	0	-0.0009
0.265	-5E-05	-0.00045
0.266	0	0.00015
0.267	-5E-05	-0.00075
0.268	-5E-05	-0.0015
0.269	-5E-05	-0.0006
0.27	0	-0.00075
0.271	0	-0.0006
0.272	-5E-05	-0.0003
0.273	0	-0.0006
0.274	0	-0.00015
0.275	0	0.00015
0.276	0	-0.00075
0.277	0	-0.0009
0.278	0	-0.00015
0.279	-5E-05	-0.00075
0.28	-5E-05	-0.0006
0.281	0	-0.0012
0.282	0	-0.00135
0.283	0	-0.00045
0.284	0	-0.0003
0.285	-5E-05	-0.0018
0.286	-5E-05	-0.00075
0.287	0	-0.0003
0.288	-5E-05	-0.0006
0.289	-5E-05	-0.00015
0.29	0	-0.00045
0.291	-5E-05	-0.00105
0.292	0	-0.00045
0.293	0	-0.00075
0.294	0	-0.00015
0.295	-5E-05	-0.0006
0.296	0	-0.0009
0.297	0	-0.00105
0.298	0	-0.0012
0.299	0	-0.00105
0.3	0	-0.0012
0.301	0	-0.00045
0.302	0	-0.00105
0.303	0	-0.00045
0.304	0	-0.00045
0.305	-5E-05	-0.0006
0.306	0	-0.00075
0.307	0	-0.00015
0.308	-5E-05	-0.0006
0.309	0	-0.00045
0.31	-5E-05	-0.0003
0.311	0	-0.00075
0.312	0	-0.00045
0.313	0	-0.00045
0.314	-5E-05	-0.00135
0.315	0	-0.00075
0.316	0	-0.0006
0.317	-5E-05	-0.0009
0.318	0	-0.00075
0.319	-5E-05	-0.0006
0.32	0	-0.0006
0.321	0	-0.00015
0.322	0	-0.0003
0.323	-5E-05	-0.00075
0.324	-5E-05	0
0.325	0	-0.0003
0.326	0	-0.0006
0.327	-5E-05	-0.0006
0.328	0	-0.0003
0.329	0	-0.00045
0.33	0	-0.00045
0.331	0	-0.00075
0.332	0	-0.0012
0.333	-5E-05	-0.0006
0.334	0	-0.0006
0.335	-5E-05	-0.00045
0.336	0	-0.00075
0.337	-5E-05	-0.00045
0.338	-5E-05	-0.00105
0.339	0	-0.0003
0.34	0	-0.0003
0.341	0	-0.00045
0.342	-5E-05	-0.00015
0.343	0	-0.00075
0.344	0	-0.0003
0.345	-5E-05	-0.00045
0.346	0	-0.00075
0.347	0	-0.0012
0.348	0	-0.0009
0.349	0	-0.00075
0.35	0	-0.00045
0.351	-5E-05	-0.0003
0.352	-5E-05	-0.00075
0.353	0	-0.00075
0.354	0	-0.00075
0.355	-5E-05	-0.0006
0.356	0	-0.0006
0.357	-5E-05	0
0.358	0	-0.0003
0.359	0	-0.0006
0.36	0	0.0003
0.361	0	-0.00075
0.362	5E-05	-0.00045
0.363	-5E-05	-0.0009
0.364	-5E-05	-0.0012
0.365	0	-0.0012
0.366	-5E-05	-0.00045
0.367	0	-0.0009
0.368	-5E-05	-0.00075
0.369	0	-0.00105
0.37	-5E-05	-0.0009
0.371	-5E-05	-0.00015
0.372	0	-0.00015
0.373	0	-0.0006
0.374	0	-0.0006
0.375	-5E-05	-0.00045
0.376	0	-0.00075
0.377	-5E-05	-0.0003
0.378	0	-0.0006
0.379	-5E-05	-0.00105
0.38	0	-0.0009
0.381	-5E-05	-0.0009
0.382	0	-0.00135
0.383	0	-0.0012
0.384	0	-0.00075
0.385	0	-0.00135
0.386	0	-0.00045
0.387	0	-0.0006
0.388	0	-0.00075
0.389	-5E-05	-0.0006
0.39	0	-0.0012
0.391	-5E-05	-0.00075
0.392	-5E-05	-0.0006
0.393	0	-0.0009
0.394	0	-0.0009
0.395	0	-0.00105
0.396	-5E-05	-0.00135
0.397	0	-0.00105
0.398	-5E-05	-0.00105
0.399	-5E-05	-0.00135
0.4	0	-0.0015
0.401	-5E-05	-0.00075
0.402	-5E-05	-0.00135
0.403	0	-0.00075
0.404	0	-0.00075
0.405	-5E-05	-0.0012
0.406	0	-0.00075
0.407	0	-0.00075
0.408	0	-0.00105
0.409	0	-0.0009
0.41	0	-0.00075
0.411	-5E-05	-0.0015
0.412	0	-0.00105
0.413	0	-0.00075
0.414	0	-0.00135
0.415	0	-0.00105
0.416	0	-0.00105
0.417	0	-0.0012
0.418	-5E-05	-0.0012
0.419	0	-0.00105
0.42	0	-0.0015
0.421	-5E-05	-0.00075
0.422	0	-0.0009
0.423	-5E-05	-0.0009
0.424	0	-0.00075
0.425	-5E-05	-0.0009
0.426	-5E-05	-0.0009
0.427	-5E-05	-0.00045
0.428	0	-0.00105
0.429	-5E-05	-0.00135
0.43	-5E-05	-0.0009
0.431	5E-05	-0.0009
0.432	0	-0.00135
0.433	0	-0.00075
0.434	0	-0.0015
0.435	0	-0.00105
0.436	-5E-05	-0.00045
0.437	-5E-05	-0.00105
0.438	0	-0.00075
0.439	0	-0.00045
0.44	0	-0.00075
0.441	-5E-05	-0.00075
0.442	0	-0.0003
0.443	-5E-05	-0.00105
0.444	-5E-05	-0.0006
0.445	-5E-05	-0.00075
0.446	-5E-05	-0.00135
0.447	0	-0.00105
0.448	-5E-05	-0.00105
0.449	-5E-05	-0.0012
0.45	-5E-05	-0.0012
0.451	-5E-05	-0.0012
0.452	0	-0.00105
0.453	0	-0.0003
0.454	0	-0.00075
0.455	0	-0.0006
0.456	0	-0.0006
0.457	0	-0.0006
0.458	0	-0.0009
0.459	-5E-05	-0.0003
0.46	0	-0.00045
0.461	0	-0.0009
0.462	-5E-05	-0.00045
0.463	0	-0.00045
0.464	0	-0.00075
0.465	-5E-05	-0.00045
0.466	-5E-05	-0.0006
0.467	0	-0.0009
0.468	0	-0.0009
0.469	0	-0.0006
0.47	0	-0.00075
0.471	-5E-05	0
0.472	0	-0.0006
0.473	-5E-05	-0.00045
0.474	-5E-05	-0.0003
0.475	0	-0.00015
0.476	-5E-05	-0.0006
0.477	0	-0.0003
0.478	-5E-05	-0.00105
0.479	0	-0.0006
0.48	-5E-05	-0.00075
0.481	0	-0.0009
0.482	0	-0.0006
0.483	0	-0.0003
0.484	-5E-05	-0.0009
0.485	-5E-05	-0.0009
0.486	0	-0.00075
0.487	-5E-05	-0.00105
0.488	-5E-05	-0.0003
0.489	0	-0.0003
0.49	0	-0.0003
0.491	0	-0.0003
0.492	-5E-05	-0.00015
0.493	0	-0.0006
0.494	0	-0.00015
0.495	0	-0.0006
0.496	0	-0.0006
0.497	0	-0.0003
0.498	0	-0.0006
0.499	-5E-05	-0.0006
0.5	-5E-05	-0.0006
0.501	0	-0.0003
0.502	0	-0.00045
0.503	-5E-05	-0.0003
0.504	0	-0.00105
0.505	0	-0.00075
0.506	-5E-05	0.00015
0.507	0	0.00015
0.508	0	-0.00015
0.509	-5E-05	0
0.51	-5E-05	-0.0003
0.511	0	-0.0003
0.512	-5E-05	-0.00045
0.513	0	-0.00075
0.514	0	-0.0006
0.515	0	-0.00075
0.516	0	-0.00075
0.517	0	-0.00045
0.518	0	0
0.519	-5E-05	-0.00075
0.52	-5E-05	-0.0006
0.521	0	-0.0003
0.522	-5E-05	-0.00075
0.523	0	-0.0003
0.524	0	-0.00015
0.525	0	-0.00045
0.526	0	-0.0003
0.527	0	0.00015
0.528	0	-0.00015
0.529	0	-0.0006
0.53	0	-0.0006
0.531	0	-0.0009
0.532	0	-0.0009
0.533	-5E-05	-0.0006
0.534	-5E-05	-0.00075
0.535	0	-0.0003
0.536	0	0.0003
0.537	0	-0.00045
0.538	-5E-05	-0.0006
0.539	0	0
0.54	0	-0.0006
0.541	0	-0.00045
0.542	0	-0.0003
0.543	-5E-05	-0.00075
0.544	0	-0.00015
0.545	0	-0.00015
0.546	0	-0.0006
0.547	-5E-05	-0.00015
0.548	0	-0.00075
0.549	-5E-05	-0.0009
0.55	-5E-05	-0.00045
0.551	0	-0.0006
0.552	-5E-05	-0.0003
0.553	0	0
0.554	0	-0.0003
0.555	0	-0.00045
0.556	0	0
0.557	0	0
0.558	0	-0.0003
0.559	-5E-05	-0.0003
0.56	0	-0.0006
0.561	0	-0.00015
0.562	0	0.00015
0.563	0	-0.00015
0.564	0	-0.0006
0.565	0	-0.0003
0.566	-5E-05	-0.00045
0.567	0	-0.0006
0.568	0	-0.00045
0.569	0	-0.0006
0.57	-5E-05	0
0.571	0	-0.00015
0.572	0	-0.0006
0.573	0	0
0.574	0	0.00015
0.575	-5E-05	-0.00015
0.576	0	-0.00045
0.577	-5E-05	0.00015
0.578	0	-0.0003
0.579	-5E-05	-0.00015
0.58	-5E-05	-0.00045
0.581	0	-0.0009
0.582	0	-0.0003
0.583	0	-0.00075
0.584	0	-0.00045
0.585	-5E-05	-0.0003
0.586	0	-0.00015
0.587	0	-0.00045
0.588	0	-0.00015
0.589	0	-0.00045
0.59	0	-0.00045
0.591	0	0
0.592	-5E-05	0.0006
0.593	-5E-05	-0.00015
0.594	0	-0.00045
0.595	0	-0.00135
0.596	-5E-05	-0.0009
0.597	0	-0.00075
0.598	-5E-05	-0.00045
0.599	-5E-05	-0.00105
0.6	0	-0.0006
0.601	0	-0.0012
0.602	0	-0.0006
0.603	-5E-05	0
0.604	0	-0.0012
0.605	-5E-05	-0.0012
0.606	-5E-05	-0.0012
0.607	-5E-05	-0.00075
0.608	0	-0.00015
0.609	0	-0.0009
0.61	-5E-05	-0.00165
0.611	0	-0.00135
0.612	-5E-05	-0.00105
0.613	-5E-05	-0.00075
0.614	0	-0.00135
0.615	0	-0.0015
0.616	-5E-05	-0.00165
0.617	-5E-05	-0.0015
0.618	-5E-05	-0.00135
0.619	0	-0.0015
0.62	0	-0.00135
0.621	0	-0.0012
0.622	-5E-05	-0.00135
0.623	0	-0.0012
0.624	-5E-05	-0.00075
0.625	-5E-05	-0.0018
0.626	-5E-05	-0.00135
0.627	0	-0.00135
0.628	0	-0.00135
0.629	-5E-05	-0.00165
0.63	0	-0.0015
0.631	0	-0.00135
0.632	-5E-05	-0.0009
0.633	-5E-05	-0.00135
0.634	-5E-05	-0.0015
0.635	0	-0.0015
0.636	-5E-05	-0.00105
0.637	0	-0.0012
0.638	-5E-05	-0.00105
0.639	0	-0.0009
0.64	-5E-05	-0.0012
0.641	0	-0.00075
0.642	0	-0.00135
0.643	0	-0.00105
0.644	0	-0.0009
0.645	0	-0.0018
0.646	0	-0.0006
0.647	0	-0.00105
0.648	0	-0.00135
0.649	-5E-05	-0.0012
0.65	0	-0.00075
0.651	-5E-05	-0.0018
0.652	0	-0.00135
0.653	0	-0.0012
0.654	-5E-05	-0.0006
0.655	0	-0.0003
0.656	0	-0.0021
0.657	-5E-05	-0.00045
0.658	0	-0.0006
0.659	-5E-05	-0.00045
0.66	0	-0.0012
0.661	0	-0.00105
0.662	0	-0.0006
0.663	0	-0.0006
0.664	0	-0.00075
0.665	0	-0.00165
0.666	0	-0.00135
0.667	-5E-05	-0.00105
0.668	0	-0.00075
0.669	0	-0.00135
0.67	-5E-05	-0.0009
0.671	0	-0.00045
0.672	0	-0.00045
0.673	-5E-05	-0.00045
0.674	0	-0.00075
0.675	0	-0.0006
0.676	-5E-05	0.0003
0.677	-5E-05	-0.0006
0.678	0	-0.0012
0.679	0	-0.0006
0.68	0	-0.0009
0.681	0	-0.00075
0.682	-5E-05	-0.0006
0.683	0	-0.00075
0.684	0	-0.0006
0.685	-5E-05	-0.00045
0.686	0	-0.00075
0.687	0	-0.0009
0.688	0	-0.00015
0.689	-5E-05	-0.00015
0.69	0	-0.00045
0.691	-5E-05	-0.0006
0.692	0	-0.00075
0.693	-5E-05	0
0.694	0	-0.0003
0.695	-5E-05	-0.00105
0.696	0	-0.0006
0.697	-5E-05	0
0.698	-5E-05	-0.0015
0.699	0	-0.0009
0.7	-5E-05	-0.0003
0.701	0	-0.0012
0.702	0	-0.0009
0.703	0	-0.00075
0.704	-5E-05	-0.0003
0.705	0	-0.00015
0.706	-5E-05	-0.00045
0.707	0	-0.00075
0.708	0	-0.0006
0.709	-5E-05	-0.00045
0.71	0	-0.00135
0.711	0	-0.0003
0.712	0	-0.00075
0.713	0	-0.00075
0.714	-5E-05	-0.0006
0.715	0	-0.00135
0.716	0	-0.00105
0.717	0	-0.00045
0.718	0	0
0.719	0	-0.0015
0.72	0	-0.0009
0.721	0	-0.00135
0.722	0	-0.00045
0.723	0	0
0.724	0	-0.00075
0.725	0	-0.00105
0.726	0	-0.00075
0.727	0	-0.00105
0.728	0	-0.00045
0.729	0	-0.00075
0.73	-5E-05	-0.0009
0.731	0	-0.0006
0.732	-5E-05	-0.0012
0.733	0	-0.0012
0.734	0	-0.00105
0.735	0	-0.00105
0.736	-5E-05	-0.0012
0.737	0	-0.0009
0.738	-5E-05	-0.00045
0.739	0	-0.0003
0.74	0	-0.00045
0.741	0	-0.00075
0.742	0	-0.0006
0.743	0	0.00045
0.744	0	-0.00045
0.745	-5E-05	-0.00165
0.746	0	-0.0006
0.747	0	-0.0006
0.748	0	-0.0012
0.749	-5E-05	-0.00075
0.75	0	-0.0006
0.751	0	-0.0012
0.752	-5E-05	-0.0009
0.753	0	-0.0009
0.754	0	-0.00045
0.755	0	-0.00015
0.756	0	-0.0006
0.757	0	-0.0006
0.758	0	-0.0006
0.759	-5E-05	-0.00075
0.76	0	-0.00015
0.761	-5E-05	-0.0009
0.762	0	-0.00105
0.763	-5E-05	-0.0012
0.764	0	-0.0009
0.765	0	-0.00045
0.766	0	-0.0006
0.767	0	-0.00075
0.768	0	-0.00105
0.769	0	-0.00075
0.77	0	-0.00045
0.771	-5E-05	-0.0003
0.772	0	-0.0006
0.773	-5E-05	-0.0003
0.774	0	-0.0003
0.775	-5E-05	-0.00045
0.776	0	-0.0003
0.777	-5E-05	-0.00015
0.778	0	-0.00045
0.779	-5E-05	0
0.78	0	-0.00045
0.781	0	-0.00015
0.782	0	-0.0006
0.783	0	-0.0012
0.784	0	-0.0006
0.785	0	-0.0006
0.786	-5E-05	0
0.787	0	-0.0003
0.788	-5E-05	-0.00015
0.789	0	-0.0003
0.79	0	0.00015
0.791	0	0
0.792	0	-0.00045
0.793	-5E-05	0
0.794	0	-0.0003
0.795	-5E-05	-0.00045
0.796	-5E-05	-0.0009
0.797	-5E-05	0.00015
0.798	0	-0.0006
0.799	0	-0.00015
0.8	0	-0.00075
0.801	0	0
0.802	0	0.0006
0.803	-5E-05	-0.0006
0.804	0	-0.00045
0.805	0	-0.00045
0.806	0	-0.00045
0.807	-5E-05	-0.00045
0.808	0	0.0003
0.809	0	-0.0003
0.81	0	-0.00015
0.811	0	-0.00015
0.812	0	-0.00045
0.813	0	-0.0009
0.814	-5E-05	-0.0003
0.815	0	-0.00075
0.816	0	-0.00075
0.817	0	-0.00075
0.818	-5E-05	-0.0009
0.819	0	-0.0003
0.82	0	0.00015
0.821	0	-0.00045
0.822	0	-0.00015
0.823	-5E-05	0.00075
0.824	0	-0.0003
0.825	0	-0.00075
0.826	-5E-05	-0.00015
0.827	-5E-05	-0.0003
0.828	0	-0.0003
0.829	0	-0.00045
0.83	0	-0.0006
0.831	-5E-05	-0.0006
0.832	0	-0.00045
0.833	0	-0.00075
0.834	-5E-05	-0.00075
0.835	0	-0.0009
0.836	-5E-05	-0.0009
0.837	-5E-05	0
0.838	0	-0.0003
0.839	0	-0.00045
0.84	0	0
0.841	-5E-05	0
0.842	-5E-05	-0.00045
0.843	0	-0.00045
0.844	-5E-05	0.00015
0.845	0	-0.0006
0.846	0	-0.0006
0.847	0	-0.0003
0.848	0	-0.00075
0.849	-5E-05	-0.0003
0.85	0	-0.0012
0.851	0	-0.00015
0.852	0	-0.00075
0.853	-5E-05	-0.00105
0.854	0	-0.0006
0.855	0	-0.0003
0.856	-5E-05	-0.0006
0.857	0	-0.0006
0.858	-5E-05	0.0003
0.859	-5E-05	-0.00015
0.86	0	-0.00045
0.861	0	-0.00105
0.862	0	-0.0006
0.863	0	-0.0006
0.864	0	-0.00075
0.865	0	-0.0006
0.866	0	-0.00135
0.867	-5E-05	-0.00075
0.868	0	-0.00015
0.869	0	-0.00045
0.87	0	-0.0006
0.871	-5E-05	-0.0009
0.872	0	-0.0006
0.873	0	-0.00015
0.874	0	-0.0003
0.875	0	0
0.876	0	-0.00015
0.877	0	-0.0003
0.878	-5E-05	-0.00075
0.879	0	-0.00045
0.88	0	-0.0012
0.881	-5E-05	-0.00075
0.882	0	-0.00105
0.883	-5E-05	-0.0012
0.884	0	-0.0003
0.885	-5E-05	-0.0006
0.886	0	0.0003
0.887	-5E-05	-0.0009
0.888	0	-0.00105
0.889	0	-0.0006
0.89	-5E-05	-0.00045
0.891	5E-05	-0.00045
0.892	-5E-05	-0.00075
0.893	0	-0.00015
0.894	-5E-05	-0.00015
0.895	0	-0.0006
0.896	0	-0.00105
0.897	-5E-05	-0.00135
0.898	0	-0.00135
0.899	0	-0.0009
0.9	-5E-05	-0.0012
0.901	-5E-05	-0.00105
0.902	0	-0.00045
0.903	-5E-05	-0.0012
0.904	0	-0.0006
0.905	0	-0.0003
0.906	0	-0.00075
0.907	0	0
0.908	0	-0.0012
0.909	-5E-05	-0.0012
0.91	-5E-05	-0.00075
0.911	0	-0.00045
0.912	0	-0.0009
0.913	0	-0.0006
0.914	0	-0.0012
0.915	-5E-05	-0.00165
0.916	-5E-05	-0.0003
0.917	-5E-05	-0.00045
0.918	-5E-05	-0.0015
0.919	-5E-05	-0.00075
0.92	0	-0.0006
0.921	0	-0.0009
0.922	-5E-05	-0.00015
0.923	-5E-05	-0.00015
0.924	-5E-05	-0.0003
0.925	0	-0.0003
0.926	0	-0.0015
0.927	-5E-05	-0.0006
0.928	0	0.00045
0.929	-5E-05	-0.00105
0.93	0	-0.0012
0.931	-5E-05	-0.00045
0.932	0	-0.0012
0.933	0	-0.0009
0.934	-5E-05	-0.0003
0.935	0	-0.00135
0.936	0	-0.00075
0.937	0	-0.0009
0.938	-5E-05	-0.00075
0.939	0	-0.00045
0.94	0	-0.00015
0.941	-5E-05	-0.00075
0.942	-5E-05	-0.0006
0.943	0	-0.00045
0.944	-5E-05	-0.00075
0.945	0	-0.00105
0.946	0	-0.0006
0.947	0	-0.00135
0.948	0	-0.0006
0.949	0	0
0.95	-5E-05	-0.00165
0.951	0	-0.0012
0.952	0	-0.0003
0.953	0	-0.00045
0.954	0	-0.0006
0.955	-5E-05	-0.0003
0.956	0	-0.0009
0.957	0	0.00015
0.958	0	-0.0009
0.959	0	0
0.96	-5E-05	-0.0006
0.961	-5E-05	-0.0009
0.962	0	-0.00075
0.963	-5E-05	0
0.964	0	-0.00045
0.965	0	-0.00105
0.966	-5E-05	0
0.967	0	-0.00075
0.968	-5E-05	-0.0012
0.969	-5E-05	-0.0012
0.97	-5E-05	0.00045
0.971	0	-0.00075
0.972	-5E-05	-0.0003
0.973	0	0
0.974	0	-0.00045
0.975	-5E-05	0.0003
0.976	0	-0.0006
0.977	0	-0.00015
0.978	0	-0.00015
0.979	0	-0.00075
0.98	0	-0.0009
0.981	0	-0.00045
0.982	-5E-05	-0.0009
0.983	0	-0.0009
0.984	-5E-05	-0.00015
0.985	0	-0.00075
0.986	0	0.00015
0.987	0	0
0.988	-5E-05	0
0.989	-5E-05	-0.00015
0.99	-5E-05	0.0003
0.991	0	-0.00015
0.992	0	-0.00015
0.993	0	-0.0003
0.994	0	-0.0003
0.995	0	-0.0003
0.996	-5E-05	-0.00015
0.997	0	-0.00045
0.998	0	0
0.999	0	0.00015
1	0	-0.00105
1.001	-5E-05	-0.00015
1.002	-5E-05	-0.00045
1.003	0	-0.0003
1.004	-5E-05	0.0003
1.005	0	0.0006
1.006	0	-0.00015
1.007	-5E-05	-0.00015
1.008	0	0
1.009	0	-0.0003
1.01	0	0.00075
1.011	-5E-05	-0.0003
1.012	-5E-05	-0.00135
1.013	0	-0.0003
1.014	0	-0.0006
1.015	0	-0.00045
1.016	-5E-05	0.00015
1.017	0	-0.00075
1.018	-5E-05	-0.00105
1.019	0	-0.00015
1.02	0	0.0003
1.021	0	-0.0003
1.022	5E-05	-0.00045
1.023	0	-0.00135
1.024	0.0002	-0.00075
1.025	0.00045	0.0003
1.026	0.00055	-0.0003
1.027	0.00055	-0.00075
1.028	0.0006	-0.0006
1.029	0.00065	-0.0009
1.03	0.00065	-0.0006
1.031	0.0007	-0.0003
1.032	0.00075	-0.00105
1.033	0.0008	-0.0006
1.034	0.0008	-0.0006
1.035	0.00075	-0.00135
1.036	0.00085	-0.0003
1.037	0.0009	-0.0003
1.038	0.00095	-0.0009
1.039	0.001	-0.00045
1.04	0.001	-0.0009
1.041	0.00105	-0.0009
1.042	0.00115	-0.0006
1.043	0.0012	-0.0006
1.044	0.0013	-0.00015
1.045	0.00155	-0.00105
1.046	0.0019	-0.00015
1.047	0.0025	-0.00045
1.048	0.00325	0.00015
1.049	0.00415	0.00135
1.05	0.0051	0.00165
1.051	0.0063	0.00285
1.052	0.00665	0.0033
1.053	0.00725	0.0039
1.054	0.0079	0.00435
1.055	0.00855	0.00525
1.056	0.0092	0.00435
1.057	0.0099	0.00555
1.058	0.0106	0.00525
1.059	0.0113	0.0054
1.06	0.01195	0.00705
1.061	0.0127	0.00645
1.062	0.0134	0.0069
1.063	0.01415	0.0078
1.064	0.01495	0.00825
1.065	0.01565	0.0081
1.066	0.0164	0.00915
1.067	0.01715	0.0096
1.068	0.01795	0.0102
1.069	0.0187	0.01065
1.07	0.01945	0.0114
1.071	0.0203	0.012
1.072	0.02105	0.01305
1.073	0.0219	0.01305
1.074	0.02285	0.0135
1.075	0.02375	0.01425
1.076	0.02475	0.0147
1.077	0.0256	0.01545
1.078	0.0265	0.01635
1.079	0.0276	0.01665
1.08	0.0285	0.0171
1.081	0.0296	0.0183
1.082	0.0306	0.01815
1.083	0.03155	0.01905
1.084	0.0325	0.0198
1.085	0.0335	0.0201
1.086	0.0345	0.02115
1.087	0.0355	0.0216
1.088	0.03655	0.0225
1.089	0.03515	0.0219
1.09	0.0352	0.0219
1.091	0.0352	0.0222
1.092	0.0353	0.02175
1.093	0.0353	0.02205
1.094	0.03535	0.02145
1.095	0.03545	0.0213
1.096	0.0355	0.0216
1.097	0.0356	0.02115
1.098	0.0357	0.021
1.099	0.0358	0.0216
1.1	0.0359	0.0213
1.101	0.036	0.0216
1.102	0.03605	0.0216
1.103	0.03615	0.02175
1.104	0.0362	0.02205
1.105	0.03625	0.02205
1.106	0.0364	0.02175
1.107	0.03655	0.0219
1.108	0.03665	0.02175
1.109	0.0367	0.02145
1.11	0.03685	0.0222
1.111	0.0341	0.02145
1.112	0.0336	0.0213
1.113	0.03335	0.0216
1.114	0.03325	0.02145
1.115	0.03315	0.02115
1.116	0.03305	0.02115
1.117	0.03305	0.02145
1.118	0.03305	0.02115
1.119	0.033	0.0216
1.12	0.03295	0.0216
1.121	0.033	0.0216
1.122	0.03295	0.02205
1.123	0.033	0.0216
1.124	0.03305	0.0216
1.125	0.033	0.02175
1.126	0.033	0.02145
1.127	0.033	0.021
1.128	0.033	0.0219
1.129	0.033	0.021
1.13	0.03295	0.02145
1.131	0.033	0.0213
1.132	0.03295	0.02085
1.133	0.033	0.0213
1.134	0.03295	0.02115
1.135	0.03295	0.02115
1.136	0.03295	0.02085
1.137	0.03305	0.02145
1.138	0.033	0.02145
1.139	0.033	0.0222
1.14	0.03295	0.02205
1.141	0.03295	0.0216
1.142	0.03295	0.02145
1.143	0.03295	0.02145
1.144	0.033	0.0213
1.145	0.0329	0.021
1.146	0.033	0.02175
1.147	0.033	0.02145
1.148	0.033	0.021
1.149	0.033	0.02145
1.15	0.03295	0.02145
1.151	0.033	0.0213
1.152	0.03295	0.0216
1.153	0.03295	0.02115
1.154	0.03305	0.0213
1.155	0.03295	0.0213
1.156	0.033	0.0216
1.157	0.0331	0.0219
1.158	0.03295	0.02205
1.159	0.03295	0.0219
1.16	0.033	0.02175
1.161	0.033	0.02175
1.162	0.03295	0.0213
1.163	0.033	0.02115
1.164	0.03295	0.0207
1.165	0.03295	0.0213
1.166	0.03295	0.02145
1.167	0.033	0.02175
1.168	0.03295	0.0216
1.169	0.033	0.0216
1.17	0.033	0.0216
1.171	0.033	0.0216
1.172	0.033	0.0222
1.173	0.03295	0.02205
1.174	0.03295	0.02205
1.175	0.0329	0.0222
1.176	0.033	0.02205
1.177	0.033	0.02175
1.178	0.033	0.02175
1.179	0.03295	0.0216
1.18	0.03295	0.02115
1.181	0.03295	0.02145
1.182	0.033	0.02175
1.183	0.03295	0.02175
1.184	0.03295	0.0213
1.185	0.033	0.02175
1.186	0.03295	0.02175
1.187	0.033	0.0216
1.188	0.033	0.02205
1.189	0.03295	0.0222
1.19	0.03295	0.0216
1.191	0.033	0.0216
1.192	0.03295	0.0216
1.193	0.033	0.0222
1.194	0.033	0.0219
1.195	0.033	0.0216
1.196	0.033	0.0219
1.197	0.033	0.0219
1.198	0.03295	0.02175
1.199	0.033	0.021
1.2	0.033	0.021
1.201	0.03295	0.0213
1.202	0.033	0.0216
1.203	0.03295	0.02115
1.204	0.033	0.0219
1.205	0.033	0.0219
1.206	0.03295	0.02205
1.207	0.033	0.02175
1.208	0.0329	0.02235
1.209	0.033	0.0219
1.21	0.03295	0.0222
1.211	0.033	0.02205
1.212	0.03295	0.0213
1.213	0.033	0.02175
1.214	0.033	0.02145
1.215	0.033	0.02175
1.216	0.03295	0.02115
1.217	0.03295	0.02205
1.218	0.0329	0.0219
1.219	0.03295	0.0219
1.22	0.03305	0.02205
1.221	0.03295	0.0216
1.222	0.03295	0.0222
1.223	0.03295	0.0219
1.224	0.033	0.02205
1.225	0.03295	0.02205
1.226	0.033	0.0222
1.227	0.03295	0.02175
1.228	0.03295	0.02205
1.229	0.033	0.02175
1.23	0.03295	0.02115
1.231	0.03305	0.02175
1.232	0.03295	0.02145
1.233	0.03295	0.02145
1.234	0.033	0.0213
1.235	0.03295	0.0216
1.236	0.03295	0.0219
1.237	0.033	0.0219
1.238	0.033	0.02175
1.239	0.03295	0.0216
1.24	0.03295	0.0222
1.241	0.03295	0.0219
1.242	0.0329	0.02175
1.243	0.03305	0.02175
1.244	0.03295	0.02235
1.245	0.03295	0.0216
1.246	0.03295	0.0219
1.247	0.03295	0.0207
1.248	0.03295	0.021
1.249	0.03295	0.0216
1.25	0.03295	0.0213
1.251	0.03295	0.0213
1.252	0.03295	0.02145
1.253	0.03295	0.02115
1.254	0.03295	0.0219
1.255	0.03295	0.0222
1.256	0.0329	0.0216
1.257	0.033	0.0219
1.258	0.03295	0.02175
1.259	0.03295	0.02145
1.26	0.03295	0.0222
1.261	0.0329	0.02145
1.262	0.0329	0.02115
1.263	0.03295	0.02115
1.264	0.033	0.02145
1.265	0.033	0.02115
1.266	0.033	0.02145
1.267	0.03295	0.02115
1.268	0.03295	0.021
1.269	0.033	0.0219
1.27	0.03295	0.0213
1.271	0.0329	0.02115
1.272	0.033	0.02145
1.273	0.033	0.0216
1.274	0.03295	0.0219
1.275	0.033	0.02235
1.276	0.033	0.0216
1.277	0.03295	0.0216
1.278	0.0329	0.02175
1.279	0.03295	0.02115
1.28	0.0329	0.02085
1.281	0.03295	0.0213
1.282	0.03295	0.02145
1.283	0.03295	0.0213
1.284	0.03295	0.0213
1.285	0.0329	0.02115
1.286	0.03295	0.02145
1.287	0.033	0.0222
1.288	0.03295	0.0216
1.289	0.03295	0.0213
1.29	0.03295	0.02175
1.291	0.033	0.0222
1.292	0.033	0.02175
1.293	0.0329	0.02205
1.294	0.033	0.02115
1.295	0.033	0.02175
1.296	0.03295	0.0216
1.297	0.033	0.021
1.298	0.033	0.021
1.299	0.03295	0.0213
1.3	0.03295	0.021
1.301	0.033	0.0216
1.302	0.03295	0.02145
1.303	0.03295	0.02175
1.304	0.03295	0.0219
1.305	0.03295	0.0222
1.306	0.0329	0.02145
1.307	0.033	0.0222
1.308	0.03305	0.02235
1.309	0.0329	0.02205
1.31	0.03295	0.0216
1.311	0.03295	0.0216
1.312	0.03295	0.0219
1.313	0.033	0.02205
1.314	0.0329	0.0222
1.315	0.033	0.021
1.316	0.03295	0.02145
1.317	0.03295	0.0219
1.318	0.0329	0.0216
1.319	0.03295	0.0222
1.32	0.03295	0.0222
1.321	0.03295	0.02175
1.322	0.03295	0.02235
1.323	0.03295	0.02235
1.324	0.03295	0.02205
1.325	0.03305	0.02265
1.326	0.033	0.02235
1.327	0.033	0.0219
1.328	0.033	0.02205
1.329	0.0329	0.02205
1.33	0.033	0.0216
1.331	0.03295	0.0219
1.332	0.033	0.0216
1.333	0.03295	0.0213
1.334	0.03295	0.0219
1.335	0.03305	0.0216
1.336	0.033	0.02175
1.337	0.03295	0.02235
1.338	0.033	0.0219
1.339	0.03295	0.0219
1.34	0.03295	0.0222
1.341	0.033	0.0219
1.342	0.03295	0.0219
1.343	0.033	0.02235
1.344	0.03295	0.02175
1.345	0.03305	0.02205
1.346	0.03295	0.02205
1.347	0.03295	0.02145
1.348	0.03295	0.02145
1.349	0.03295	0.0216
1.35	0.03295	0.02085
1.351	0.03295	0.02175
1.352	0.0329	0.02175
1.353	0.03295	0.0213
1.354	0.03295	0.02175
1.355	0.033	0.0222
1.356	0.033	0.02175
1.357	0.03305	0.02175
1.358	0.033	0.0222
1.359	0.03295	0.0219
1.36	0.03295	0.0219
1.361	0.03295	0.0216
1.362	0.03295	0.0213
1.363	0.03295	0.02145
1.364	0.033	0.0219
1.365	0.0329	0.0207
1.366	0.03295	0.0213
1.367	0.033	0.0213
1.368	0.03295	0.0213
1.369	0.033	0.0216
1.37	0.03295	0.02175
1.371	0.03295	0.02115
1.372	0.03295	0.02175
1.373	0.03295	0.02205
1.374	0.033	0.02175
1.375	0.03295	0.02265
1.376	0.03295	0.0213
1.377	0.03295	0.02085
1.378	0.033	0.0213
1.379	0.03295	0.0213
1.38	0.03295	0.02145
1.381	0.03295	0.02115
1.382	0.03295	0.0207
1.383	0.03295	0.02145
1.384	0.033	0.0213
1.385	0.03295	0.02115
1.386	0.03295	0.0213
1.387	0.0329	0.02145
1.388	0.03295	0.02145
1.389	0.03295	0.02115
1.39	0.03295	0.0216
1.391	0.03295	0.0219
1.392	0.03295	0.0213
1.393	0.03295	0.0219
1.394	0.033	0.02145
1.395	0.03295	0.02085
1.396	0.03295	0.0213
1.397	0.03295	0.0216
1.398	0.0329	0.0213
1.399	0.03295	0.02145
1.4	0.03295	0.02085
1.401	0.0329	0.0213
1.402	0.0329	0.02145
1.403	0.033	0.0213
1.404	0.03295	0.02175
1.405	0.033	0.02205
1.406	0.03295	0.02145
1.407	0.03295	0.02175
1.408	0.03295	0.0225
1.409	0.03295	0.02205
1.41	0.03295	0.0222
1.411	0.03295	0.0222
1.412	0.033	0.021
1.413	0.03295	0.02145
1.414	0.03295	0.0219
1.415	0.0329	0.0219
1.416	0.03295	0.0216
1.417	0.033	0.0207
1.418	0.0329	0.02175
1.419	0.03295	0.0225
1.42	0.03295	0.02235
1.421	0.033	0.0222
1.422	0.03295	0.02205
1.423	0.03295	0.0222
1.424	0.033	0.02265
1.425	0.033	0.02325
1.426	0.0329	0.0228
1.427	0.033	0.02175
1.428	0.03295	0.02205
1.429	0.0329	0.02235
1.43	0.03295	0.02175
1.431	0.033	0.02235
1.432	0.03295	0.02205
1.433	0.03295	0.02145
1.434	0.033	0.0222
1.435	0.0329	0.0225
1.436	0.033	0.0216
1.437	0.03305	0.0225
1.438	0.03295	0.0222
1.439	0.03295	0.02235
1.44	0.0329	0.02295
1.441	0.033	0.02265
1.442	0.0329	0.02235
1.443	0.03295	
1.444	0.0329	
1.445	0.0329	
1.446	0.0329	
1.447	0.0329	
1.448	0.03295	
1.449	0.0329	
1.45	0.033	
1.451	0.033	
1.452	0.03285	
