MIN=0	-0.1	-0.3
MAX=6.4	0.1	0.3
SCALE=0.1	0.05	0.1
DEC=3	4	4
DEF="Time" t / s	"Current" I_A1 / A	"Voltage" U_B1 / V
0	-0.0001	-0.0009
0.001	-5E-05	-0.00135
0.002	-5E-05	-0.00105
0.003	-5E-05	-0.00075
0.004	-5E-05	-0.00105
0.005	-0.0001	-0.00105
0.006	-5E-05	-0.0009
0.007	-0.0001	-0.00135
0.008	-5E-05	-0.00045
0.009	-0.0001	-0.00075
0.01	-0.0001	-0.00135
0.011	-5E-05	-0.00135
0.012	-0.0001	-0.00075
0.013	-5E-05	-0.00045
0.014	-5E-05	-0.0006
0.015	-0.0001	0
0.016	0	-0.0006
0.017	-5E-05	-0.00075
0.018	-5E-05	-0.00075
0.019	-5E-05	0
0.02	-5E-05	-0.00075
0.021	-5E-05	0
0.022	-5E-05	-0.00105
0.023	-5E-05	-0.0009
0.024	-0.0001	-0.0009
0.025	-5E-05	-0.00075
0.026	-5E-05	-0.00015
0.027	-0.0001	-0.0009
0.028	-5E-05	-0.00045
0.029	-5E-05	-0.0003
0.03	-5E-05	0
0.031	-0.0001	-0.0009
0.032	-5E-05	-0.0006
0.033	-5E-05	-0.00015
0.034	-5E-05	-0.00045
0.035	0	-0.0003
0.036	-0.0001	-0.0003
0.037	-0.0001	-0.0006
0.038	-5E-05	-0.0006
0.039	-5E-05	-0.0009
0.04	-0.0001	-0.0009
0.041	-5E-05	-0.00015
0.042	-5E-05	-0.00105
0.043	-5E-05	-0.00105
0.044	-5E-05	-0.0009
0.045	-5E-05	-0.00045
0.046	-5E-05	-0.0003
0.047	-5E-05	-0.00015
0.048	-5E-05	-0.00045
0.049	-5E-05	-0.00045
0.05	-0.0001	-0.00045
0.051	-5E-05	-0.00015
0.052	-5E-05	-0.00045
0.053	-0.0001	-0.00105
0.054	-5E-05	-0.00075
0.055	-5E-05	-0.0009
0.056	-5E-05	-0.0003
0.057	-0.0001	-0.00075
0.058	-5E-05	-0.0009
0.059	-5E-05	-0.0009
0.06	-0.0001	-0.0009
0.061	-5E-05	-0.0009
0.062	-0.0001	0
0.063	-5E-05	-0.00015
0.064	-5E-05	-0.0009
0.065	-5E-05	-0.0006
0.066	-5E-05	-0.00045
0.067	-5E-05	-0.00015
0.068	-5E-05	-0.0006
0.069	-5E-05	-0.00045
0.07	-5E-05	-0.00105
0.071	-5E-05	-0.0006
0.072	-0.0001	-0.0009
0.073	-5E-05	-0.00075
0.074	-5E-05	-0.00105
0.075	-5E-05	-0.0012
0.076	-5E-05	-0.00075
0.077	-0.0001	-0.00105
0.078	-0.0001	-0.00075
0.079	-0.0001	-0.00045
0.08	-5E-05	-0.0009
0.081	-5E-05	-0.00075
0.082	-5E-05	-0.0009
0.083	-5E-05	-0.0003
0.084	-5E-05	-0.00105
0.085	-5E-05	-0.0009
0.086	-0.0001	-0.0009
0.087	-5E-05	-0.00105
0.088	-5E-05	-0.0006
0.089	-5E-05	-0.0006
0.09	-5E-05	-0.00135
0.091	-5E-05	-0.00135
0.092	-0.0001	-0.00135
0.093	-5E-05	-0.0012
0.094	-5E-05	-0.00105
0.095	-0.0001	-0.0006
0.096	-0.0001	-0.00075
0.097	-0.0001	-0.0009
0.098	-5E-05	-0.0009
0.099	-5E-05	-0.00075
0.1	-5E-05	0
0.101	-5E-05	-0.00045
0.102	-5E-05	-0.0015
0.103	-0.0001	-0.0006
0.104	-0.0001	-0.0012
0.105	-5E-05	-0.00105
0.106	-0.0001	-0.00015
0.107	-5E-05	-0.0009
0.108	-0.0001	-0.00135
0.109	-0.0001	-0.0012
0.11	-5E-05	-0.0015
0.111	-0.0001	-0.00075
0.112	-5E-05	0
0.113	-5E-05	-0.00075
0.114	-0.0001	-0.00075
0.115	-5E-05	-0.0006
0.116	-5E-05	-0.0003
0.117	-5E-05	-0.0006
0.118	-0.0001	-0.0006
0.119	-5E-05	-0.00135
0.12	-5E-05	-0.00165
0.121	-0.0001	-0.00075
0.122	-5E-05	-0.00075
0.123	-5E-05	-0.0009
0.124	-0.0001	-0.00075
0.125	-0.0001	-0.0018
0.126	-5E-05	-0.00165
0.127	-5E-05	-0.00105
0.128	-0.0001	-0.00075
0.129	-5E-05	-0.00015
0.13	-5E-05	-0.0009
0.131	-0.0001	-0.0012
0.132	-5E-05	-0.00045
0.133	-5E-05	-0.0003
0.134	-0.0001	-0.0006
0.135	-0.0001	-0.0012
0.136	-0.0001	-0.0012
0.137	-5E-05	-0.0015
0.138	-0.0001	-0.0006
0.139	-0.0001	-0.0003
0.14	-5E-05	-0.00045
0.141	-5E-05	-0.00105
0.142	-5E-05	-0.00135
0.143	-0.0001	-0.0015
0.144	-0.0001	-0.00075
0.145	-0.0001	-0.0003
0.146	-5E-05	-0.00075
0.147	-5E-05	-0.00075
0.148	-5E-05	-0.00075
0.149	-0.0001	-0.00045
0.15	-0.0001	0
0.151	-5E-05	-0.00045
0.152	-5E-05	-0.0018
0.153	-0.0001	-0.00075
0.154	-5E-05	-0.00075
0.155	-0.0001	-0.00075
0.156	-0.0001	-0.00045
0.157	-5E-05	-0.0006
0.158	-5E-05	-0.00135
0.159	-0.0001	-0.00195
0.16	-5E-05	-0.00105
0.161	-5E-05	-0.00075
0.162	-5E-05	-0.0003
0.163	-5E-05	-0.00105
0.164	-0.0001	-0.0006
0.165	-5E-05	-0.00075
0.166	-5E-05	-0.00015
0.167	-5E-05	-0.0003
0.168	-5E-05	-0.00075
0.169	-5E-05	-0.00195
0.17	-5E-05	-0.0012
0.171	-0.0001	-0.0009
0.172	-5E-05	-0.00075
0.173	-0.0001	-0.0006
0.174	-5E-05	-0.0009
0.175	-5E-05	-0.0012
0.176	-0.0001	-0.0021
0.177	-5E-05	-0.00105
0.178	-0.0001	-0.0006
0.179	-5E-05	-0.00075
0.18	-5E-05	-0.00075
0.181	-5E-05	-0.00105
0.182	-5E-05	-0.0003
0.183	-0.0001	0.00015
0.184	-5E-05	-0.00075
0.185	-5E-05	-0.0009
0.186	-5E-05	-0.0006
0.187	-5E-05	-0.0012
0.188	-0.0001	-0.00075
0.189	-5E-05	-0.0009
0.19	-5E-05	-0.0006
0.191	-5E-05	-0.00105
0.192	-0.0001	-0.00075
0.193	-5E-05	-0.00165
0.194	-5E-05	-0.0012
0.195	-5E-05	0.00015
0.196	-5E-05	-0.0006
0.197	-5E-05	-0.00015
0.198	-5E-05	-0.0009
0.199	-5E-05	-0.0006
0.2	-5E-05	0.0003
0.201	-5E-05	0.00015
0.202	-0.0001	-0.00165
0.203	-5E-05	-0.0003
0.204	-5E-05	0.00015
0.205	-5E-05	-0.0003
0.206	-5E-05	-0.0003
0.207	-0.0001	-0.0006
0.208	-5E-05	-0.00075
0.209	-0.0001	-0.00045
0.21	-5E-05	-0.0003
0.211	-0.0001	-0.00075
0.212	-5E-05	-0.00045
0.213	-5E-05	-0.0003
0.214	-0.0001	-0.0003
0.215	-5E-05	0.0003
0.216	-5E-05	-0.00045
0.217	-0.0001	-0.0006
0.218	-5E-05	-0.00015
0.219	-5E-05	-0.0003
0.22	-5E-05	-0.0003
0.221	-5E-05	-0.00045
0.222	-5E-05	-0.00045
0.223	-5E-05	0.00015
0.224	-5E-05	0.00015
0.225	-5E-05	-0.0006
0.226	-5E-05	-0.0009
0.227	-5E-05	-0.00015
0.228	-5E-05	-0.0003
0.229	-5E-05	0
0.23	-5E-05	0
0.231	-5E-05	-0.00015
0.232	-5E-05	0.00015
0.233	-0.0001	0.00075
0.234	-5E-05	-0.00045
0.235	-5E-05	-0.00015
0.236	-5E-05	0.00045
0.237	-5E-05	0.00015
0.238	-5E-05	-0.0003
0.239	-0.0001	-0.00045
0.24	-5E-05	-0.0006
0.241	-5E-05	0
0.242	-0.0001	-0.00015
0.243	-5E-05	-0.0009
0.244	-5E-05	-0.0003
0.245	-5E-05	-0.00045
0.246	-0.0001	-0.00045
0.247	0	-0.00015
0.248	-0.0001	0.00045
0.249	-0.0001	-0.00015
0.25	-5E-05	0
0.251	-5E-05	-0.00015
0.252	-0.0001	-0.00015
0.253	-0.0001	-0.00015
0.254	-5E-05	-0.00045
0.255	-5E-05	-0.0003
0.256	-5E-05	-0.0003
0.257	-5E-05	-0.0006
0.258	-5E-05	0.00045
0.259	-0.0001	0.0003
0.26	-0.0001	-0.0006
0.261	-5E-05	-0.00045
0.262	-5E-05	-0.0003
0.263	-5E-05	0.00015
0.264	-0.0001	-0.00015
0.265	-5E-05	0.00075
0.266	-5E-05	-0.0003
0.267	-5E-05	-0.00015
0.268	-5E-05	-0.00075
0.269	-5E-05	0.0003
0.27	-5E-05	0.00045
0.271	-0.0001	-0.00015
0.272	-5E-05	-0.00105
0.273	-5E-05	-0.00075
0.274	-5E-05	0
0.275	-5E-05	-0.0003
0.276	-0.0001	0.00045
0.277	-5E-05	-0.0006
0.278	-0.0001	-0.00045
0.279	-5E-05	-0.0006
0.28	-0.0001	-0.00015
0.281	-5E-05	0.0003
0.282	-0.0001	0.0006
0.283	-0.0001	-0.00015
0.284	-5E-05	-0.0012
0.285	-5E-05	0
0.286	-5E-05	0.00015
0.287	-0.0001	-0.00015
0.288	-0.0001	-0.00075
0.289	-0.0001	-0.0006
0.29	-0.0001	-0.00075
0.291	-5E-05	-0.00015
0.292	-5E-05	0.0003
0.293	-5E-05	-0.0006
0.294	-5E-05	-0.0009
0.295	-0.0001	-0.0006
0.296	-5E-05	-0.00075
0.297	-5E-05	-0.0003
0.298	-5E-05	0.0003
0.299	-0.0001	0
0.3	-5E-05	0
0.301	-5E-05	0
0.302	-0.0001	0.00015
0.303	-0.0001	-0.00015
0.304	-5E-05	0.00015
0.305	-5E-05	-0.0009
0.306	-0.0001	-0.0006
0.307	-5E-05	-0.0006
0.308	-5E-05	-0.0003
0.309	-0.0001	0
0.31	-5E-05	0.00045
0.311	-0.0001	-0.00135
0.312	-5E-05	-0.0006
0.313	-5E-05	0.00015
0.314	-5E-05	-0.0003
0.315	-5E-05	0.00015
0.316	-5E-05	-0.00015
0.317	-5E-05	-0.00045
0.318	-5E-05	0.00015
0.319	-5E-05	-0.00015
0.32	-5E-05	-0.0006
0.321	-5E-05	0.00015
0.322	0	-0.00075
0.323	-5E-05	-0.00075
0.324	-5E-05	-0.0006
0.325	-0.0001	-0.00045
0.326	-5E-05	-0.0003
0.327	-5E-05	-0.0006
0.328	-0.0001	-0.0006
0.329	-5E-05	-0.00075
0.33	-5E-05	-0.00045
0.331	-5E-05	-0.00045
0.332	-5E-05	0.0003
0.333	-0.0001	0.00015
0.334	-0.0001	-0.0009
0.335	-0.0001	-0.0003
0.336	-5E-05	-0.0006
0.337	-5E-05	-0.0009
0.338	-5E-05	-0.0006
0.339	-0.0001	-0.0006
0.34	-0.0001	-0.0012
0.341	-5E-05	-0.0006
0.342	-5E-05	-0.0006
0.343	-0.0001	-0.00015
0.344	-0.0001	-0.00075
0.345	-0.0001	-0.00165
0.346	-5E-05	-0.0006
0.347	-5E-05	-0.0006
0.348	-0.0001	-0.00015
0.349	-5E-05	0
0.35	-5E-05	-0.00045
0.351	-5E-05	-0.0003
0.352	-5E-05	0
0.353	-0.0001	-0.00045
0.354	-5E-05	-0.0006
0.355	-5E-05	-0.00135
0.356	-0.0001	-0.0012
0.357	-5E-05	-0.0006
0.358	-5E-05	-0.0006
0.359	-5E-05	-0.0003
0.36	-5E-05	-0.0006
0.361	-5E-05	-0.0006
0.362	-5E-05	-0.0003
0.363	-0.0001	0.0003
0.364	-5E-05	-0.0003
0.365	-0.0001	-0.0006
0.366	-5E-05	-0.00045
0.367	-0.0001	-0.0003
0.368	-0.0001	0.0003
0.369	-5E-05	0.00015
0.37	-0.0001	-0.00045
0.371	-0.0001	-0.0006
0.372	-5E-05	-0.00015
0.373	-0.0001	-0.00045
0.374	-5E-05	-0.0003
0.375	-5E-05	-0.0006
0.376	-5E-05	-0.0009
0.377	-5E-05	0.00045
0.378	-5E-05	-0.00015
0.379	0	-0.00015
0.38	-5E-05	0.00015
0.381	-5E-05	0.00015
0.382	-5E-05	0.00075
0.383	-5E-05	0.00045
0.384	-0.0001	-0.0003
0.385	-5E-05	0.0006
0.386	-0.0001	-0.0003
0.387	-5E-05	-0.0006
0.388	-5E-05	0.0003
0.389	-0.0001	0
0.39	-5E-05	0.0003
0.391	-5E-05	0.00045
0.392	-5E-05	-0.00015
0.393	-0.0001	0.00015
0.394	-5E-05	0.0003
0.395	-5E-05	0
0.396	-5E-05	0.0003
0.397	-5E-05	-0.0003
0.398	-5E-05	0.0003
0.399	-0.0001	0.00075
0.4	-5E-05	0.0009
0.401	-5E-05	0.00105
0.402	-5E-05	0.00075
0.403	-0.0001	-0.00015
0.404	-5E-05	0.00015
0.405	-5E-05	-0.00045
0.406	-5E-05	0
0.407	-5E-05	-0.00015
0.408	-5E-05	0.0003
0.409	-0.0001	0.0009
0.41	-0.0001	0.00045
0.411	-5E-05	0.00015
0.412	-0.0001	0.0006
0.413	-5E-05	0.0006
0.414	-5E-05	0
0.415	-5E-05	0.00045
0.416	-5E-05	-0.00015
0.417	-0.0001	0.0006
0.418	-5E-05	0.0006
0.419	-5E-05	0.0012
0.42	-5E-05	-0.00045
0.421	-5E-05	-0.0003
0.422	-5E-05	-0.0003
0.423	-5E-05	-0.00015
0.424	-0.0001	0
0.425	-5E-05	-0.00045
0.426	-5E-05	0
0.427	-5E-05	0.00075
0.428	-0.0001	0.00045
0.429	-5E-05	0.00015
0.43	-0.0001	-0.0003
0.431	-0.0001	-0.00015
0.432	-5E-05	-0.00015
0.433	-0.0001	-0.00015
0.434	-5E-05	0.00015
0.435	-5E-05	0.00045
0.436	-5E-05	0.00015
0.437	-0.0001	0
0.438	-5E-05	-0.00015
0.439	-5E-05	-0.0006
0.44	-0.0001	0
0.441	-5E-05	-0.0006
0.442	-0.0001	-0.0006
0.443	-5E-05	0
0.444	-5E-05	0.0003
0.445	-0.0001	0.0003
0.446	-5E-05	0
0.447	-5E-05	-0.0003
0.448	-5E-05	-0.00015
0.449	-0.0001	-0.00015
0.45	-5E-05	0
0.451	-5E-05	0.00015
0.452	-0.0001	-0.00015
0.453	-5E-05	0.00015
0.454	-5E-05	-0.00045
0.455	-5E-05	0.00015
0.456	-0.0001	0.0003
0.457	-0.0001	-0.0003
0.458	-5E-05	-0.0006
0.459	-0.0001	0.00015
0.46	-5E-05	-0.00015
0.461	-5E-05	0.0006
0.462	-5E-05	0.00045
0.463	-5E-05	-0.0006
0.464	-5E-05	0.00015
0.465	-0.0001	0
0.466	-5E-05	0.0003
0.467	-0.0001	0.0003
0.468	-0.0001	0.0006
0.469	-5E-05	0.0003
0.47	-5E-05	-0.00015
0.471	-0.0001	-0.00075
0.472	0	-0.00045
0.473	-5E-05	0.0003
0.474	-0.0001	-0.0009
0.475	-0.0001	-0.00105
0.476	-5E-05	-0.00015
0.477	-5E-05	0.0006
0.478	-0.0001	0.00015
0.479	-5E-05	-0.00015
0.48	-5E-05	0
0.481	-5E-05	-0.0006
0.482	-5E-05	0
0.483	-5E-05	0.00045
0.484	-5E-05	0.0009
0.485	-0.0001	-0.0003
0.486	-5E-05	0.00015
0.487	-5E-05	-0.0006
0.488	-5E-05	-0.00015
0.489	-5E-05	-0.00015
0.49	-0.0001	-0.0003
0.491	-5E-05	-0.0003
0.492	-0.0001	-0.00075
0.493	-5E-05	0.0003
0.494	-5E-05	0.0012
0.495	-5E-05	0.00075
0.496	-0.0001	-0.0012
0.497	-5E-05	0
0.498	-5E-05	-0.00045
0.499	-5E-05	0
0.5	-5E-05	0.00015
0.501	-5E-05	0.00045
0.502	-5E-05	0.0003
0.503	-0.0001	-0.00045
0.504	-5E-05	-0.0003
0.505	-0.0001	0.0003
0.506	-0.0001	0.00075
0.507	-5E-05	-0.0009
0.508	-0.0001	-0.00075
0.509	-5E-05	0
0.51	-5E-05	0.00015
0.511	-5E-05	-0.0003
0.512	-0.0001	0
0.513	-0.0001	-0.00045
0.514	-5E-05	0.00015
0.515	-5E-05	0.00045
0.516	-5E-05	0.00015
0.517	-5E-05	0.0006
0.518	-5E-05	0.00015
0.519	-5E-05	0
0.52	-5E-05	-0.00045
0.521	-0.0001	-0.00015
0.522	-5E-05	-0.00015
0.523	-5E-05	0.00015
0.524	-0.0001	-0.0012
0.525	-0.0001	-0.00075
0.526	-5E-05	-0.00045
0.527	-5E-05	0.00045
0.528	-5E-05	0.00015
0.529	-5E-05	-0.00015
0.53	-5E-05	-0.00045
0.531	-0.0001	-0.00045
0.532	-0.0001	-0.0003
0.533	-5E-05	0.0003
0.534	-0.0001	0
0.535	-5E-05	0.00045
0.536	-5E-05	0
0.537	-5E-05	-0.0006
0.538	-5E-05	-0.0003
0.539	-0.0001	-0.00045
0.54	-5E-05	-0.00075
0.541	-5E-05	-0.00045
0.542	-0.0001	-0.0003
0.543	-5E-05	-0.00105
0.544	-5E-05	0
0.545	-5E-05	-0.0006
0.546	-0.0001	-0.0006
0.547	-5E-05	0.00015
0.548	-5E-05	-0.00015
0.549	-5E-05	-0.0009
0.55	-5E-05	-0.00075
0.551	-5E-05	0.00015
0.552	-5E-05	-0.00045
0.553	-0.0001	0
0.554	-5E-05	-0.0006
0.555	-5E-05	-0.00075
0.556	-0.0001	-0.00045
0.557	-5E-05	-0.00105
0.558	-0.0001	-0.00075
0.559	-5E-05	0
0.56	-0.0001	-0.00075
0.561	-5E-05	-0.0012
0.562	-5E-05	-0.00075
0.563	-0.0001	-0.0009
0.564	-5E-05	-0.00015
0.565	-0.0001	-0.00045
0.566	0	-0.0009
0.567	-5E-05	-0.00045
0.568	-5E-05	0.00045
0.569	-5E-05	-0.0009
0.57	-5E-05	-0.0006
0.571	-5E-05	-0.00075
0.572	-5E-05	-0.0018
0.573	-5E-05	-0.0012
0.574	-0.0001	-0.00105
0.575	-5E-05	-0.0009
0.576	-5E-05	-0.00165
0.577	-5E-05	-0.0009
0.578	-0.0001	-0.0009
0.579	-0.0001	-0.00075
0.58	-5E-05	-0.0009
0.581	-0.0001	-0.0006
0.582	-5E-05	-0.00075
0.583	-5E-05	-0.00135
0.584	-0.0001	-0.0009
0.585	-5E-05	-0.0006
0.586	-5E-05	0
0.587	-0.0001	-0.0006
0.588	-5E-05	-0.0006
0.589	-0.0001	-0.00105
0.59	-5E-05	-0.00165
0.591	-5E-05	-0.0018
0.592	-5E-05	-0.0003
0.593	-5E-05	-0.00075
0.594	-5E-05	-0.0015
0.595	-5E-05	-0.0006
0.596	-5E-05	-0.00075
0.597	-5E-05	0.00015
0.598	-0.0001	-0.0009
0.599	-5E-05	-0.00045
0.6	-5E-05	-0.0009
0.601	-5E-05	-0.0009
0.602	-5E-05	-0.0006
0.603	-0.0001	0.0003
0.604	-5E-05	0.0003
0.605	-0.0001	-0.00165
0.606	-0.0001	-0.00105
0.607	-0.0001	-0.0012
0.608	-5E-05	-0.00075
0.609	-5E-05	-0.0015
0.61	-0.0001	-0.00075
0.611	-5E-05	-0.0009
0.612	-0.0001	-0.00045
0.613	-5E-05	-0.0006
0.614	-5E-05	-0.00015
0.615	-5E-05	0.00045
0.616	-5E-05	-0.0009
0.617	-0.0001	-0.00045
0.618	-5E-05	-0.0006
0.619	-5E-05	-0.0009
0.62	-5E-05	0.00045
0.621	-5E-05	0.00045
0.622	-5E-05	-0.00105
0.623	-5E-05	-0.0015
0.624	-0.0001	-0.0003
0.625	-0.0001	-0.0003
0.626	-0.0001	-0.00045
0.627	-5E-05	-0.0012
0.628	-0.0001	-0.0012
0.629	-5E-05	-0.00045
0.63	-5E-05	-0.00045
0.631	-0.0001	-0.00015
0.632	-5E-05	-0.00045
0.633	-5E-05	-0.0012
0.634	-0.0001	-0.00105
0.635	-5E-05	-0.00015
0.636	-0.0001	-0.0006
0.637	-5E-05	-0.00015
0.638	-5E-05	-0.00075
0.639	-5E-05	-0.00075
0.64	-5E-05	-0.00135
0.641	-5E-05	-0.00045
0.642	-5E-05	-0.00015
0.643	-0.0001	-0.00045
0.644	-5E-05	-0.00075
0.645	-0.0001	-0.00165
0.646	-5E-05	-0.00045
0.647	-5E-05	-0.0003
0.648	-5E-05	-0.00075
0.649	-5E-05	-0.0006
0.65	-0.0001	-0.0003
0.651	-5E-05	-0.0012
0.652	-5E-05	-0.0006
0.653	-5E-05	0.00045
0.654	-5E-05	-0.0006
0.655	-0.0001	-0.00075
0.656	-0.0001	-0.0015
0.657	-5E-05	-0.00075
0.658	-5E-05	-0.0009
0.659	-0.0001	-0.0006
0.66	-5E-05	-0.00135
0.661	-0.0001	-0.0012
0.662	-5E-05	-0.00045
0.663	-5E-05	-0.0003
0.664	-0.0001	0.00015
0.665	-5E-05	-0.00045
0.666	-5E-05	-0.00045
0.667	-5E-05	-0.0012
0.668	-5E-05	-0.00015
0.669	-5E-05	-0.0003
0.67	-5E-05	-0.00075
0.671	-5E-05	0.00015
0.672	-5E-05	-0.00105
0.673	-5E-05	-0.00045
0.674	-5E-05	-0.0003
0.675	-0.0001	-0.00075
0.676	-5E-05	-0.00105
0.677	-5E-05	-0.00105
0.678	-0.0001	-0.0006
0.679	-5E-05	-0.00015
0.68	-5E-05	0.00075
0.681	-5E-05	-0.0009
0.682	-5E-05	-0.00015
0.683	-0.0001	-0.00075
0.684	-5E-05	-0.0009
0.685	-5E-05	-0.0006
0.686	-0.0001	-0.00045
0.687	-5E-05	-0.0003
0.688	-5E-05	-0.00075
0.689	-5E-05	-0.00075
0.69	-5E-05	-0.00105
0.691	-5E-05	0.00015
0.692	-5E-05	-0.0003
0.693	-5E-05	-0.00075
0.694	-0.0001	-0.00075
0.695	-5E-05	-0.00045
0.696	-5E-05	-0.0003
0.697	-0.0001	0
0.698	-5E-05	0.00015
0.699	-5E-05	-0.00045
0.7	-0.0001	-0.0006
0.701	-5E-05	0
0.702	-0.0001	-0.0003
0.703	-0.0001	-0.0006
0.704	-5E-05	-0.00135
0.705	-5E-05	-0.00075
0.706	-0.0001	-0.00105
0.707	-0.0001	-0.0009
0.708	-5E-05	-0.0003
0.709	-5E-05	0.00015
0.71	-5E-05	-0.0006
0.711	-0.0001	-0.0009
0.712	-5E-05	-0.00015
0.713	0	0
0.714	-0.0001	-0.0006
0.715	-5E-05	-0.00015
0.716	-5E-05	-0.00015
0.717	-5E-05	-0.00015
0.718	-5E-05	-0.0006
0.719	-5E-05	-0.00015
0.72	-0.0001	-0.0003
0.721	-0.0001	-0.00045
0.722	-5E-05	-0.00075
0.723	-5E-05	-0.0006
0.724	-5E-05	-0.00015
0.725	-0.0001	-0.0009
0.726	-5E-05	0.0003
0.727	-5E-05	-0.00075
0.728	-0.0001	-0.0006
0.729	-5E-05	-0.00045
0.73	-0.0001	-0.0003
0.731	-5E-05	-0.0006
0.732	-5E-05	-0.00045
0.733	-5E-05	-0.0003
0.734	-5E-05	-0.00045
0.735	-5E-05	0.00015
0.736	-5E-05	-0.00135
0.737	-0.0001	-0.00075
0.738	-5E-05	-0.0003
0.739	-0.0001	-0.0009
0.74	-5E-05	-0.0012
0.741	-5E-05	-0.0009
0.742	-0.0001	-0.0012
0.743	-5E-05	-0.0009
0.744	-0.0001	-0.0003
0.745	-5E-05	-0.0009
0.746	-5E-05	-0.00045
0.747	-0.0001	-0.0003
0.748	-5E-05	-0.00015
0.749	-0.0001	-0.0006
0.75	-0.0001	-0.00045
0.751	-0.0001	-0.0009
0.752	-5E-05	-0.0006
0.753	-0.0001	-0.0006
0.754	-0.0001	-0.00135
0.755	-5E-05	-0.0006
0.756	-5E-05	-0.0009
0.757	-0.0001	-0.0012
0.758	-5E-05	-0.0012
0.759	-5E-05	-0.0003
0.76	-5E-05	-0.0015
0.761	-0.0001	-0.0009
0.762	-0.0001	-0.00075
0.763	-0.0001	-0.0003
0.764	-0.0001	-0.0009
0.765	-5E-05	-0.00105
0.766	-5E-05	-0.0006
0.767	-5E-05	-0.00105
0.768	-0.0001	-0.00045
0.769	-5E-05	-0.0012
0.77	-5E-05	-0.00045
0.771	-5E-05	-0.00135
0.772	-5E-05	-0.00105
0.773	-5E-05	-0.00075
0.774	-5E-05	-0.00075
0.775	-5E-05	-0.0015
0.776	-5E-05	-0.0021
0.777	-0.0001	-0.00075
0.778	-0.0001	-0.00075
0.779	-5E-05	0
0.78	-5E-05	0
0.781	-0.0001	-0.00105
0.782	-5E-05	-0.00075
0.783	-5E-05	-0.00045
0.784	-5E-05	-0.00075
0.785	-5E-05	-0.00075
0.786	-0.0001	-0.0009
0.787	-5E-05	-0.0015
0.788	-5E-05	-0.0003
0.789	-5E-05	-0.00015
0.79	-5E-05	-0.00105
0.791	-5E-05	-0.0009
0.792	-5E-05	-0.0018
0.793	-0.0001	-0.0015
0.794	-5E-05	-0.0006
0.795	-5E-05	-0.0003
0.796	-5E-05	-0.00045
0.797	-5E-05	-0.0003
0.798	-0.0001	0
0.799	-5E-05	-0.00015
0.8	-0.0001	0.00015
0.801	-5E-05	-0.0003
0.802	-5E-05	-0.0012
0.803	-5E-05	-0.0006
0.804	-5E-05	-0.00045
0.805	-0.0001	-0.0006
0.806	-0.0001	-0.0003
0.807	-5E-05	0.00015
0.808	-5E-05	-0.00075
0.809	-0.0001	-0.00045
0.81	-0.0001	0
0.811	-0.0001	-0.00075
0.812	-5E-05	0.0006
0.813	-5E-05	-0.0006
0.814	-5E-05	-0.00045
0.815	-0.0001	0.0003
0.816	-5E-05	0.00015
0.817	-0.0001	0
0.818	-5E-05	-0.0003
0.819	-5E-05	-0.00045
0.82	-5E-05	-0.0003
0.821	-5E-05	0.00015
0.822	-5E-05	-0.00075
0.823	-5E-05	-0.00075
0.824	-0.0001	-0.00045
0.825	-5E-05	0.00045
0.826	-5E-05	-0.0003
0.827	-0.0001	-0.00135
0.828	-0.0001	-0.0012
0.829	-5E-05	-0.00015
0.83	-5E-05	0.00015
0.831	-5E-05	-0.0003
0.832	-5E-05	-0.0003
0.833	-5E-05	-0.0003
0.834	-0.0001	0.0003
0.835	-5E-05	0.00045
0.836	-5E-05	-0.00045
0.837	-5E-05	-0.00105
0.838	-0.0001	-0.00045
0.839	-0.0001	-0.0003
0.84	-5E-05	-0.00075
0.841	-0.0001	-0.00075
0.842	-5E-05	0.00015
0.843	-5E-05	0
0.844	-5E-05	0
0.845	-0.0001	-0.0009
0.846	-5E-05	-0.0006
0.847	-5E-05	0
0.848	-5E-05	0
0.849	-5E-05	-0.0003
0.85	-5E-05	0.00015
0.851	-5E-05	0
0.852	-5E-05	-0.0003
0.853	-5E-05	-0.00015
0.854	-5E-05	-0.00045
0.855	-5E-05	-0.0003
0.856	-5E-05	-0.0003
0.857	-0.0001	-0.00015
0.858	-5E-05	-0.0003
0.859	-5E-05	0
0.86	-5E-05	0
0.861	-0.0001	-0.00045
0.862	-0.0001	0.00015
0.863	-5E-05	-0.0006
0.864	-5E-05	0
0.865	-0.0001	0.0006
0.866	-5E-05	-0.0003
0.867	-5E-05	-0.00015
0.868	-5E-05	0.0003
0.869	-5E-05	0.00015
0.87	-5E-05	-0.0003
0.871	-5E-05	0.00015
0.872	-5E-05	-0.00015
0.873	-5E-05	0
0.874	-5E-05	-0.0006
0.875	-5E-05	-0.0003
0.876	-0.0001	-0.00015
0.877	-5E-05	-0.00015
0.878	-5E-05	0.00015
0.879	-5E-05	-0.00015
0.88	-5E-05	0.0003
0.881	-5E-05	0
0.882	-5E-05	0
0.883	-5E-05	-0.00015
0.884	-0.0001	-0.00075
0.885	-5E-05	-0.0003
0.886	-5E-05	0.00075
0.887	-0.0001	-0.0003
0.888	-5E-05	-0.00075
0.889	-0.0001	0
0.89	-5E-05	-0.0003
0.891	-0.0001	-0.00045
0.892	-5E-05	-0.00075
0.893	-0.0001	-0.00045
0.894	-5E-05	0
0.895	-5E-05	0.00015
0.896	-0.0001	-0.0003
0.897	-5E-05	0.00015
0.898	-5E-05	-0.00015
0.899	-5E-05	-0.00015
0.9	-5E-05	0
0.901	-5E-05	0
0.902	-5E-05	-0.00045
0.903	-5E-05	0.00015
0.904	-0.0001	0
0.905	-0.0001	-0.00045
0.906	-5E-05	-0.00015
0.907	-5E-05	-0.0006
0.908	-0.0001	-0.0006
0.909	-5E-05	-0.0003
0.91	-5E-05	-0.0003
0.911	-0.0001	-0.00045
0.912	-0.0001	-0.0003
0.913	-5E-05	-0.0006
0.914	-5E-05	-0.0003
0.915	-5E-05	0.0003
0.916	-5E-05	-0.00015
0.917	-5E-05	-0.00045
0.918	-5E-05	-0.0003
0.919	-5E-05	-0.00045
0.92	-5E-05	-0.00015
0.921	-0.0001	0
0.922	-5E-05	-0.0006
0.923	-5E-05	-0.0009
0.924	-0.0001	-0.0003
0.925	-5E-05	-0.0006
0.926	-0.0001	-0.00045
0.927	-5E-05	0
0.928	-5E-05	0
0.929	-0.0001	-0.0006
0.93	-5E-05	-0.0003
0.931	-5E-05	0
0.932	-5E-05	-0.00015
0.933	-5E-05	0.00015
0.934	-5E-05	-0.00075
0.935	-5E-05	-0.00045
0.936	-5E-05	-0.00015
0.937	0	-0.00015
0.938	-5E-05	-0.0003
0.939	-5E-05	-0.0003
0.94	-5E-05	-0.00105
0.941	-5E-05	-0.00045
0.942	-5E-05	-0.0003
0.943	-0.0001	-0.0006
0.944	-5E-05	-0.0006
0.945	-5E-05	-0.0006
0.946	-0.0001	-0.0003
0.947	0	-0.00015
0.948	-5E-05	0
0.949	-0.0001	0
0.95	-5E-05	0
0.951	-5E-05	-0.00015
0.952	-5E-05	-0.0003
0.953	-5E-05	-0.00015
0.954	-5E-05	-0.0003
0.955	-0.0001	-0.0006
0.956	-5E-05	-0.0009
0.957	-5E-05	-0.00045
0.958	-0.0001	-0.00045
0.959	-5E-05	0
0.96	-0.0001	-0.0003
0.961	-5E-05	-0.0012
0.962	-5E-05	-0.00015
0.963	-5E-05	-0.0003
0.964	-5E-05	-0.0006
0.965	-5E-05	0
0.966	-5E-05	0.00015
0.967	-5E-05	-0.0003
0.968	-5E-05	0.00015
0.969	-5E-05	0.00015
0.97	-5E-05	-0.0003
0.971	-5E-05	-0.0006
0.972	-5E-05	-0.0009
0.973	-0.0001	-0.00105
0.974	-0.0001	-0.00015
0.975	-5E-05	-0.00045
0.976	-5E-05	-0.0006
0.977	-0.0001	-0.0003
0.978	-0.0001	-0.0003
0.979	-0.0001	-0.00015
0.98	-5E-05	-0.00015
0.981	-0.0001	-0.00015
0.982	-5E-05	-0.00075
0.983	-5E-05	-0.0003
0.984	-5E-05	-0.00045
0.985	-5E-05	-0.00045
0.986	-5E-05	-0.0003
0.987	-5E-05	-0.00075
0.988	-0.0001	-0.0006
0.989	-0.0001	-0.0006
0.99	-5E-05	-0.00075
0.991	-0.0001	-0.0006
0.992	-5E-05	-0.0003
0.993	-5E-05	-0.0006
0.994	-5E-05	-0.00075
0.995	-5E-05	-0.0006
0.996	-5E-05	-0.0009
0.997	-5E-05	-0.0003
0.998	-5E-05	0
0.999	-5E-05	-0.00015
1	-5E-05	-0.0006
1.001	-5E-05	-0.00015
1.002	-0.0001	-0.0006
1.003	-5E-05	-0.0006
1.004	-5E-05	-0.0009
1.005	-0.0001	-0.00075
1.006	-5E-05	-0.00045
1.007	-5E-05	-0.0003
1.008	-0.0001	-0.0009
1.009	-5E-05	-0.0009
1.01	-5E-05	-0.00045
1.011	-5E-05	-0.0009
1.012	-5E-05	-0.00075
1.013	-5E-05	-0.00045
1.014	-5E-05	-0.00045
1.015	-5E-05	0
1.016	-0.0001	0
1.017	-5E-05	-0.00075
1.018	-5E-05	-0.00045
1.019	-5E-05	-0.0003
1.02	-5E-05	-0.0003
1.021	-5E-05	-0.0003
1.022	-5E-05	-0.0006
1.023	-5E-05	-0.00105
1.024	-0.0001	-0.0006
1.025	-5E-05	-0.0006
1.026	-0.0001	-0.00075
1.027	-0.0001	-0.0006
1.028	-0.0001	-0.0003
1.029	-5E-05	-0.00075
1.03	-0.0001	-0.0003
1.031	-5E-05	-0.00015
1.032	-5E-05	-0.0006
1.033	-0.0001	0
1.034	-0.0001	-0.0003
1.035	-5E-05	-0.0006
1.036	-5E-05	-0.00015
1.037	-5E-05	-0.0006
1.038	-5E-05	-0.0009
1.039	-5E-05	-0.0006
1.04	-0.0001	-0.0012
1.041	-5E-05	-0.0009
1.042	-5E-05	-0.00015
1.043	-5E-05	-0.0006
1.044	-5E-05	-0.0006
1.045	-0.0001	-0.00075
1.046	-5E-05	-0.0006
1.047	-5E-05	-0.00045
1.048	-5E-05	-0.0003
1.049	-5E-05	-0.0006
1.05	-5E-05	-0.0003
1.051	-5E-05	-0.00015
1.052	-5E-05	-0.00045
1.053	-5E-05	-0.00045
1.054	-0.0001	-0.00045
1.055	-0.0001	-0.0009
1.056	-5E-05	-0.0009
1.057	-0.0001	-0.0006
1.058	-0.0001	-0.0012
1.059	-0.0001	-0.00045
1.06	-5E-05	-0.00045
1.061	-5E-05	-0.0003
1.062	-0.0001	-0.00045
1.063	-5E-05	-0.00045
1.064	-0.0001	-0.00045
1.065	-0.0001	-0.00015
1.066	-0.0001	-0.00015
1.067	-5E-05	-0.0006
1.068	-0.0001	-0.0006
1.069	-0.0001	-0.00015
1.07	-5E-05	-0.00045
1.071	-5E-05	-0.0006
1.072	-0.0001	-0.00075
1.073	-0.0001	-0.0009
1.074	-5E-05	-0.00075
1.075	-5E-05	-0.0006
1.076	-5E-05	-0.00135
1.077	-5E-05	-0.0009
1.078	-0.0001	-0.0006
1.079	-5E-05	-0.00045
1.08	-5E-05	-0.0003
1.081	-5E-05	-0.0003
1.082	-5E-05	-0.00045
1.083	-0.0001	-0.0003
1.084	-5E-05	-0.0006
1.085	-5E-05	-0.0006
1.086	-0.0001	-0.0003
1.087	-5E-05	-0.0006
1.088	-0.0001	-0.0009
1.089	-5E-05	-0.00045
1.09	-5E-05	-0.00045
1.091	-5E-05	-0.00075
1.092	-0.0001	-0.00075
1.093	-0.0001	-0.0009
1.094	-5E-05	-0.0012
1.095	-5E-05	-0.0006
1.096	-5E-05	-0.0006
1.097	-5E-05	-0.00045
1.098	-5E-05	-0.0003
1.099	-5E-05	0
1.1	-0.0001	0
1.101	-5E-05	0.00015
1.102	-5E-05	-0.00015
1.103	-5E-05	-0.0009
1.104	-5E-05	-0.00045
1.105	-5E-05	-0.00075
1.106	-5E-05	-0.00075
1.107	-5E-05	-0.00045
1.108	-5E-05	-0.00045
1.109	-5E-05	0
1.11	-0.0001	-0.00045
1.111	-0.0001	-0.0006
1.112	-5E-05	-0.0006
1.113	-0.0001	-0.0003
1.114	-0.0001	-0.0006
1.115	-5E-05	-0.00015
1.116	-5E-05	-0.00015
1.117	-0.0001	-0.0003
1.118	-5E-05	-0.0003
1.119	-0.0001	0
1.12	-5E-05	-0.00045
1.121	-0.0001	-0.0006
1.122	-5E-05	-0.00075
1.123	-5E-05	-0.0009
1.124	-0.0001	-0.00045
1.125	-5E-05	-0.00045
1.126	-0.0001	-0.00075
1.127	-5E-05	-0.00075
1.128	-5E-05	-0.00015
1.129	-5E-05	-0.00015
1.13	-0.0001	-0.00015
1.131	-0.0001	-0.00015
1.132	-5E-05	-0.00045
1.133	-5E-05	-0.0003
1.134	-0.0001	-0.00045
1.135	-5E-05	-0.0003
1.136	-5E-05	0.00015
1.137	-5E-05	0
1.138	-5E-05	-0.0003
1.139	-5E-05	-0.0003
1.14	-5E-05	-0.00015
1.141	-5E-05	-0.0003
1.142	-5E-05	-0.00015
1.143	-5E-05	-0.0003
1.144	-0.0001	-0.0009
1.145	-0.0001	0
1.146	-5E-05	0.00015
1.147	-5E-05	0.00015
1.148	-0.0001	0.00045
1.149	-5E-05	0
1.15	-5E-05	0
1.151	-5E-05	0.0003
1.152	-0.0001	0.00045
1.153	-5E-05	-0.0003
1.154	-0.0001	-0.00015
1.155	-5E-05	-0.00015
1.156	-5E-05	-0.00045
1.157	-0.0001	0.00015
1.158	-5E-05	-0.00015
1.159	-5E-05	0.00015
1.16	-5E-05	0
1.161	-5E-05	0
1.162	-0.0001	-0.00015
1.163	-5E-05	0.00015
1.164	-5E-05	0
1.165	-5E-05	0
1.166	-5E-05	0.0006
1.167	-5E-05	0
1.168	-5E-05	0.0006
1.169	-5E-05	0.0006
1.17	-5E-05	0.00015
1.171	-5E-05	0.00015
1.172	-5E-05	0.00015
1.173	-5E-05	-0.00045
1.174	-5E-05	-0.00075
1.175	-0.0001	-0.00015
1.176	-5E-05	0.0003
1.177	-5E-05	0.00045
1.178	-5E-05	-0.00015
1.179	-0.0001	-0.00075
1.18	-0.0001	0
1.181	-5E-05	0.0006
1.182	-0.0001	0.0003
1.183	-5E-05	-0.00045
1.184	-0.0001	-0.0003
1.185	-5E-05	-0.00045
1.186	-5E-05	0.00045
1.187	-5E-05	0.0012
1.188	-0.0001	-0.00045
1.189	-5E-05	-0.00045
1.19	-5E-05	-0.0003
1.191	-0.0001	-0.00045
1.192	-5E-05	-0.0003
1.193	-5E-05	-0.0003
1.194	-0.0001	-0.00075
1.195	-5E-05	-0.0006
1.196	-5E-05	-0.00045
1.197	-5E-05	0.00015
1.198	-5E-05	0.0006
1.199	-5E-05	0
1.2	-5E-05	-0.0003
1.201	-0.0001	-0.00075
1.202	-5E-05	-0.00075
1.203	-5E-05	-0.00075
1.204	-5E-05	-0.00045
1.205	-5E-05	-0.0006
1.206	-5E-05	-0.0006
1.207	-0.0001	0
1.208	-5E-05	0.0003
1.209	-5E-05	-0.00015
1.21	-0.0001	-0.0003
1.211	-5E-05	-0.00075
1.212	-0.0001	-0.0012
1.213	-0.0001	-0.00045
1.214	-5E-05	-0.00045
1.215	-5E-05	-0.0003
1.216	-5E-05	0.00015
1.217	-5E-05	0
1.218	-0.0001	-0.00075
1.219	-5E-05	-0.0003
1.22	0	-0.00045
1.221	-5E-05	-0.00075
1.222	-5E-05	-0.0006
1.223	-5E-05	-0.00045
1.224	-5E-05	-0.00075
1.225	-5E-05	-0.00045
1.226	-5E-05	-0.0006
1.227	-5E-05	-0.00075
1.228	-5E-05	0.00045
1.229	-5E-05	-0.00015
1.23	-5E-05	-0.00135
1.231	-5E-05	-0.00045
1.232	-0.0001	0.00015
1.233	-5E-05	-0.00015
1.234	-5E-05	-0.0003
1.235	-5E-05	-0.0009
1.236	-5E-05	-0.0006
1.237	-5E-05	0.0006
1.238	-0.0001	-0.00075
1.239	-0.0001	-0.0009
1.24	-0.0001	-0.00105
1.241	-0.0001	-0.00105
1.242	-0.0001	-0.0006
1.243	-5E-05	-0.0006
1.244	-5E-05	-0.00105
1.245	-5E-05	-0.00045
1.246	-5E-05	0.00045
1.247	-0.0001	-0.00075
1.248	-5E-05	-0.00075
1.249	-0.0001	-0.0003
1.25	-5E-05	-0.00045
1.251	-5E-05	-0.00075
1.252	-0.0001	-0.00045
1.253	-5E-05	-0.00075
1.254	-0.0001	-0.0012
1.255	-5E-05	0
1.256	-0.0001	-0.00105
1.257	-5E-05	-0.00075
1.258	-5E-05	-0.0012
1.259	-0.0001	-0.00105
1.26	-0.0001	-0.0009
1.261	-5E-05	0
1.262	-5E-05	-0.0009
1.263	-5E-05	-0.0003
1.264	-5E-05	-0.00045
1.265	-5E-05	-0.0009
1.266	-0.0001	-0.00045
1.267	-5E-05	-0.00045
1.268	-5E-05	-0.00075
1.269	-0.0001	-0.0009
1.27	-5E-05	-0.0006
1.271	-0.0001	-0.00105
1.272	-0.0001	-0.00135
1.273	-0.0001	-0.00105
1.274	-0.0001	-0.00105
1.275	-5E-05	-0.0006
1.276	-0.0001	-0.00105
1.277	-0.0001	-0.0015
1.278	-5E-05	-0.00045
1.279	-0.0001	-0.00075
1.28	-5E-05	-0.00105
1.281	-0.0001	-0.0003
1.282	-5E-05	-0.00045
1.283	-5E-05	-0.0012
1.284	-0.0001	-0.0012
1.285	-5E-05	-0.0003
1.286	-0.0001	-0.00105
1.287	-5E-05	-0.0009
1.288	-0.0001	-0.0009
1.289	-5E-05	-0.00075
1.29	-5E-05	-0.0009
1.291	-0.0001	-0.00135
1.292	-5E-05	-0.00105
1.293	-0.0001	-0.0009
1.294	-5E-05	-0.0009
1.295	-5E-05	-0.00135
1.296	-0.0001	-0.00015
1.297	-5E-05	-0.0009
1.298	-5E-05	-0.0006
1.299	-5E-05	-0.0003
1.3	-0.0001	-0.00105
1.301	-0.0001	-0.00075
1.302	-5E-05	-0.0003
1.303	-0.0001	-0.0003
1.304	-5E-05	-0.00165
1.305	-0.0001	-0.0009
1.306	-5E-05	-0.0012
1.307	-5E-05	-0.00045
1.308	-0.0001	-0.00015
1.309	-5E-05	-0.0012
1.31	-5E-05	-0.00105
1.311	-0.0001	-0.0006
1.312	-5E-05	-0.00075
1.313	-5E-05	-0.00045
1.314	-0.0001	0.00015
1.315	-0.0001	-0.00075
1.316	-5E-05	-0.00045
1.317	-5E-05	-0.0003
1.318	0.0001	-0.0009
1.319	0.00035	-0.00045
1.32	0.0005	-0.00045
1.321	0.00055	-0.00075
1.322	0.00065	-0.0006
1.323	0.00065	-0.0006
1.324	0.0007	-0.00075
1.325	0.00075	-0.0009
1.326	0.00075	-0.0006
1.327	0.0008	-0.0015
1.328	0.00085	-0.0012
1.329	0.00085	-0.0003
1.33	0.0009	-0.00045
1.331	0.00095	-0.00045
1.332	0.001	-0.0003
1.333	0.00105	-0.00075
1.334	0.00115	-0.00075
1.335	0.00115	0
1.336	0.00125	-0.0009
1.337	0.00145	-0.0006
1.338	0.00175	-0.0003
1.339	0.00235	-0.00015
1.34	0.0031	0.0015
1.341	0.004	0.00165
1.342	0.00505	0.00255
1.343	0.0062	0.00375
1.344	0.00655	0.00375
1.345	0.0072	0.0039
1.346	0.0079	0.0051
1.347	0.00855	0.0057
1.348	0.0092	0.0057
1.349	0.01	0.00675
1.35	0.01085	0.0069
1.351	0.01155	0.00705
1.352	0.0124	0.00795
1.353	0.01315	0.00765
1.354	0.01395	0.0084
1.355	0.01475	0.0096
1.356	0.01555	0.0105
1.357	0.0163	0.0102
1.358	0.01715	0.01125
1.359	0.018	0.01155
1.36	0.0189	0.0126
1.361	0.01985	0.01365
1.362	0.02085	0.01365
1.363	0.02185	0.01455
1.364	0.0229	0.01605
1.365	0.0239	0.0165
1.366	0.02495	0.0174
1.367	0.02595	0.01905
1.368	0.02695	0.01875
1.369	0.02805	0.01935
1.37	0.02915	0.0204
1.371	0.03025	0.0207
1.372	0.03125	0.0213
1.373	0.0323	0.02265
1.374	0.0335	0.0234
1.375	0.03455	0.02415
1.376	0.03565	0.0258
1.377	0.03675	0.0264
1.378	0.03525	0.02475
1.379	0.03525	0.02505
1.38	0.03535	0.0246
1.381	0.03535	0.0249
1.382	0.0354	0.0252
1.383	0.0355	0.0258
1.384	0.0356	0.0252
1.385	0.03575	0.02565
1.386	0.0358	0.02505
1.387	0.0359	0.02505
1.388	0.03605	0.02595
1.389	0.03605	0.02415
1.39	0.03615	0.024
1.391	0.03625	0.02505
1.392	0.0363	0.02415
1.393	0.0364	0.0246
1.394	0.0366	0.0255
1.395	0.0367	0.0249
1.396	0.0368	0.0252
1.397	0.03685	0.0258
1.398	0.0369	0.0249
1.399	0.0339	0.0249
1.4	0.03355	0.0255
1.401	0.0332	0.02505
1.402	0.0331	0.0255
1.403	0.03305	0.0249
1.404	0.033	0.02445
1.405	0.033	0.02535
1.406	0.03295	0.0255
1.407	0.033	0.02445
1.408	0.03295	0.0246
1.409	0.03295	0.0249
1.41	0.03295	0.0243
1.411	0.0329	0.02475
1.412	0.03295	0.0252
1.413	0.033	0.02505
1.414	0.03295	0.0249
1.415	0.033	0.0249
1.416	0.0329	0.02505
1.417	0.0329	0.0252
1.418	0.03295	0.02565
1.419	0.03295	0.02505
1.42	0.03295	0.02535
1.421	0.0329	0.02505
1.422	0.0329	0.0246
1.423	0.03295	0.02505
1.424	0.0329	0.0246
1.425	0.03295	0.02415
1.426	0.03295	0.024
1.427	0.0329	0.02535
1.428	0.0329	0.0246
1.429	0.033	0.0252
1.43	0.0329	0.02535
1.431	0.0329	0.02475
1.432	0.03295	0.0249
1.433	0.0329	0.0252
1.434	0.03295	0.02505
1.435	0.03295	0.02505
1.436	0.0329	0.0252
1.437	0.03295	0.0243
1.438	0.0329	0.02505
1.439	0.03295	0.0249
1.44	0.0329	0.0246
1.441	0.0329	0.0255
1.442	0.03295	0.0243
1.443	0.03295	0.0243
1.444	0.03295	0.02505
1.445	0.03295	0.02505
1.446	0.03295	0.02475
1.447	0.0329	0.02505
1.448	0.03295	0.02505
1.449	0.0329	0.02535
1.45	0.0329	0.02595
1.451	0.0329	0.02505
1.452	0.0329	0.02475
1.453	0.0329	0.0252
1.454	0.03295	0.02505
1.455	0.033	0.0249
1.456	0.0329	0.0252
1.457	0.03295	0.0249
1.458	0.0329	0.0249
1.459	0.033	0.02535
1.46	0.03285	0.02505
1.461	0.03295	0.02415
1.462	0.0329	0.0258
1.463	0.03295	0.02535
1.464	0.03295	0.0252
1.465	0.0329	0.0258
1.466	0.03295	0.0252
1.467	0.03295	0.02595
1.468	0.03295	0.0258
1.469	0.03295	0.02505
1.47	0.0329	0.02505
1.471	0.0329	0.02535
1.472	0.03295	0.02535
1.473	0.0329	0.02535
1.474	0.03295	0.0249
1.475	0.03295	0.02475
1.476	0.033	0.0252
1.477	0.0329	0.02565
1.478	0.0329	0.02535
1.479	0.0329	0.0249
1.48	0.03295	0.02535
1.481	0.03295	0.0261
1.482	0.0329	0.0255
1.483	0.0329	0.0258
1.484	0.0329	0.02505
1.485	0.03295	0.0249
1.486	0.0329	0.0255
1.487	0.0329	0.02505
1.488	0.03285	0.0249
1.489	0.0329	0.02505
1.49	0.03295	0.0249
1.491	0.03285	0.0249
1.492	0.03295	0.0255
1.493	0.0329	0.02505
1.494	0.03285	0.02535
1.495	0.033	0.02535
1.496	0.03295	0.0246
1.497	0.0329	0.02535
1.498	0.03295	0.0255
1.499	0.0329	0.02565
1.5	0.03295	0.02565
1.501	0.0329	0.02565
1.502	0.03285	0.0249
1.503	0.03295	0.0255
1.504	0.03285	0.0249
1.505	0.0329	0.0246
1.506	0.0329	0.0249
1.507	0.0329	0.02505
1.508	0.0329	0.0252
1.509	0.03295	0.0249
1.51	0.0329	0.02505
1.511	0.03285	0.0249
1.512	0.03295	0.0246
1.513	0.03295	0.0246
1.514	0.03285	0.0255
1.515	0.03295	0.02565
1.516	0.0329	0.0249
1.517	0.03295	0.0255
1.518	0.0329	0.02565
1.519	0.03295	0.0258
1.52	0.03295	0.0252
1.521	0.03285	0.0252
1.522	0.0329	0.0249
1.523	0.03295	0.0243
1.524	0.0329	0.02475
1.525	0.0329	0.02475
1.526	0.03295	0.0252
1.527	0.03295	0.02505
1.528	0.0329	0.0252
1.529	0.0329	0.0255
1.53	0.03295	0.02535
1.531	0.03285	0.02505
1.532	0.03285	0.02475
1.533	0.03295	0.0258
1.534	0.0329	0.0252
1.535	0.0329	0.0249
1.536	0.03295	0.02595
1.537	0.03285	0.0246
1.538	0.03285	0.02475
1.539	0.03295	0.0252
1.54	0.0329	0.0249
1.541	0.0329	0.0246
1.542	0.03285	0.0249
1.543	0.03295	0.0252
1.544	0.0329	0.0252
1.545	0.0329	0.02505
1.546	0.0329	0.02505
1.547	0.03295	0.0258
1.548	0.03285	0.02595
1.549	0.0329	0.0255
1.55	0.0329	0.02565
1.551	0.0329	0.02565
1.552	0.0329	0.0255
1.553	0.03295	0.02565
1.554	0.03285	0.02565
1.555	0.03295	0.0252
1.556	0.03295	0.02475
1.557	0.0329	0.0255
1.558	0.03285	0.0249
1.559	0.03285	0.02505
1.56	0.0329	0.0255
1.561	0.0329	0.02505
1.562	0.03295	0.0258
1.563	0.0329	0.02565
1.564	0.0329	0.02565
1.565	0.03295	0.02535
1.566	0.03295	0.02595
1.567	0.0329	0.02565
1.568	0.03295	0.0258
1.569	0.0329	0.02565
1.57	0.03295	0.0249
1.571	0.0329	0.0258
1.572	0.03295	0.0255
1.573	0.0329	0.0252
1.574	0.033	0.02505
1.575	0.03285	0.0252
1.576	0.0329	0.02505
1.577	0.0329	0.0252
1.578	0.0329	0.02625
1.579	0.03295	0.02475
1.58	0.0329	0.02565
1.581	0.03295	0.02565
1.582	0.03295	0.02595
1.583	0.03295	0.02595
1.584	0.0329	0.0255
1.585	0.0329	0.02505
1.586	0.0329	0.02565
1.587	0.0329	0.0261
1.588	0.0329	0.0249
1.589	0.0329	0.02535
1.59	0.0329	0.0246
1.591	0.033	0.02475
1.592	0.03295	0.0252
1.593	0.0329	0.02505
1.594	0.0329	0.02475
1.595	0.03295	0.02505
1.596	0.03295	0.0252
1.597	0.03285	0.02535
1.598	0.033	0.0258
1.599	0.03295	0.0255
1.6	0.03295	0.0249
1.601	0.0329	0.02505
1.602	0.03285	0.0252
1.603	0.0329	0.02535
1.604	0.0329	0.0252
1.605	0.0329	0.02475
1.606	0.0329	0.02415
1.607	0.0329	0.02475
1.608	0.0329	0.0249
1.609	0.0329	0.0252
1.61	0.0329	0.02475
1.611	0.0329	0.02415
1.612	0.0329	0.02415
1.613	0.03285	0.0249
1.614	0.0329	0.02565
1.615	0.0329	0.02445
1.616	0.0329	0.0249
1.617	0.03295	0.0249
1.618	0.0329	0.02445
1.619	0.03295	0.0252
1.62	0.03285	0.02505
1.621	0.0329	0.02415
1.622	0.033	0.02475
1.623	0.0329	0.02415
1.624	0.0329	0.0243
1.625	0.0329	0.0246
1.626	0.0329	0.02445
1.627	0.03295	0.0243
1.628	0.0329	0.0252
1.629	0.0329	0.02475
1.63	0.0329	0.0246
1.631	0.03285	0.0249
1.632	0.0329	0.02475
1.633	0.0329	0.0246
1.634	0.033	0.0246
1.635	0.0329	0.0249
1.636	0.0329	0.02475
1.637	0.03295	0.0252
1.638	0.0329	0.02505
1.639	0.0329	0.02475
1.64	0.0329	0.0246
1.641	0.0329	0.02445
1.642	0.03285	0.024
1.643	0.0329	0.02475
1.644	0.03285	0.02475
1.645	0.03295	0.0243
1.646	0.0329	0.02505
1.647	0.033	0.02475
1.648	0.0329	0.02505
1.649	0.0329	0.02565
1.65	0.03295	0.02535
1.651	0.03295	0.02505
1.652	0.03295	0.02535
1.653	0.0329	0.02535
1.654	0.03285	0.0243
1.655	0.0329	0.02475
1.656	0.0329	0.02445
1.657	0.03295	0.02475
1.658	0.03295	0.02505
1.659	0.0329	0.0249
1.66	0.0329	0.0249
1.661	0.03295	0.02475
1.662	0.03285	0.02505
1.663	0.03295	0.02505
1.664	0.03285	0.02505
1.665	0.0329	0.02475
1.666	0.0329	0.0249
1.667	0.03295	0.02535
1.668	0.03295	0.02565
1.669	0.0329	0.02505
1.67	0.0329	0.02505
1.671	0.0329	0.02475
1.672	0.03285	0.02475
1.673	0.03285	0.02445
1.674	0.03295	0.02475
1.675	0.03285	0.02415
1.676	0.0329	0.02445
1.677	0.03295	0.0252
1.678	0.03295	0.0249
1.679	0.03295	0.0252
1.68	0.03295	0.02505
1.681	0.03295	0.0252
1.682	0.0329	0.02505
1.683	0.0329	0.0249
1.684	0.0329	0.02505
1.685	0.0329	0.0252
1.686	0.0329	0.0246
1.687	0.0329	0.02445
1.688	0.03295	0.02505
1.689	0.03285	0.02475
1.69	0.03295	0.02475
1.691	0.03295	0.02475
1.692	0.03295	0.0243
1.693	0.0329	0.0243
1.694	0.03285	0.0249
1.695	0.03285	0.02475
1.696	0.0329	0.02505
1.697	0.03285	0.0246
1.698	0.03285	0.0249
1.699	0.03295	0.0255
1.7	0.0329	0.02505
1.701	0.03285	0.02505
1.702	0.0329	0.0249
1.703	0.0329	0.0249
1.704	0.0329	0.02445
1.705	0.03285	0.0246
1.706	0.0329	0.02475
1.707	0.0329	0.02475
1.708	0.0329	0.02475
1.709	0.03295	0.02475
1.71	0.0329	0.02475
1.711	0.03285	0.02475
1.712	0.03295	0.02475
1.713	0.0329	0.02505
1.714	0.03295	0.0252
1.715	0.0329	0.02475
1.716	0.03295	0.0249
1.717	0.0329	0.02565
1.718	0.0329	0.0252
1.719	0.03295	0.0249
1.72	0.0329	0.0252
1.721	0.03295	0.0246
1.722	0.03285	0.02475
1.723	0.03295	0.02505
1.724	0.0329	0.02445
1.725	0.03285	0.02475
1.726	0.03295	0.02505
1.727	0.03285	0.02415
1.728	0.0329	0.02475
1.729	0.0329	0.02535
1.73	0.03295	0.02535
1.731	0.03285	0.0252
1.732	0.03285	0.02505
1.733	0.03295	0.0249
1.734	0.03285	0.0249
1.735	0.03295	0.02535
1.736	0.03285	0.0249
1.737	0.03295	0.02475
1.738	0.03295	0.0249
1.739	0.0329	0.0249
1.74	0.0329	0.02475
1.741	0.0329	0.0252
1.742	0.0329	0.0246
1.743	0.03295	0.02475
1.744	0.03285	0.0246
1.745	0.0329	0.02475
1.746	0.03295	0.02505
1.747	0.0329	0.02535
1.748	0.0329	0.0252
1.749	0.03295	0.0252
1.75	0.03295	0.02565
1.751	0.0329	0.02505
1.752	0.0329	0.0252
1.753	0.0329	0.0246
1.754	0.0329	0.02445
1.755	0.0329	0.0246
1.756	0.03285	0.0249
1.757	0.0329	0.02475
1.758	0.0329	0.02475
1.759	0.0329	0.0249
1.76	0.0328	0.02475
1.761	0.03295	0.0252
1.762	0.0329	0.02505
1.763	0.03295	0.0249
1.764	0.0329	0.0252
1.765	0.0329	0.02565
1.766	0.03295	0.02535
1.767	0.03295	0.0252
1.768	0.03285	0.02535
1.769	0.0329	0.02505
1.77	0.0329	0.02535
1.771	0.03295	0.02535
1.772	0.03295	0.02505
1.773	0.0329	0.02535
1.774	0.03285	0.0252
1.775	0.03295	0.0246
1.776	0.0329	0.0249
1.777	0.03295	0.02505
1.778	0.0329	0.02505
1.779	0.0329	0.02565
1.78	0.0329	0.0255
1.781	0.03295	0.0249
1.782	0.0329	0.02565
1.783	0.0329	0.0261
1.784	0.0329	0.0255
1.785	0.0329	0.0252
1.786	0.03295	0.0252
1.787	0.03295	0.02505
1.788	0.03295	0.02565
1.789	0.03285	0.02505
1.79	0.03295	0.0249
1.791	0.0329	0.0246
1.792	0.03285	0.0252
1.793	0.0329	0.0255
1.794	0.03285	0.0255
1.795	0.0329	0.02535
1.796	0.03295	0.0252
1.797	0.0329	0.02595
1.798	0.03295	0.02535
1.799	0.03285	0.02565
1.8	0.0329	0.02565
1.801	0.0329	0.02625
1.802	0.03295	0.02595
1.803	0.0329	0.0255
1.804	0.03295	0.0255
1.805	0.0329	0.0252
1.806	0.0329	0.02565
1.807	0.0329	0.02505
1.808	0.03285	0.0249
1.809	0.0329	0.02505
1.81	0.03295	0.02535
1.811	0.03285	0.0255
1.812	0.0329	0.0258
1.813	0.0329	0.0258
1.814	0.0329	0.0255
1.815	0.03295	0.02565
1.816	0.03295	0.02535
1.817	0.0329	0.0255
1.818	0.0329	0.02565
1.819	0.0329	0.02595
1.82	0.03295	0.0258
1.821	0.03295	0.02565
1.822	0.0329	0.0255
1.823	0.03295	0.02535
1.824	0.0329	0.0249
1.825	0.03295	0.0249
1.826	0.0329	0.0252
1.827	0.03295	0.0252
1.828	0.0329	0.0258
1.829	0.03295	0.0258
1.83	0.033	0.02595
1.831	0.0329	0.02565
1.832	0.03295	0.02565
1.833	0.03285	0.02565
1.834	0.0329	0.02565
1.835	0.03295	0.02565
1.836	0.0329	0.0258
1.837	0.03295	0.02505
1.838	0.03295	0.02475
1.839	0.03295	0.02565
1.84	0.0329	0.02565
1.841	0.033	0.0252
1.842	0.03295	0.0252
1.843	0.033	0.02535
1.844	0.0329	0.02535
1.845	0.0329	0.0258
1.846	0.03295	0.0252
1.847	0.03285	0.02505
1.848	0.0329	0.0255
1.849	0.03295	0.02565
1.85	0.0329	0.0255
1.851	0.03295	0.0255
1.852	0.0329	0.0258
1.853	0.0329	0.02535
1.854	0.0329	0.02535
1.855	0.0329	0.0249
1.856	0.03295	0.0249
1.857	0.0329	0.02535
1.858	0.03285	0.02475
1.859	0.0329	0.02445
1.86	0.03295	0.02505
1.861	0.0329	0.02535
1.862	0.0329	0.0255
1.863	0.03295	0.02535
1.864	0.0329	0.0249
1.865	0.0329	0.02505
1.866	0.0329	0.02565
1.867	0.03285	0.0255
1.868	0.03285	0.02475
1.869	0.0329	0.0252
1.87	0.03295	0.02535
1.871	0.03285	0.02505
1.872	0.0329	0.0252
1.873	0.03295	0.02475
1.874	0.03295	0.0246
1.875	0.0329	0.0249
1.876	0.0329	0.0246
1.877	0.0329	0.024
1.878	0.03295	0.02505
1.879	0.03295	0.02505
1.88	0.0328	0.0249
1.881	0.03295	0.02535
1.882	0.0329	0.0252
1.883	0.03285	0.0252
1.884	0.0329	0.0255
1.885	0.03295	0.0249
1.886	0.0329	0.02475
1.887	0.0329	0.0243
1.888	0.0329	0.02445
1.889	0.0329	0.02475
1.89	0.0329	0.0243
1.891	0.0329	0.02445
1.892	0.03295	0.0243
1.893	0.0329	0.02505
1.894	0.03295	0.02475
1.895	0.03295	0.02475
1.896	0.03285	0.02415
1.897	0.03285	0.02475
1.898	0.033	0.02475
1.899	0.0329	0.02535
1.9	0.03285	0.0252
1.901	0.0329	0.0249
1.902	0.03295	0.0252
1.903	0.03285	0.0249
1.904	0.0329	0.02475
1.905	0.03285	0.0246
1.906	0.03295	0.02415
1.907	0.0329	0.0243
1.908	0.03285	0.0246
1.909	0.0329	0.0246
1.91	0.03285	0.0249
1.911	0.03285	0.02505
1.912	0.03285	0.0249
1.913	0.0329	0.0249
1.914	0.03285	0.0249
1.915	0.0329	0.0246
1.916	0.03285	0.0246
1.917	0.0329	0.02535
1.918	0.0329	0.0252
1.919	0.0329	0.0249
1.92	0.0329	0.02475
1.921	0.03295	0.0249
1.922	0.0329	0.0249
1.923	0.03285	0.02505
1.924	0.0329	0.02475
1.925	0.0329	0.0246
1.926	0.0329	0.02505
1.927	0.03295	0.02475
1.928	0.03295	0.0249
1.929	0.0329	0.0252
1.93	0.0329	0.02505
1.931	0.03295	0.0246
1.932	0.0329	0.02535
1.933	0.03295	0.02535
1.934	0.0329	0.0255
1.935	0.03285	0.0255
1.936	0.03295	0.0249
1.937	0.0329	0.0252
1.938	0.0329	0.02475
1.939	0.0329	0.0246
1.94	0.0329	0.0246
1.941	0.0329	0.0249
1.942	0.0329	0.024
1.943	0.03295	0.02505
1.944	0.0329	0.02475
1.945	0.0329	0.02445
1.946	0.0329	0.0252
1.947	0.03295	0.0249
1.948	0.0329	0.0252
1.949	0.0329	0.0252
1.95	0.0329	0.0255
1.951	0.03295	0.0252
1.952	0.0329	0.0252
1.953	0.0329	0.0246
1.954	0.03285	0.0249
1.955	0.0329	0.02505
1.956	0.03295	0.0246
1.957	0.0329	0.0243
1.958	0.0328	0.02385
1.959	0.03295	0.02445
1.96	0.0329	0.02475
1.961	0.0329	0.0252
1.962	0.0329	0.0246
1.963	0.0329	0.0243
1.964	0.0329	0.0252
1.965	0.03285	0.02505
1.966	0.0329	0.02505
1.967	0.0329	0.0249
1.968	0.0329	0.02475
1.969	0.0329	0.0243
1.97	0.0329	0.0246
1.971	0.0329	0.02445
1.972	0.0329	0.02445
1.973	0.03285	0.0246
1.974	0.0329	0.02415
1.975	0.0329	0.0243
1.976	0.0329	0.0243
1.977	0.0329	0.02445
1.978	0.0329	0.02445
1.979	0.0329	0.02475
1.98	0.03295	0.02445
1.981	0.0329	0.02475
1.982	0.0329	0.02505
1.983	0.03295	0.02445
1.984	0.0329	0.02505
1.985	0.0329	0.0246
1.986	0.0329	0.02445
1.987	0.0329	0.02385
1.988	0.03295	0.02445
1.989	0.0329	0.0249
1.99	0.03295	0.02445
1.991	0.03285	0.0246
1.992	0.0329	0.02385
1.993	0.0329	0.0243
1.994	0.0329	0.02445
1.995	0.0329	0.02445
1.996	0.03295	0.0249
1.997	0.03295	0.0249
1.998	0.0329	0.02385
1.999	0.03295	0.02505
2	0.03285	0.0255
2.001	0.03285	0.0249
2.002	0.033	0.0252
2.003	0.0329	0.02475
2.004	0.03285	0.02445
2.005	0.03295	0.0252
2.006	0.0329	0.0252
2.007	0.0329	0.02475
2.008	0.03295	0.0249
2.009	0.03285	0.02415
2.01	0.03285	0.02505
2.011	0.0329	0.0252
2.012	0.033	0.0258
2.013	0.0329	0.02535
2.014	0.03285	0.0252
2.015	0.0329	0.02535
2.016	0.03295	0.0255
2.017	0.0329	0.02565
2.018	0.0329	0.02595
2.019	0.0329	0.02445
2.02	0.03285	0.02475
2.021	0.0329	0.02565
2.022	0.03295	0.02475
2.023	0.0329	0.0252
2.024	0.0329	0.02535
2.025	0.0329	0.02475
2.026	0.0329	0.0255
2.027	0.03285	0.02535
2.028	0.0329	0.0246
2.029	0.03295	0.02535
2.03	0.0329	0.0255
2.031	0.03285	0.02475
2.032	0.0329	0.02565
2.033	0.0329	0.02565
2.034	0.0329	0.02565
2.035	0.03295	0.02595
2.036	0.03285	0.02595
2.037	0.0329	0.0249
2.038	0.03295	0.0252
2.039	0.03285	0.02505
2.04	0.0329	0.02475
2.041	0.033	0.02595
2.042	0.0329	0.02475
2.043	0.0329	0.02505
2.044	0.03285	0.02505
2.045	0.0329	0.0252
2.046	0.03295	0.02535
2.047	0.03295	0.02535
2.048	0.0329	0.02565
2.049	0.0329	0.02505
2.05	0.03295	0.0255
2.051	0.03295	0.02505
2.052	0.03295	0.02595
2.053	0.0329	0.0249
2.054	0.03285	0.0252
2.055	0.0329	0.02505
2.056	0.03285	0.02535
2.057	0.03285	0.0252
2.058	0.03295	0.0246
2.059	0.03295	0.02505
2.06	0.0329	0.02505
2.061	0.0329	0.02475
2.062	0.03295	0.02595
2.063	0.0329	0.0255
2.064	0.03295	0.0252
2.065	0.0329	0.02595
2.066	0.0329	0.0255
2.067	0.03295	0.02535
2.068	0.03295	0.02535
2.069	0.0329	0.02535
2.07	0.0329	0.02535
2.071	0.0329	0.0255
2.072	0.0329	0.02475
2.073	0.03295	0.02505
2.074	0.0329	0.0255
2.075	0.0329	0.02505
2.076	0.0329	0.0249
2.077	0.03285	0.0249
2.078	0.0329	0.02505
2.079	0.03295	0.0255
2.08	0.0329	0.02565
2.081	0.03295	0.02535
2.082	0.0329	0.02535
2.083	0.03295	0.0258
2.084	0.03295	0.02535
2.085	0.0329	0.02565
2.086	0.0329	0.0261
2.087	0.0329	0.02565
2.088	0.03295	0.02535
2.089	0.0329	0.0252
2.09	0.03295	0.0249
2.091	0.0329	0.02505
2.092	0.03285	0.0249
2.093	0.03295	0.02505
2.094	0.033	0.0258
2.095	0.03295	0.0255
2.096	0.0329	0.02565
2.097	0.03295	0.0255
2.098	0.0329	0.0258
2.099	0.03295	0.0255
2.1	0.0329	0.0255
2.101	0.0329	0.02595
2.102	0.03295	0.02565
2.103	0.0329	0.0255
2.104	0.0329	0.0252
2.105	0.0329	0.0255
2.106	0.03285	0.0255
2.107	0.0329	0.0249
2.108	0.0329	0.0249
2.109	0.0329	0.0252
2.11	0.0329	0.02565
2.111	0.0329	0.02535
2.112	0.0329	0.02565
2.113	0.0329	0.02595
2.114	0.03285	0.02565
2.115	0.03295	0.0261
2.116	0.0329	0.0261
2.117	0.0329	0.0258
2.118	0.0329	0.0249
2.119	0.03295	0.0255
2.12	0.0329	0.0252
2.121	0.03285	0.02535
2.122	0.03295	0.0255
2.123	0.0329	0.02505
2.124	0.0329	0.02505
2.125	0.0329	0.0246
2.126	0.03285	0.02565
2.127	0.0329	0.0261
2.128	0.03285	0.02535
2.129	0.0329	0.02445
2.13	0.0329	0.0249
2.131	0.03295	0.0255
2.132	0.03285	0.0255
2.133	0.03295	0.0258
2.134	0.0329	0.0261
2.135	0.0329	0.02565
2.136	0.0329	0.02535
2.137	0.0329	0.02535
2.138	0.0329	0.0255
2.139	0.03295	0.0258
2.14	0.0329	0.0249
2.141	0.03285	0.0246
2.142	0.0329	0.0249
2.143	0.03295	0.02505
2.144	0.0329	0.02505
2.145	0.033	0.02505
2.146	0.033	0.02505
2.147	0.03295	0.0255
2.148	0.03295	0.0258
2.149	0.03285	0.02595
2.15	0.03295	0.02565
2.151	0.03295	0.0252
2.152	0.0329	0.02565
2.153	0.03295	0.0249
2.154	0.03295	0.02535
2.155	0.0329	0.0252
2.156	0.0329	0.0249
2.157	0.0329	0.0246
2.158	0.0328	0.0252
2.159	0.0329	0.02505
2.16	0.0329	0.0252
2.161	0.0329	0.02535
2.162	0.03285	0.0249
2.163	0.03285	0.0252
2.164	0.0329	0.02535
2.165	0.03295	0.02505
2.166	0.0329	0.02565
2.167	0.0329	0.0255
2.168	0.0329	0.0255
2.169	0.03295	0.0255
2.17	0.0329	0.0255
2.171	0.0329	0.0249
2.172	0.0329	0.02535
2.173	0.0329	0.02445
2.174	0.0329	0.0243
2.175	0.0329	0.0252
2.176	0.0329	0.02475
2.177	0.03285	0.0249
2.178	0.03285	0.02445
2.179	0.03295	0.0252
2.18	0.03295	0.0252
2.181	0.0329	0.0255
2.182	0.0329	0.0252
2.183	0.0329	0.02535
2.184	0.0329	0.02535
2.185	0.0329	0.02505
2.186	0.0329	0.0252
2.187	0.03295	0.02535
2.188	0.0329	0.02475
2.189	0.0329	0.02415
2.19	0.03295	0.02475
2.191	0.03295	0.0249
2.192	0.03285	0.02445
2.193	0.03285	0.02505
2.194	0.03285	0.0246
2.195	0.0329	0.02475
2.196	0.0329	0.0252
2.197	0.0329	0.0252
2.198	0.0329	0.02475
2.199	0.03295	0.0252
2.2	0.0329	0.02565
2.201	0.03285	0.02505
2.202	0.0329	0.02505
2.203	0.0329	0.0249
2.204	0.0329	0.0249
2.205	0.0329	0.02475
2.206	0.03295	0.02445
2.207	0.03285	0.0243
2.208	0.0329	0.02475
2.209	0.03295	0.0243
2.21	0.0329	0.024
2.211	0.03295	0.0246
2.212	0.0329	0.02475
2.213	0.0329	0.0249
2.214	0.0329	0.02535
2.215	0.033	0.0246
2.216	0.03295	0.02445
2.217	0.0329	0.02535
2.218	0.0329	0.02475
2.219	0.0329	0.02475
2.22	0.0329	0.0249
2.221	0.0329	0.0246
2.222	0.03295	0.02475
2.223	0.0329	0.02475
2.224	0.03295	0.024
2.225	0.0329	0.02415
2.226	0.033	0.02445
2.227	0.03285	0.0237
2.228	0.0329	0.0249
2.229	0.0329	0.0249
2.23	0.0329	0.02475
2.231	0.03295	0.02445
2.232	0.0329	0.02475
2.233	0.0329	0.0249
2.234	0.03285	0.0246
2.235	0.03285	0.02475
2.236	0.0329	0.02505
2.237	0.0329	0.02475
2.238	0.03285	0.02415
2.239	0.0329	0.02475
2.24	0.03285	0.02445
2.241	0.0329	0.0243
2.242	0.0329	0.02385
2.243	0.03285	0.0243
2.244	0.0329	0.02445
2.245	0.0329	0.02385
2.246	0.0329	0.0249
2.247	0.0329	0.02565
2.248	0.0329	0.02535
2.249	0.0329	0.02505
2.25	0.03295	0.0252
2.251	0.03285	0.02535
2.252	0.03295	0.02505
2.253	0.0329	0.02505
2.254	0.03285	0.0243
2.255	0.0329	0.0246
2.256	0.0329	0.02505
2.257	0.03295	0.0246
2.258	0.03285	0.02505
2.259	0.0329	0.0255
2.26	0.0329	0.0246
2.261	0.03295	0.02505
2.262	0.0329	0.0249
2.263	0.03285	0.02385
2.264	0.03295	0.0252
2.265	0.0329	0.0258
2.266	0.0329	0.02505
2.267	0.03295	0.02505
2.268	0.0329	0.0255
2.269	0.0329	0.02535
2.27	0.0329	0.02595
2.271	0.0329	0.02475
2.272	0.0329	0.02445
2.273	0.0329	0.02505
2.274	0.0329	0.02565
2.275	0.0329	0.02505
2.276	0.0329	0.0249
2.277	0.03295	0.0252
2.278	0.03295	0.02505
2.279	0.0329	0.0255
2.28	0.0329	0.02565
2.281	0.03295	0.0252
2.282	0.0329	0.0255
2.283	0.0329	0.02565
2.284	0.0329	0.0249
2.285	0.03285	0.0258
2.286	0.03295	0.02625
2.287	0.03295	0.0252
2.288	0.0329	0.0255
2.289	0.0329	0.0252
2.29	0.0329	0.02505
2.291	0.0329	0.0255
2.292	0.03295	0.0249
2.293	0.03285	0.0252
2.294	0.0329	0.02505
2.295	0.03285	0.02505
2.296	0.03295	0.0255
2.297	0.0329	0.0258
2.298	0.0329	0.0252
2.299	0.03295	0.0255
2.3	0.03295	0.02595
2.301	0.0329	0.0258
2.302	0.03295	0.0255
2.303	0.03285	0.0252
2.304	0.0329	0.0255
2.305	0.0329	0.0246
2.306	0.0329	0.02535
2.307	0.0329	0.02505
2.308	0.0329	0.02475
2.309	0.0329	0.02505
2.31	0.03295	0.0252
2.311	0.0329	0.02505
2.312	0.03295	0.0258
2.313	0.03295	0.0255
2.314	0.0329	0.02475
2.315	0.0329	0.02565
2.316	0.033	0.02505
2.317	0.03295	0.0255
2.318	0.0329	0.02595
2.319	0.03295	0.0252
2.32	0.03295	0.02535
2.321	0.03295	0.02565
2.322	0.033	0.02445
2.323	0.03285	0.02475
2.324	0.03285	0.0249
2.325	0.033	0.0243
2.326	0.03295	0.0249
2.327	0.0329	0.0258
2.328	0.03285	0.02565
2.329	0.03285	0.02535
2.33	0.03285	0.02535
2.331	0.0329	0.0252
2.332	0.0329	0.0252
2.333	0.0329	0.0252
2.334	0.03285	0.0258
2.335	0.03295	0.02535
2.336	0.03285	0.0249
2.337	0.0329	0.02445
2.338	0.0329	0.0255
2.339	0.03285	0.0255
2.34	0.0329	0.0246
2.341	0.0329	0.02475
2.342	0.03295	0.0249
2.343	0.0329	0.02535
2.344	0.03285	0.0246
2.345	0.0329	0.02565
2.346	0.0328	0.02505
2.347	0.03295	0.02475
2.348	0.03295	0.0255
2.349	0.0329	0.0249
2.35	0.0329	0.02535
2.351	0.0329	0.02505
2.352	0.03285	0.0255
2.353	0.0329	0.0246
2.354	0.0329	0.02505
2.355	0.0329	0.02445
2.356	0.0329	0.0255
2.357	0.0329	0.02535
2.358	0.03285	0.02385
2.359	0.03295	0.0252
2.36	0.03285	0.0252
2.361	0.0329	0.0246
2.362	0.0329	0.0246
2.363	0.03285	0.02505
2.364	0.03285	0.0249
2.365	0.0329	0.02505
2.366	0.03285	0.02505
2.367	0.0329	0.0255
2.368	0.03295	0.0255
2.369	0.03295	0.0243
2.37	0.0329	0.02445
2.371	0.0329	0.02475
2.372	0.0329	0.0246
2.373	0.03295	0.02445
2.374	0.0329	0.0243
2.375	0.0329	0.0243
2.376	0.0329	0.0243
2.377	0.03285	0.0249
2.378	0.0329	0.02475
2.379	0.03285	0.02475
2.38	0.0329	0.0249
2.381	0.03285	0.02535
2.382	0.0329	0.02505
2.383	0.0329	0.02505
2.384	0.0329	0.02475
2.385	0.0329	0.02475
2.386	0.0329	0.0246
2.387	0.0329	0.024
2.388	0.0329	0.0243
2.389	0.0329	0.0246
2.39	0.0329	0.02535
2.391	0.0329	0.0246
2.392	0.03285	0.0249
2.393	0.0329	0.02415
2.394	0.0328	0.0243
2.395	0.0329	0.02475
2.396	0.0329	0.02535
2.397	0.03285	0.02475
2.398	0.03295	0.02475
2.399	0.03295	0.0252
2.4	0.0329	0.02535
2.401	0.03285	0.0261
2.402	0.0329	0.02475
2.403	0.03295	0.02445
2.404	0.0329	0.02475
2.405	0.0329	0.02475
2.406	0.03295	0.0252
2.407	0.0329	0.0249
2.408	0.0329	0.02475
2.409	0.03295	0.02415
2.41	0.03295	0.0252
2.411	0.03285	0.02535
2.412	0.0329	0.02595
2.413	0.03285	0.02535
2.414	0.03295	0.0249
2.415	0.0329	0.02565
2.416	0.03285	0.02565
2.417	0.03285	0.0258
2.418	0.03285	0.02595
2.419	0.0329	0.0255
2.42	0.03295	0.02475
2.421	0.0329	0.02535
2.422	0.03295	0.0258
2.423	0.0329	0.02595
2.424	0.0329	0.0252
2.425	0.0329	0.02415
2.426	0.0329	0.02505
2.427	0.0329	0.0255
2.428	0.0329	0.02565
2.429	0.03295	0.02595
2.43	0.0329	0.02565
2.431	0.03285	0.02565
2.432	0.0329	0.02625
2.433	0.03285	0.02595
2.434	0.03295	0.0261
2.435	0.03295	0.0261
2.436	0.0329	0.02535
2.437	0.0329	0.02625
2.438	0.03285	0.0252
2.439	0.0329	0.0249
2.44	0.03295	0.0255
2.441	0.0329	0.02535
2.442	0.0329	0.02475
2.443	0.0329	0.02565
2.444	0.0329	0.0252
2.445	0.0329	0.02565
2.446	0.03295	0.02565
2.447	0.0329	0.02535
2.448	0.0329	0.0255
2.449	0.03295	0.0252
2.45	0.03295	0.02535
2.451	0.03295	0.02595
2.452	0.03295	0.0261
2.453	0.0329	0.0255
2.454	0.03285	0.0255
2.455	0.03285	0.0252
2.456	0.03285	0.02535
2.457	0.03295	0.02505
2.458	0.03295	0.02475
2.459	0.03285	0.0249
2.46	0.0329	0.0252
2.461	0.0329	0.0255
2.462	0.03285	0.02535
2.463	0.033	0.02535
2.464	0.0329	0.0258
2.465	0.03285	0.0252
2.466	0.0329	0.02535
2.467	0.0329	0.0252
2.468	0.03285	0.0252
2.469	0.0329	0.02565
2.47	0.03285	0.02505
2.471	0.0329	0.0249
2.472	0.0329	0.0249
2.473	0.0329	0.0252
2.474	0.0329	0.0246
2.475	0.03285	0.0249
2.476	0.03295	0.0249
2.477	0.03285	0.02475
2.478	0.0329	0.02535
2.479	0.03295	0.02535
2.48	0.0329	0.02505
2.481	0.03295	0.0255
2.482	0.0329	0.02535
2.483	0.0329	0.0252
2.484	0.0329	0.0252
2.485	0.0329	0.02475
2.486	0.03295	0.02505
2.487	0.0329	0.0258
2.488	0.0329	0.0255
2.489	0.0329	0.02445
2.49	0.03285	0.02475
2.491	0.0329	0.0249
2.492	0.03295	0.0246
2.493	0.0329	0.02475
2.494	0.0329	0.0252
2.495	0.0329	0.02535
2.496	0.03295	0.02535
2.497	0.0329	0.0258
2.498	0.0329	0.0255
2.499	0.03295	0.0252
2.5	0.0329	0.02565
2.501	0.03295	0.02535
2.502	0.03295	0.0258
2.503	0.0329	0.0255
2.504	0.0329	0.0252
2.505	0.0329	0.02535
2.506	0.03295	0.02505
2.507	0.03285	0.02445
2.508	0.0329	0.0249
2.509	0.0329	0.02505
2.51	0.0329	0.0246
2.511	0.0329	0.0249
2.512	0.03295	0.02535
2.513	0.03295	0.0252
2.514	0.0329	0.02565
2.515	0.03285	0.02595
2.516	0.0329	0.0252
2.517	0.03285	0.0258
2.518	0.0329	0.0252
2.519	0.03295	0.0252
2.52	0.03295	0.0255
2.521	0.0329	0.02505
2.522	0.03295	0.0249
2.523	0.03285	0.0252
2.524	0.03295	0.02535
2.525	0.0329	0.02475
2.526	0.03295	0.02505
2.527	0.0329	0.02505
2.528	0.0329	0.0249
2.529	0.0329	0.02505
2.53	0.0329	0.0252
2.531	0.03295	0.0249
2.532	0.0329	0.0258
2.533	0.0329	0.0261
2.534	0.03295	0.02565
2.535	0.0329	0.0252
2.536	0.0329	0.0249
2.537	0.0329	0.02505
2.538	0.03285	0.02505
2.539	0.0329	0.02505
2.54	0.03285	0.02445
2.541	0.0329	0.0249
2.542	0.03295	0.0249
2.543	0.0329	0.02535
2.544	0.0329	0.0252
2.545	0.0329	0.0249
2.546	0.0329	0.0249
2.547	0.0329	0.02475
2.548	0.0329	0.0255
2.549	0.0329	0.02535
2.55	0.03285	0.02565
2.551	0.033	0.02565
2.552	0.03295	0.02505
2.553	0.0329	0.02565
2.554	0.03295	0.02505
2.555	0.0329	0.02505
2.556	0.0329	0.0249
2.557	0.03295	0.0246
2.558	0.0329	0.02445
2.559	0.0329	0.02535
2.56	0.03295	0.02535
2.561	0.03285	0.02505
2.562	0.0329	0.02505
2.563	0.03295	0.0249
2.564	0.0329	0.0252
2.565	0.03295	0.02535
2.566	0.0329	0.02535
2.567	0.03295	0.0249
2.568	0.0329	0.0255
2.569	0.03295	0.02565
2.57	0.0329	0.0252
2.571	0.0329	0.0252
2.572	0.0329	0.0246
2.573	0.0329	0.0246
2.574	0.0329	0.02505
2.575	0.0329	0.0252
2.576	0.0329	0.0246
2.577	0.0329	0.02505
2.578	0.03285	0.02535
2.579	0.03295	0.02475
2.58	0.0329	0.02505
2.581	0.0329	0.02505
2.582	0.0329	0.02505
2.583	0.03295	0.0258
2.584	0.03285	0.02505
2.585	0.0329	0.0252
2.586	0.0329	0.02565
2.587	0.0329	0.02505
2.588	0.0329	0.0249
2.589	0.0329	0.0249
2.59	0.0329	0.0243
2.591	0.0329	0.0246
2.592	0.0329	0.0249
2.593	0.03295	0.0249
2.594	0.0329	0.02445
2.595	0.0329	0.0249
2.596	0.0329	0.02535
2.597	0.03295	0.0252
2.598	0.03285	0.0255
2.599	0.03295	0.0252
2.6	0.0329	0.0249
2.601	0.0329	0.0252
2.602	0.0329	0.02505
2.603	0.03295	0.02505
2.604	0.0329	0.0249
2.605	0.03295	0.02475
2.606	0.03295	0.0249
2.607	0.03285	0.02505
2.608	0.03295	0.0243
2.609	0.0329	0.0246
2.61	0.0329	0.02505
2.611	0.0329	0.02475
2.612	0.0329	0.0249
2.613	0.03295	0.0252
2.614	0.0329	0.02535
2.615	0.03285	0.0255
2.616	0.03295	0.0252
2.617	0.03285	0.02505
2.618	0.0329	0.0246
2.619	0.0329	0.02475
2.62	0.0329	0.02445
2.621	0.0329	0.02505
2.622	0.0329	0.0249
2.623	0.0329	0.0246
2.624	0.03295	0.02475
2.625	0.0329	0.02445
2.626	0.03285	0.02445
2.627	0.0328	0.02445
2.628	0.03295	0.0252
2.629	0.0329	0.02475
2.63	0.0329	0.02505
2.631	0.0329	0.02505
2.632	0.0329	0.02505
2.633	0.03295	0.0252
2.634	0.0329	0.0252
2.635	0.03295	0.0249
2.636	0.03295	0.0246
2.637	0.0329	0.02535
2.638	0.0329	0.0246
2.639	0.03285	0.02505
2.64	0.03285	0.0249
2.641	0.0329	0.0246
2.642	0.03285	0.0246
2.643	0.03285	0.02505
2.644	0.0329	0.02445
2.645	0.0329	0.0249
2.646	0.0329	0.02535
2.647	0.0329	0.02505
2.648	0.0329	0.0255
2.649	0.0329	0.0255
2.65	0.03285	0.0255
2.651	0.0329	0.02535
2.652	0.03295	0.0252
2.653	0.0329	0.0249
2.654	0.0329	0.0255
2.655	0.03295	0.02505
2.656	0.0329	0.0249
2.657	0.0329	0.02505
2.658	0.03285	0.02475
2.659	0.0329	0.02475
2.66	0.0329	0.0249
2.661	0.0329	0.02505
2.662	0.0329	0.02475
2.663	0.03285	0.0258
2.664	0.03295	0.02535
2.665	0.0329	0.02505
2.666	0.0329	0.0258
2.667	0.0329	0.02565
2.668	0.0329	0.02535
2.669	0.0329	0.0252
2.67	0.03295	0.0252
2.671	0.0329	0.02505
2.672	0.03285	0.0252
2.673	0.0329	0.02475
2.674	0.03295	0.02475
2.675	0.0329	0.0249
2.676	0.03285	0.0249
2.677	0.03295	0.02505
2.678	0.0329	0.02505
2.679	0.03295	0.0252
2.68	0.0329	0.02535
2.681	0.0329	0.02565
2.682	0.03295	0.0249
2.683	0.0329	0.0255
2.684	0.0329	0.02565
2.685	0.03285	0.0252
2.686	0.03295	0.0252
2.687	0.0329	0.02505
2.688	0.03285	0.02505
2.689	0.0329	0.02505
2.69	0.0329	0.0249
2.691	0.03285	0.02445
2.692	0.0329	0.0246
2.693	0.0329	0.0252
2.694	0.03295	0.0249
2.695	0.0329	0.02505
2.696	0.03295	0.0252
2.697	0.03285	0.0252
2.698	0.0329	0.0249
2.699	0.03295	0.0255
2.7	0.0329	0.0252
2.701	0.0329	0.02535
2.702	0.03285	0.0258
2.703	0.03285	0.02475
2.704	0.03295	0.02505
2.705	0.03295	0.02475
2.706	0.03285	0.0249
2.707	0.0329	0.02445
2.708	0.03285	0.02505
2.709	0.03295	0.0246
2.71	0.0329	0.02505
2.711	0.0329	0.02505
2.712	0.03295	0.02475
2.713	0.0329	0.0252
2.714	0.0329	0.0249
2.715	0.0329	0.02505
2.716	0.0329	0.02535
2.717	0.0329	0.02595
2.718	0.0329	0.02505
2.719	0.03295	0.0258
2.72	0.03285	0.02535
2.721	0.03285	0.02445
2.722	0.0329	0.0246
2.723	0.03285	0.0243
2.724	0.03285	0.02445
2.725	0.03295	0.02475
2.726	0.0329	0.0249
2.727	0.03285	0.0249
2.728	0.0329	0.0252
2.729	0.0329	0.02535
2.73	0.0329	0.0249
2.731	0.03285	0.0255
2.732	0.0329	0.0249
2.733	0.0329	0.0252
2.734	0.03285	0.0255
2.735	0.03295	0.02565
2.736	0.0329	0.02535
2.737	0.03285	0.02565
2.738	0.03295	0.02535
2.739	0.0329	0.02475
2.74	0.03285	0.02505
2.741	0.03295	0.0243
2.742	0.0329	0.02445
2.743	0.0329	0.02535
2.744	0.0329	0.0249
2.745	0.03285	0.0249
2.746	0.03295	0.0255
2.747	0.03295	0.0255
2.748	0.0329	0.0255
2.749	0.03285	0.0258
2.75	0.0329	0.02505
2.751	0.0329	0.0249
2.752	0.03285	0.0258
2.753	0.03295	0.0252
2.754	0.0329	0.02475
2.755	0.0329	0.0255
2.756	0.03285	0.0252
2.757	0.0329	0.0249
2.758	0.03295	0.02535
2.759	0.0329	0.02475
2.76	0.0329	0.02475
2.761	0.0329	0.0255
2.762	0.0329	0.02505
2.763	0.0329	0.0255
2.764	0.03295	0.02535
2.765	0.033	0.02565
2.766	0.0329	0.02505
2.767	0.0329	0.0258
2.768	0.0329	0.02565
2.769	0.0329	0.02535
2.77	0.0329	0.0258
2.771	0.03295	0.0252
2.772	0.0329	0.02475
2.773	0.0329	0.0255
2.774	0.03285	0.02535
2.775	0.0329	0.0249
2.776	0.033	0.02535
2.777	0.0329	0.02475
2.778	0.0329	0.0252
2.779	0.0329	0.02595
2.78	0.03295	0.02535
2.781	0.03295	0.02535
2.782	0.0329	0.0255
2.783	0.03295	0.0258
2.784	0.0329	0.0255
2.785	0.03295	0.02625
2.786	0.03295	0.02505
2.787	0.03285	0.02505
2.788	0.0329	0.02565
2.789	0.0328	0.0249
2.79	0.0329	0.02505
2.791	0.0329	0.02505
2.792	0.0329	0.0246
2.793	0.0329	0.02505
2.794	0.03285	0.02565
2.795	0.03295	0.02475
2.796	0.03295	0.0252
2.797	0.0329	0.02595
2.798	0.03285	0.02565
2.799	0.03285	0.0261
2.8	0.0329	0.0255
2.801	0.0329	0.0252
2.802	0.0329	0.02505
2.803	0.0329	0.02565
2.804	0.03285	0.02535
2.805	0.03295	0.0252
2.806	0.03295	0.02505
2.807	0.0329	0.02475
2.808	0.03295	0.02505
2.809	0.0329	0.02565
2.81	0.0329	0.02505
2.811	0.0329	0.02445
2.812	0.03285	0.0249
2.813	0.0329	0.02445
2.814	0.0329	0.0252
2.815	0.0329	0.02565
2.816	0.033	0.0249
2.817	0.0329	0.02505
2.818	0.03285	0.02475
2.819	0.0329	0.02475
2.82	0.0329	0.0258
2.821	0.03285	0.02475
2.822	0.03285	0.02415
2.823	0.0329	0.02475
2.824	0.0329	0.0243
2.825	0.03295	0.0246
2.826	0.03285	0.0249
2.827	0.0329	0.02445
2.828	0.033	0.0249
2.829	0.03295	0.02475
2.83	0.03285	0.02535
2.831	0.03295	0.02535
2.832	0.0329	0.0249
2.833	0.0329	0.02505
2.834	0.03295	0.0246
2.835	0.03295	0.02445
2.836	0.03295	0.02505
2.837	0.0329	0.02445
2.838	0.03285	0.02445
2.839	0.0329	0.02475
2.84	0.0329	0.0243
2.841	0.0329	0.0246
2.842	0.03295	0.02475
2.843	0.0329	0.024
2.844	0.03295	0.02445
2.845	0.03285	0.02445
2.846	0.0329	0.02415
2.847	0.0329	0.0246
2.848	0.03285	0.02475
2.849	0.0329	0.0249
2.85	0.0329	0.0252
2.851	0.033	0.0249
2.852	0.03285	0.024
2.853	0.03285	0.0252
2.854	0.03295	0.02445
2.855	0.03295	0.0243
2.856	0.0329	0.02475
2.857	0.0329	0.02445
2.858	0.03285	0.02445
2.859	0.0329	0.0246
2.86	0.0328	0.0246
2.861	0.03285	0.02475
2.862	0.0329	0.02505
2.863	0.03295	0.0243
2.864	0.0329	0.0249
2.865	0.0329	0.0249
2.866	0.0329	0.0252
2.867	0.0329	0.02535
2.868	0.03285	0.02475
2.869	0.0329	0.0246
2.87	0.0329	0.0246
2.871	0.0329	0.0249
2.872	0.0329	0.0246
2.873	0.0329	0.0243
2.874	0.03295	0.02385
2.875	0.03285	0.02445
2.876	0.0329	0.02505
2.877	0.03295	0.0246
2.878	0.0329	0.02445
2.879	0.03295	0.0246
2.88	0.0329	0.0252
2.881	0.03285	0.02535
2.882	0.0329	0.02475
2.883	0.0329	0.02505
2.884	0.0329	0.0243
2.885	0.0329	0.0252
2.886	0.0329	0.02535
2.887	0.0329	0.02415
2.888	0.03295	0.0246
2.889	0.03295	0.0255
2.89	0.0329	0.02535
2.891	0.0329	0.02475
2.892	0.0329	0.02445
2.893	0.03295	0.0246
2.894	0.03295	0.0258
2.895	0.03285	0.0252
2.896	0.03285	0.0243
2.897	0.0329	0.0249
2.898	0.03295	0.02565
2.899	0.03285	0.02535
2.9	0.03295	0.0255
2.901	0.03285	0.02505
2.902	0.0329	0.02535
2.903	0.03285	0.02535
2.904	0.03295	0.0252
2.905	0.03285	0.02415
2.906	0.0329	0.0246
2.907	0.03295	0.02505
2.908	0.0329	0.02475
2.909	0.03295	0.02475
2.91	0.0329	0.02475
2.911	0.03285	0.02535
2.912	0.03285	0.0249
2.913	0.03295	0.02535
2.914	0.0329	0.0249
2.915	0.03295	0.02565
2.916	0.03295	0.02535
2.917	0.03285	0.0252
2.918	0.03295	0.0255
2.919	0.03285	0.02535
2.92	0.0329	0.0255
2.921	0.0329	0.02475
2.922	0.0329	0.02535
2.923	0.03295	0.0246
2.924	0.0329	0.0246
2.925	0.03285	0.0249
2.926	0.03285	0.02445
2.927	0.03295	0.0249
2.928	0.0329	0.0255
2.929	0.03295	0.02535
2.93	0.0329	0.02535
2.931	0.03295	0.02565
2.932	0.0329	0.0252
2.933	0.0329	0.02535
2.934	0.0328	0.0252
2.935	0.03285	0.02475
2.936	0.0329	0.02565
2.937	0.0329	0.0246
2.938	0.0329	0.02445
2.939	0.03295	0.02475
2.94	0.03295	0.02565
2.941	0.0329	0.02505
2.942	0.0329	0.0249
2.943	0.03285	0.02475
2.944	0.03285	0.0246
2.945	0.0329	0.02505
2.946	0.0329	0.0249
2.947	0.03295	0.02535
2.948	0.0329	0.02505
2.949	0.03295	0.02535
2.95	0.03295	0.0252
2.951	0.0329	0.0261
2.952	0.0329	0.02505
2.953	0.0329	0.0249
2.954	0.0329	0.02535
2.955	0.03295	0.0249
2.956	0.03285	0.02475
2.957	0.0329	0.0249
2.958	0.03295	0.02415
2.959	0.0329	0.02475
2.96	0.0329	0.0249
2.961	0.03285	0.02505
2.962	0.0329	0.02535
2.963	0.03285	0.02535
2.964	0.03295	0.02535
2.965	0.0329	0.0249
2.966	0.03285	0.02565
2.967	0.0329	0.02535
2.968	0.03295	0.02565
2.969	0.0329	0.0252
2.97	0.0329	0.02475
2.971	0.0329	0.0243
2.972	0.03295	0.0249
2.973	0.0329	0.02565
2.974	0.0329	0.0246
2.975	0.03285	0.0249
2.976	0.0329	0.02475
2.977	0.0329	0.02505
2.978	0.0329	0.02535
2.979	0.0329	0.0255
2.98	0.0329	0.02505
2.981	0.03295	0.0255
2.982	0.0329	0.02505
2.983	0.0329	0.0249
2.984	0.0329	0.02595
2.985	0.03295	0.0255
2.986	0.0329	0.0255
2.987	0.03285	0.0252
2.988	0.03285	0.0252
2.989	0.03295	0.0252
2.99	0.0329	0.0249
2.991	0.03295	0.0246
2.992	0.03295	0.02505
2.993	0.0329	0.0255
2.994	0.0329	0.02445
2.995	0.0329	0.02535
2.996	0.0329	0.02535
2.997	0.03295	0.02535
2.998	0.0329	0.02535
2.999	0.03285	0.02565
3	0.033	0.02595
3.001	0.0329	0.02565
3.002	0.033	0.02565
3.003	0.0329	0.02505
3.004	0.0329	0.02505
3.005	0.0329	0.0252
3.006	0.0329	0.0252
3.007	0.03295	0.0252
3.008	0.03285	0.0252
3.009	0.03295	0.02505
3.01	0.03295	0.0255
3.011	0.03295	0.0252
3.012	0.0329	0.02505
3.013	0.0329	0.02565
3.014	0.0329	0.02565
3.015	0.0329	0.0255
3.016	0.0329	0.02565
3.017	0.03285	0.0258
3.018	0.0329	0.02535
3.019	0.03295	0.0255
3.02	0.0329	0.02595
3.021	0.03285	0.0258
3.022	0.0329	0.0249
3.023	0.0329	0.02505
3.024	0.03285	0.0249
3.025	0.03285	0.0243
3.026	0.03285	0.02535
3.027	0.0329	0.02535
3.028	0.0329	0.0255
3.029	0.0329	0.02565
3.03	0.0329	0.0255
3.031	0.0329	0.02565
3.032	0.0329	0.02565
3.033	0.0329	0.0252
3.034	0.0329	0.0255
3.035	0.0329	0.0258
3.036	0.0329	0.0249
3.037	0.0329	0.0255
3.038	0.0329	0.02565
3.039	0.03285	0.0249
3.04	0.0329	0.02535
3.041	0.0329	0.02535
3.042	0.0329	0.02505
3.043	0.03295	0.02475
3.044	0.0329	0.0249
3.045	0.0329	0.0249
3.046	0.03295	0.0255
3.047	0.03285	0.0252
3.048	0.0329	0.02535
3.049	0.03295	0.02625
3.05	0.0329	0.02535
3.051	0.0329	0.0252
3.052	0.03295	0.02565
3.053	0.0329	0.02565
3.054	0.0329	0.0249
3.055	0.0329	0.02505
3.056	0.0329	0.02535
3.057	0.0329	0.02505
3.058	0.0329	0.0249
3.059	0.033	0.0246
3.06	0.03295	0.02535
3.061	0.03295	0.0252
3.062	0.0329	0.0252
3.063	0.0329	0.0249
3.064	0.03295	0.0246
3.065	0.03295	0.02505
3.066	0.0329	0.0255
3.067	0.03285	0.0258
3.068	0.0329	0.02565
3.069	0.0329	0.02505
3.07	0.0329	0.0249
3.071	0.03295	0.0255
3.072	0.0329	0.0249
3.073	0.0329	0.02475
3.074	0.03295	0.02535
3.075	0.03295	0.0243
3.076	0.03285	0.02475
3.077	0.0329	0.02505
3.078	0.0329	0.0252
3.079	0.0329	0.02535
3.08	0.03295	0.02475
3.081	0.0329	0.02445
3.082	0.03285	0.02565
3.083	0.03295	0.02535
3.084	0.03285	0.02535
3.085	0.03295	0.0255
3.086	0.03295	0.02535
3.087	0.0329	0.02445
3.088	0.0329	0.0252
3.089	0.0329	0.0249
3.09	0.0329	0.0249
3.091	0.03285	0.02415
3.092	0.0328	0.02445
3.093	0.0329	0.0249
3.094	0.03285	0.02505
3.095	0.03285	0.0252
3.096	0.03285	0.02475
3.097	0.0329	0.02505
3.098	0.0329	0.02535
3.099	0.0329	0.02535
3.1	0.0329	0.0255
3.101	0.0329	0.02505
3.102	0.0329	0.0246
3.103	0.0329	0.02475
3.104	0.03285	0.0249
3.105	0.03285	0.02475
3.106	0.03295	0.02535
3.107	0.0329	0.02475
3.108	0.0329	0.0243
3.109	0.03295	0.0249
3.11	0.0329	0.02475
3.111	0.03295	0.0249
3.112	0.03285	0.0249
3.113	0.03295	0.0249
3.114	0.03295	0.02475
3.115	0.03285	0.02535
3.116	0.03295	0.02505
3.117	0.0329	0.0249
3.118	0.0329	0.02475
3.119	0.0329	0.02505
3.12	0.0329	0.02535
3.121	0.0329	0.0249
3.122	0.03295	0.02475
3.123	0.0329	0.0243
3.124	0.0329	0.02445
3.125	0.0329	0.02415
3.126	0.0329	0.0246
3.127	0.0329	0.0255
3.128	0.0329	0.02475
3.129	0.0329	0.0246
3.13	0.0329	0.02535
3.131	0.03285	0.0246
3.132	0.0329	0.0249
3.133	0.0329	0.0255
3.134	0.0329	0.0246
3.135	0.0329	0.0249
3.136	0.03295	0.0252
3.137	0.0329	0.02475
3.138	0.0329	0.02445
3.139	0.0329	0.02475
3.14	0.03285	0.0246
3.141	0.0329	0.0249
3.142	0.0329	0.02445
3.143	0.03295	0.0243
3.144	0.0329	0.02475
3.145	0.0329	0.02445
3.146	0.03285	0.02505
3.147	0.03295	0.02535
3.148	0.0329	0.02565
3.149	0.0329	0.0246
3.15	0.0329	0.0252
3.151	0.0329	0.02535
3.152	0.0329	0.02505
3.153	0.03295	0.02475
3.154	0.03295	0.02475
3.155	0.0329	0.0249
3.156	0.03285	0.02445
3.157	0.0329	0.02475
3.158	0.03285	0.0249
3.159	0.033	0.02505
3.16	0.0329	0.0249
3.161	0.0329	0.02445
3.162	0.0329	0.0252
3.163	0.0329	0.02505
3.164	0.0329	0.02475
3.165	0.0329	0.02535
3.166	0.0329	0.02535
3.167	0.03285	0.02475
3.168	0.03285	0.0249
3.169	0.03295	0.0261
3.17	0.03295	0.0246
3.171	0.03295	0.0249
3.172	0.03285	0.02505
3.173	0.0329	0.02445
3.174	0.03295	0.02505
3.175	0.0329	0.02535
3.176	0.0329	0.0246
3.177	0.0329	0.0252
3.178	0.03295	0.0249
3.179	0.03295	0.0249
3.18	0.03285	0.02625
3.181	0.03285	0.02535
3.182	0.03295	0.0249
3.183	0.03285	0.02595
3.184	0.0329	0.02565
3.185	0.03285	0.02565
3.186	0.03285	0.0258
3.187	0.0329	0.02505
3.188	0.0329	0.0249
3.189	0.03295	0.02535
3.19	0.0329	0.0252
3.191	0.0329	0.0249
3.192	0.03285	0.0255
3.193	0.0329	0.0252
3.194	0.0329	0.02535
3.195	0.0329	0.0258
3.196	0.03295	0.02505
3.197	0.0329	0.02535
3.198	0.03295	0.02595
3.199	0.0329	0.0258
3.2	0.03295	0.02565
3.201	0.03285	0.0255
3.202	0.0329	0.0255
3.203	0.0329	0.0255
3.204	0.0329	0.02565
3.205	0.0329	0.02535
3.206	0.0329	0.0249
3.207	0.0329	0.02505
3.208	0.03295	0.02535
3.209	0.03295	0.02535
3.21	0.0329	0.0255
3.211	0.03295	0.02535
3.212	0.03285	0.02415
3.213	0.03295	0.02565
3.214	0.03295	0.0258
3.215	0.0329	0.02595
3.216	0.0329	0.0258
3.217	0.0329	0.0258
3.218	0.03285	0.02505
3.219	0.0329	0.02595
3.22	0.03295	0.02595
3.221	0.0329	0.02505
3.222	0.03295	0.02505
3.223	0.03285	0.0243
3.224	0.03295	0.0246
3.225	0.03285	0.02535
3.226	0.0329	0.0249
3.227	0.0329	0.02505
3.228	0.0329	0.0252
3.229	0.03295	0.0246
3.23	0.0329	0.02505
3.231	0.0329	0.02595
3.232	0.0329	0.02505
3.233	0.0329	0.0252
3.234	0.03285	0.02505
3.235	0.0329	0.0249
3.236	0.0329	0.02535
3.237	0.0329	0.02535
3.238	0.03295	0.0243
3.239	0.033	0.02445
3.24	0.03285	0.02445
3.241	0.03285	0.0246
3.242	0.03295	0.02505
3.243	0.0329	0.02475
3.244	0.03285	0.02505
3.245	0.0329	0.0249
3.246	0.03285	0.0255
3.247	0.0329	0.02505
3.248	0.0329	0.0249
3.249	0.0329	0.02535
3.25	0.0329	0.02535
3.251	0.03285	0.02505
3.252	0.03295	0.02505
3.253	0.0329	0.0252
3.254	0.0329	0.02475
3.255	0.03295	0.0255
3.256	0.03285	0.02475
3.257	0.03285	0.0249
3.258	0.03285	0.02475
3.259	0.03285	0.0246
3.26	0.0329	0.0252
3.261	0.03295	0.0252
3.262	0.03285	0.0252
3.263	0.03285	0.0252
3.264	0.0329	0.0252
3.265	0.03285	0.02535
3.266	0.03295	0.02565
3.267	0.03285	0.0252
3.268	0.03285	0.0249
3.269	0.03295	0.02535
3.27	0.03285	0.02595
3.271	0.03285	0.02535
3.272	0.0329	0.02505
3.273	0.03295	0.0252
3.274	0.0329	0.0252
3.275	0.03295	0.02505
3.276	0.0329	0.0249
3.277	0.0329	0.02475
3.278	0.03295	0.02505
3.279	0.03285	0.02625
3.28	0.0329	0.0252
3.281	0.03285	0.02535
3.282	0.03285	0.0258
3.283	0.0329	0.0258
3.284	0.03295	0.0258
3.285	0.03295	0.02535
3.286	0.0329	0.02475
3.287	0.0329	0.0249
3.288	0.03285	0.0258
3.289	0.03295	0.0246
3.29	0.0329	0.02505
3.291	0.03285	0.02475
3.292	0.0329	0.0249
3.293	0.0328	0.02565
3.294	0.0329	0.0249
3.295	0.03295	0.02445
3.296	0.03285	0.0255
3.297	0.03285	0.0261
3.298	0.0329	0.02475
3.299	0.03285	0.0252
3.3	0.03295	0.02535
3.301	0.0329	0.02535
3.302	0.0329	0.0258
3.303	0.0329	0.02505
3.304	0.0329	0.0243
3.305	0.03295	0.0249
3.306	0.033	0.02535
3.307	0.0329	0.0243
3.308	0.03285	0.0243
3.309	0.03285	0.024
3.31	0.0329	0.02505
3.311	0.0329	0.02505
3.312	0.03285	0.0243
3.313	0.03285	0.02475
3.314	0.0329	0.0249
3.315	0.03285	0.02565
3.316	0.03295	0.0246
3.317	0.03295	0.0252
3.318	0.0329	0.0249
3.319	0.03295	0.02475
3.32	0.0329	0.0246
3.321	0.0329	0.0246
3.322	0.0329	0.0243
3.323	0.0329	0.024
3.324	0.0329	0.02475
3.325	0.03285	0.0243
3.326	0.03285	0.02415
3.327	0.0329	0.02415
3.328	0.0329	0.0243
3.329	0.0329	0.0249
3.33	0.03295	0.02475
3.331	0.0329	0.0249
3.332	0.03285	0.02475
3.333	0.03295	0.02505
3.334	0.0328	0.02475
3.335	0.0329	0.02505
3.336	0.0329	0.0246
3.337	0.03295	0.02415
3.338	0.03295	0.0243
3.339	0.0329	0.02475
3.34	0.0329	0.0249
3.341	0.03285	0.02445
3.342	0.0329	0.0246
3.343	0.03295	0.02445
3.344	0.0329	0.02445
3.345	0.03285	0.02445
3.346	0.03295	0.02445
3.347	0.0329	0.02505
3.348	0.03295	0.0252
3.349	0.0329	0.02505
3.35	0.0329	0.0255
3.351	0.0329	0.0252
3.352	0.0329	0.02505
3.353	0.0329	0.0252
3.354	0.03285	0.02445
3.355	0.0329	0.0243
3.356	0.03295	0.0246
3.357	0.0329	0.02475
3.358	0.03295	0.0246
3.359	0.03295	0.0249
3.36	0.0329	0.0246
3.361	0.03285	0.0249
3.362	0.03285	0.0255
3.363	0.0329	0.0249
3.364	0.03295	0.02475
3.365	0.03295	0.0249
3.366	0.0329	0.0249
3.367	0.0329	0.02505
3.368	0.0329	0.0258
3.369	0.03295	0.02505
3.37	0.0329	0.0249
3.371	0.03295	0.0252
3.372	0.03285	0.02505
3.373	0.0329	0.02505
3.374	0.0329	0.02475
3.375	0.03295	0.024
3.376	0.0329	0.02475
3.377	0.0329	0.02505
3.378	0.03295	0.02505
3.379	0.03285	0.0252
3.38	0.03295	0.02535
3.381	0.0329	0.02475
3.382	0.03295	0.02535
3.383	0.0329	0.02565
3.384	0.03285	0.0252
3.385	0.0329	0.02505
3.386	0.0329	0.02475
3.387	0.03285	0.02475
3.388	0.0329	0.0249
3.389	0.0329	0.0249
3.39	0.03285	0.02475
3.391	0.033	0.02505
3.392	0.0329	0.0246
3.393	0.0329	0.02475
3.394	0.0329	0.0252
3.395	0.03285	0.0252
3.396	0.03285	0.02505
3.397	0.03285	0.02505
3.398	0.03295	0.02505
3.399	0.0329	0.0252
3.4	0.0329	0.02565
3.401	0.03295	0.0255
3.402	0.03295	0.02475
3.403	0.03285	0.0249
3.404	0.0329	0.02445
3.405	0.0329	0.02475
3.406	0.0329	0.02505
3.407	0.0329	0.02475
3.408	0.0329	0.02445
3.409	0.03285	0.02505
3.41	0.03295	0.0249
3.411	0.03295	0.0246
3.412	0.03285	0.02505
3.413	0.0329	0.02475
3.414	0.0329	0.0249
3.415	0.0329	0.0255
3.416	0.03295	0.02535
3.417	0.0329	0.0252
3.418	0.03295	0.0255
3.419	0.0329	0.02535
3.42	0.0329	0.02535
3.421	0.03285	0.0252
3.422	0.03295	0.0249
3.423	0.0329	0.02445
3.424	0.0329	0.0252
3.425	0.03295	0.0249
3.426	0.0329	0.02445
3.427	0.0329	0.02505
3.428	0.0329	0.02505
3.429	0.0329	0.0249
3.43	0.03295	0.02565
3.431	0.0329	0.0252
3.432	0.03285	0.02445
3.433	0.03295	0.02565
3.434	0.0329	0.02535
3.435	0.0329	0.02505
3.436	0.03285	0.0255
3.437	0.0329	0.0249
3.438	0.0329	0.0246
3.439	0.0329	0.0255
3.44	0.0329	0.0246
3.441	0.03285	0.024
3.442	0.0329	0.02475
3.443	0.03285	0.02445
3.444	0.03295	0.0246
3.445	0.0329	0.02535
3.446	0.0329	0.0249
3.447	0.0329	0.0252
3.448	0.0329	0.0258
3.449	0.03295	0.02505
3.45	0.0329	0.0252
3.451	0.0329	0.0255
3.452	0.03295	0.02505
3.453	0.0329	0.0249
3.454	0.03295	0.0246
3.455	0.03295	0.0246
3.456	0.033	0.0249
3.457	0.03295	0.0252
3.458	0.0329	0.02415
3.459	0.033	0.0243
3.46	0.0329	0.02505
3.461	0.03285	0.0249
3.462	0.0329	0.02475
3.463	0.0329	0.02505
3.464	0.0329	0.0246
3.465	0.0329	0.0249
3.466	0.0329	0.0255
3.467	0.03295	0.02535
3.468	0.0329	0.0246
3.469	0.03285	0.02505
3.47	0.0329	0.0249
3.471	0.03295	0.0249
3.472	0.0329	0.02505
3.473	0.0329	0.02445
3.474	0.03295	0.0246
3.475	0.03295	0.0243
3.476	0.0329	0.02445
3.477	0.0329	0.02475
3.478	0.03285	0.02505
3.479	0.03285	0.02505
3.48	0.0329	0.0249
3.481	0.0329	0.0252
3.482	0.03295	0.02505
3.483	0.0329	0.02535
3.484	0.03285	0.02475
3.485	0.03285	0.02475
3.486	0.03295	0.0249
3.487	0.0329	0.02505
3.488	0.03285	0.02475
3.489	0.0329	0.0249
3.49	0.0329	0.02505
3.491	0.03285	0.0246
3.492	0.03285	0.0243
3.493	0.0329	0.02445
3.494	0.03285	0.0243
3.495	0.0329	0.02505
3.496	0.0329	0.02535
3.497	0.03285	0.02505
3.498	0.03295	0.02535
3.499	0.0329	0.0255
3.5	0.03285	0.0252
3.501	0.03295	0.0252
3.502	0.03285	0.02505
3.503	0.03285	0.02445
3.504	0.0329	0.0249
3.505	0.0329	0.0252
3.506	0.0329	0.02475
3.507	0.03295	0.02475
3.508	0.03295	0.0246
3.509	0.0329	0.02475
3.51	0.03285	0.02505
3.511	0.03295	0.02505
3.512	0.0329	0.02445
3.513	0.0329	0.0249
3.514	0.0329	0.0252
3.515	0.0329	0.0249
3.516	0.0329	0.0255
3.517	0.03295	0.02505
3.518	0.0329	0.0252
3.519	0.0329	0.0258
3.52	0.0329	0.02505
3.521	0.0329	0.02475
3.522	0.0329	0.0249
3.523	0.0329	0.0249
3.524	0.03285	0.02445
3.525	0.03285	0.0249
3.526	0.0329	0.02505
3.527	0.0329	0.0249
3.528	0.0329	0.0261
3.529	0.0329	0.02505
3.53	0.0329	0.02475
3.531	0.03285	0.0255
3.532	0.03285	0.0252
3.533	0.03295	0.02535
3.534	0.03285	0.0252
3.535	0.0329	0.0249
3.536	0.03295	0.0252
3.537	0.03295	0.02565
3.538	0.0329	0.02475
3.539	0.0329	0.02445
3.54	0.0329	0.0252
3.541	0.03285	0.02475
3.542	0.0329	0.02445
3.543	0.03295	0.02505
3.544	0.03295	0.0249
3.545	0.0329	0.0249
3.546	0.03295	0.02535
3.547	0.0329	0.0252
3.548	0.0329	0.02535
3.549	0.03295	0.02565
3.55	0.0329	0.02535
3.551	0.0329	0.02505
3.552	0.0329	0.0252
3.553	0.03295	0.0249
3.554	0.0329	0.0249
3.555	0.03295	0.0246
3.556	0.0329	0.0246
3.557	0.03285	0.02475
3.558	0.03295	0.02505
3.559	0.03295	0.0249
3.56	0.0329	0.02505
3.561	0.03285	0.0252
3.562	0.03285	0.02475
3.563	0.0329	0.02475
3.564	0.0329	0.02505
3.565	0.0329	0.0249
3.566	0.03295	0.02535
3.567	0.03285	0.02535
3.568	0.0329	0.02505
3.569	0.033	0.02505
3.57	0.0329	0.02505
3.571	0.0329	0.0246
3.572	0.03295	0.02475
3.573	0.0329	0.02475
3.574	0.03285	0.0243
3.575	0.0329	0.02445
3.576	0.0329	0.02475
3.577	0.03295	0.0252
3.578	0.03295	0.0252
3.579	0.03295	0.02505
3.58	0.0329	0.02445
3.581	0.0329	0.0246
3.582	0.0329	0.02505
3.583	0.0329	0.0255
3.584	0.03285	0.0252
3.585	0.0329	0.0249
3.586	0.03285	0.02445
3.587	0.0329	0.02475
3.588	0.0329	0.0249
3.589	0.03285	0.0243
3.59	0.0329	0.02415
3.591	0.0329	0.0243
3.592	0.03285	0.02445
3.593	0.0329	0.02505
3.594	0.0329	0.02505
3.595	0.03285	0.0246
3.596	0.03295	0.02475
3.597	0.0329	0.02505
3.598	0.03285	0.02445
3.599	0.0329	0.02505
3.6	0.0329	0.02505
3.601	0.03295	0.02505
3.602	0.0329	0.0252
3.603	0.03285	0.02475
3.604	0.0329	0.02445
3.605	0.0329	0.02445
3.606	0.03285	0.0246
3.607	0.0329	0.0243
3.608	0.03295	0.02475
3.609	0.0329	0.02415
3.61	0.0329	0.024
3.611	0.03295	0.0249
3.612	0.0329	0.02535
3.613	0.0329	0.02535
3.614	0.0329	0.0249
3.615	0.0329	0.02505
3.616	0.03285	0.02445
3.617	0.03295	0.02535
3.618	0.0329	0.0249
3.619	0.0329	0.02505
3.62	0.0329	0.02475
3.621	0.03295	0.0249
3.622	0.03285	0.0255
3.623	0.0329	0.02535
3.624	0.03295	0.02505
3.625	0.03285	0.0243
3.626	0.0329	0.0243
3.627	0.03285	0.02445
3.628	0.0329	0.0252
3.629	0.03295	0.0258
3.63	0.0329	0.02505
3.631	0.03295	0.02475
3.632	0.0329	0.0255
3.633	0.0329	0.0261
3.634	0.0329	0.02565
3.635	0.0329	0.02565
3.636	0.03295	0.0252
3.637	0.0329	0.02505
3.638	0.0329	0.02535
3.639	0.03285	0.02475
3.64	0.03295	0.02535
3.641	0.03295	0.02535
3.642	0.03295	0.02445
3.643	0.0329	0.0255
3.644	0.03285	0.0252
3.645	0.0329	0.0252
3.646	0.0329	0.02565
3.647	0.03285	0.0255
3.648	0.03295	0.0252
3.649	0.03295	0.0258
3.65	0.03285	0.0255
3.651	0.03295	0.0255
3.652	0.0329	0.0255
3.653	0.03295	0.02535
3.654	0.033	0.0255
3.655	0.03285	0.02505
3.656	0.0329	0.0255
3.657	0.03295	0.02475
3.658	0.03285	0.02505
3.659	0.0329	0.0252
3.66	0.03295	0.02505
3.661	0.0329	0.02505
3.662	0.03285	0.02535
3.663	0.03295	0.02535
3.664	0.03295	0.02505
3.665	0.03295	0.0258
3.666	0.03295	0.0252
3.667	0.03285	0.02535
3.668	0.03285	0.02505
3.669	0.0329	0.0252
3.67	0.0329	0.02505
3.671	0.0329	0.0252
3.672	0.03295	0.0249
3.673	0.0329	0.02475
3.674	0.03295	0.0261
3.675	0.0329	0.02385
3.676	0.0329	0.02505
3.677	0.0329	0.0249
3.678	0.0329	0.02475
3.679	0.0329	0.0252
3.68	0.03295	0.02505
3.681	0.0329	0.0252
3.682	0.03295	0.0252
3.683	0.0329	0.0258
3.684	0.03285	0.0249
3.685	0.03295	0.0258
3.686	0.0329	0.02445
3.687	0.0329	0.0246
3.688	0.0329	0.0252
3.689	0.03295	0.02475
3.69	0.0329	0.02505
3.691	0.0329	0.02475
3.692	0.0329	0.0252
3.693	0.03295	0.02475
3.694	0.0329	0.02505
3.695	0.0329	0.02505
3.696	0.0329	0.0249
3.697	0.033	0.02505
3.698	0.0329	0.0249
3.699	0.03285	0.02535
3.7	0.03295	0.0255
3.701	0.0329	0.0255
3.702	0.0329	0.0246
3.703	0.0329	0.0255
3.704	0.0329	0.02535
3.705	0.03285	0.02445
3.706	0.0329	0.0252
3.707	0.0329	0.02505
3.708	0.03285	0.02415
3.709	0.0329	0.02505
3.71	0.03285	0.02535
3.711	0.03285	0.02475
3.712	0.0329	0.0252
3.713	0.0329	0.02535
3.714	0.0329	0.02535
3.715	0.0329	0.02505
3.716	0.0329	0.02505
3.717	0.03295	0.0252
3.718	0.033	0.0261
3.719	0.0329	0.0255
3.72	0.03295	0.02535
3.721	0.0329	0.02535
3.722	0.0329	0.0252
3.723	0.03295	0.02475
3.724	0.03295	0.0246
3.725	0.03295	0.02475
3.726	0.0328	0.0249
3.727	0.03295	0.02565
3.728	0.03295	0.02565
3.729	0.0329	0.0255
3.73	0.0329	0.02505
3.731	0.03295	0.0252
3.732	0.03285	0.02535
3.733	0.0329	0.02565
3.734	0.03285	0.02565
3.735	0.0329	0.02535
3.736	0.03285	0.0252
3.737	0.03295	0.02505
3.738	0.0329	0.02475
3.739	0.03285	0.0252
3.74	0.03295	0.02535
3.741	0.0329	0.02475
3.742	0.0329	0.0249
3.743	0.0329	0.0252
3.744	0.0329	0.02505
3.745	0.03295	0.02535
3.746	0.03295	0.0255
3.747	0.03295	0.0249
3.748	0.03285	0.02565
3.749	0.03295	0.0255
3.75	0.03285	0.02565
3.751	0.0329	0.02565
3.752	0.0329	0.02535
3.753	0.0329	0.02475
3.754	0.03285	0.0252
3.755	0.0329	0.02535
3.756	0.03295	0.02505
3.757	0.0329	0.0249
3.758	0.0329	0.02445
3.759	0.0329	0.02565
3.76	0.0329	0.02565
3.761	0.0329	0.0255
3.762	0.0329	0.02505
3.763	0.0329	0.0255
3.764	0.0329	0.02505
3.765	0.0329	0.02505
3.766	0.0329	0.0255
3.767	0.0329	0.02505
3.768	0.03285	0.02565
3.769	0.0329	0.0252
3.77	0.0329	0.0255
3.771	0.03295	0.0252
3.772	0.0329	0.02475
3.773	0.0329	0.02445
3.774	0.033	0.02415
3.775	0.0329	0.0246
3.776	0.0329	0.02475
3.777	0.0329	0.0252
3.778	0.03295	0.0252
3.779	0.03295	0.02505
3.78	0.0329	0.02535
3.781	0.0329	0.02565
3.782	0.03295	0.0255
3.783	0.03285	0.0249
3.784	0.0329	0.02475
3.785	0.03295	0.02505
3.786	0.03295	0.0252
3.787	0.03295	0.02535
3.788	0.03295	0.02505
3.789	0.03285	0.02475
3.79	0.03285	0.024
3.791	0.0329	0.02445
3.792	0.0329	0.0246
3.793	0.0329	0.0249
3.794	0.0329	0.0249
3.795	0.0329	0.02385
3.796	0.0329	0.0252
3.797	0.0329	0.02505
3.798	0.03295	0.0252
3.799	0.0329	0.02535
3.8	0.03295	0.0252
3.801	0.0329	0.02475
3.802	0.03295	0.02445
3.803	0.03285	0.02505
3.804	0.0329	0.0246
3.805	0.03295	0.02505
3.806	0.03285	0.02445
3.807	0.03285	0.02475
3.808	0.0329	0.02475
3.809	0.0329	0.0246
3.81	0.03295	0.02445
3.811	0.03285	0.024
3.812	0.03285	0.0252
3.813	0.0329	0.02505
3.814	0.03285	0.0252
3.815	0.0329	0.0255
3.816	0.03295	0.0255
3.817	0.03285	0.02505
3.818	0.03295	0.0249
3.819	0.0329	0.02475
3.82	0.0329	0.0246
3.821	0.03295	0.0246
3.822	0.03295	0.0243
3.823	0.03285	0.02475
3.824	0.0329	0.0246
3.825	0.0329	0.02445
3.826	0.03295	0.0246
3.827	0.03285	0.02535
3.828	0.0329	0.0246
3.829	0.0329	0.0246
3.83	0.0329	0.0252
3.831	0.03295	0.02505
3.832	0.0329	0.02505
3.833	0.03295	0.0258
3.834	0.0329	0.0255
3.835	0.0329	0.0249
3.836	0.0329	0.02505
3.837	0.03295	0.02535
3.838	0.03285	0.0252
3.839	0.03285	0.0249
3.84	0.03295	0.02475
3.841	0.03285	0.0249
3.842	0.0329	0.0243
3.843	0.03285	0.02385
3.844	0.0329	0.0246
3.845	0.03295	0.02475
3.846	0.03295	0.0246
3.847	0.03295	0.02505
3.848	0.0329	0.02565
3.849	0.03295	0.0258
3.85	0.0329	0.0258
3.851	0.03295	0.0249
3.852	0.03295	0.02535
3.853	0.0329	0.02505
3.854	0.03285	0.0249
3.855	0.0329	0.0249
3.856	0.0329	0.0246
3.857	0.0329	0.02445
3.858	0.0329	0.02505
3.859	0.0329	0.02535
3.86	0.0329	0.02505
3.861	0.0329	0.02535
3.862	0.0329	0.0252
3.863	0.03285	0.02505
3.864	0.0329	0.0249
3.865	0.03295	0.02565
3.866	0.03295	0.0258
3.867	0.0329	0.02565
3.868	0.03295	0.0252
3.869	0.0329	0.0255
3.87	0.0329	0.02595
3.871	0.03285	0.02505
3.872	0.0329	0.02475
3.873	0.0329	0.02475
3.874	0.0329	0.0246
3.875	0.03295	0.0243
3.876	0.0329	0.02505
3.877	0.0329	0.0255
3.878	0.0329	0.02535
3.879	0.0329	0.0258
3.88	0.0329	0.02565
3.881	0.03295	0.02505
3.882	0.03285	0.0252
3.883	0.03295	0.02565
3.884	0.03285	0.02535
3.885	0.0329	0.02535
3.886	0.03295	0.02565
3.887	0.03295	0.0258
3.888	0.0329	0.02535
3.889	0.03295	0.0252
3.89	0.03295	0.0246
3.891	0.03295	0.02535
3.892	0.0329	0.02505
3.893	0.03295	0.02445
3.894	0.0329	0.0255
3.895	0.033	0.02535
3.896	0.03295	0.0249
3.897	0.0329	0.0255
3.898	0.03295	0.02535
3.899	0.0329	0.02535
3.9	0.0329	0.02565
3.901	0.0329	0.02535
3.902	0.033	0.02595
3.903	0.0329	0.02625
3.904	0.0329	0.02475
3.905	0.0329	0.02505
3.906	0.0329	0.02475
3.907	0.0329	0.0252
3.908	0.0329	0.0255
3.909	0.033	0.0252
3.91	0.03285	0.02475
3.911	0.03295	0.02505
3.912	0.0329	0.0258
3.913	0.0329	0.02565
3.914	0.03295	0.0255
3.915	0.0329	0.02475
3.916	0.0329	0.02535
3.917	0.03285	0.02565
3.918	0.0329	0.0261
3.919	0.0329	0.02535
3.92	0.0329	0.0246
3.921	0.0329	0.02565
3.922	0.0329	0.0252
3.923	0.0329	0.0246
3.924	0.0329	0.02475
3.925	0.03285	0.0252
3.926	0.03295	0.0249
3.927	0.0329	0.0252
3.928	0.03295	0.02445
3.929	0.0329	0.02475
3.93	0.0329	0.02595
3.931	0.0329	0.02505
3.932	0.0329	0.0252
3.933	0.03285	0.02535
3.934	0.03295	0.0249
3.935	0.0329	0.0252
3.936	0.03295	0.02565
3.937	0.03295	0.02475
3.938	0.0329	0.0243
3.939	0.0329	0.0258
3.94	0.0329	0.02505
3.941	0.0329	0.02475
3.942	0.0329	0.02475
3.943	0.0329	0.02445
3.944	0.03295	0.02475
3.945	0.03285	0.02505
3.946	0.0329	0.0249
3.947	0.03295	0.02535
3.948	0.0329	0.02535
3.949	0.0329	0.0246
3.95	0.033	0.02505
3.951	0.0329	0.02565
3.952	0.0329	0.0246
3.953	0.0329	0.02475
3.954	0.0329	0.0246
3.955	0.0329	0.02475
3.956	0.0329	0.02475
3.957	0.03295	0.0249
3.958	0.0329	0.02475
3.959	0.03295	0.02475
3.96	0.0329	0.0252
3.961	0.0329	0.02475
3.962	0.0329	0.02505
3.963	0.0329	0.0249
3.964	0.03295	0.0252
3.965	0.0329	0.0255
3.966	0.03285	0.02505
3.967	0.03295	0.02505
3.968	0.03285	0.0252
3.969	0.0329	0.02535
3.97	0.03295	0.0246
3.971	0.0329	0.02535
3.972	0.03295	0.0252
3.973	0.03295	0.0246
3.974	0.03295	0.02475
3.975	0.03295	0.02475
3.976	0.03285	0.02445
3.977	0.03285	0.02475
3.978	0.0329	0.0252
3.979	0.0329	0.02475
3.98	0.0329	0.0249
3.981	0.0329	0.0246
3.982	0.03295	0.02535
3.983	0.0329	0.0255
3.984	0.03285	0.0249
3.985	0.03295	0.0246
3.986	0.03285	0.0252
3.987	0.03295	0.02505
3.988	0.0329	0.0246
3.989	0.03285	0.0249
3.99	0.0329	0.02475
3.991	0.0329	0.02385
3.992	0.03285	0.0252
3.993	0.0329	0.0252
3.994	0.0329	0.0246
3.995	0.03285	0.02505
3.996	0.03295	0.0246
3.997	0.03285	0.0246
3.998	0.03295	0.02475
3.999	0.0329	0.0252
4	0.0329	0.0252
4.001	0.03295	0.02535
4.002	0.03285	0.02415
4.003	0.03295	0.0249
4.004	0.03285	0.02535
4.005	0.03295	0.0246
4.006	0.0329	0.02445
4.007	0.03285	0.02445
4.008	0.0329	0.02445
4.009	0.0329	0.024
4.01	0.03285	0.02445
4.011	0.0329	0.02475
4.012	0.0329	0.0249
4.013	0.0329	0.0255
4.014	0.0329	0.02475
4.015	0.0329	0.02475
4.016	0.0329	0.02505
4.017	0.03295	0.0249
4.018	0.03295	0.02475
4.019	0.03295	0.02505
4.02	0.03295	0.0243
4.021	0.03295	0.0243
4.022	0.0329	0.02475
4.023	0.0329	0.0249
4.024	0.033	0.0249
4.025	0.03285	0.02445
4.026	0.0329	0.02415
4.027	0.03295	0.02385
4.028	0.0329	0.02535
4.029	0.03285	0.0255
4.03	0.0329	0.0249
4.031	0.0329	0.0246
4.032	0.03285	0.0246
4.033	0.03285	0.02565
4.034	0.03285	0.02625
4.035	0.03295	0.0252
4.036	0.0329	0.0249
4.037	0.0329	0.0252
4.038	0.03285	0.02445
4.039	0.0329	0.0252
4.04	0.0329	0.02505
4.041	0.0329	0.0246
4.042	0.03285	0.024
4.043	0.0329	0.02475
4.044	0.0329	0.0255
4.045	0.0329	0.0255
4.046	0.0329	0.0258
4.047	0.03285	0.02475
4.048	0.0329	0.02505
4.049	0.0329	0.02565
4.05	0.03285	0.0255
4.051	0.033	0.02565
4.052	0.0329	0.0255
4.053	0.0329	0.0249
4.054	0.0329	0.02535
4.055	0.03285	0.0258
4.056	0.0329	0.0252
4.057	0.03285	0.0255
4.058	0.0329	0.02475
4.059	0.0329	0.0249
4.06	0.0329	0.02535
4.061	0.0329	0.02475
4.062	0.03285	0.0252
4.063	0.03295	0.02565
4.064	0.0329	0.0252
4.065	0.0329	0.02565
4.066	0.03295	0.02565
4.067	0.0329	0.0261
4.068	0.0329	0.0252
4.069	0.03295	0.0252
4.07	0.03285	0.0255
4.071	0.03285	0.02475
4.072	0.03295	0.0252
4.073	0.03285	0.02475
4.074	0.03285	0.0249
4.075	0.03285	0.0249
4.076	0.0329	0.02505
4.077	0.0329	0.0249
4.078	0.0329	0.02535
4.079	0.03295	0.0249
4.08	0.0329	0.0252
4.081	0.03285	0.0258
4.082	0.0329	0.02505
4.083	0.0329	0.02505
4.084	0.0328	0.02535
4.085	0.03295	0.02535
4.086	0.0329	0.0246
4.087	0.033	0.02535
4.088	0.03295	0.0249
4.089	0.03295	0.02505
4.09	0.03285	0.02505
4.091	0.03295	0.02475
4.092	0.0329	0.02445
4.093	0.0329	0.02475
4.094	0.0329	0.02505
4.095	0.0329	0.02505
4.096	0.0329	0.0255
4.097	0.033	0.0249
4.098	0.03295	0.02565
4.099	0.03285	0.0261
4.1	0.0329	0.0252
4.101	0.03285	0.02505
4.102	0.03285	0.0252
4.103	0.03295	0.02475
4.104	0.03285	0.0249
4.105	0.0329	0.0255
4.106	0.0329	0.02505
4.107	0.03285	0.0249
4.108	0.0329	0.02505
4.109	0.0329	0.0252
4.11	0.0329	0.02505
4.111	0.0329	0.02475
4.112	0.0329	0.0249
4.113	0.03285	0.02505
4.114	0.03285	0.0252
4.115	0.0329	0.0249
4.116	0.0329	0.02535
4.117	0.0329	0.02595
4.118	0.0329	0.0252
4.119	0.03285	0.0255
4.12	0.03285	0.02595
4.121	0.03285	0.02505
4.122	0.0329	0.02475
4.123	0.0329	0.02505
4.124	0.0329	0.0246
4.125	0.0329	0.0249
4.126	0.03285	0.0252
4.127	0.033	0.0252
4.128	0.033	0.0255
4.129	0.0329	0.02535
4.13	0.0329	0.0252
4.131	0.03295	0.02565
4.132	0.03295	0.02535
4.133	0.033	0.0252
4.134	0.0329	0.02595
4.135	0.03295	0.0258
4.136	0.0329	0.0252
4.137	0.033	0.02565
4.138	0.0329	0.0255
4.139	0.0329	0.02565
4.14	0.0329	0.0249
4.141	0.03285	0.02505
4.142	0.0329	0.0249
4.143	0.0329	0.02535
4.144	0.03285	0.0252
4.145	0.03285	0.02505
4.146	0.0329	0.0255
4.147	0.0329	0.0258
4.148	0.0329	0.0255
4.149	0.0329	0.02565
4.15	0.0329	0.0261
4.151	0.03285	0.0255
4.152	0.03295	0.0258
4.153	0.0329	0.0255
4.154	0.0329	0.02475
4.155	0.03285	0.0255
4.156	0.0329	0.02505
4.157	0.0329	0.02475
4.158	0.0329	0.02475
4.159	0.0329	0.02505
4.16	0.03295	0.02535
4.161	0.03295	0.0258
4.162	0.03285	0.02565
4.163	0.0329	0.0252
4.164	0.0329	0.0252
4.165	0.03285	0.0255
4.166	0.03295	0.0255
4.167	0.03295	0.0258
4.168	0.0329	0.02565
4.169	0.0329	0.02535
4.17	0.0329	0.02565
4.171	0.03285	0.0255
4.172	0.03295	0.02505
4.173	0.03285	0.0252
4.174	0.0329	0.02535
4.175	0.03285	0.0246
4.176	0.0329	0.0252
4.177	0.0329	0.0255
4.178	0.0329	0.0255
4.179	0.0329	0.0252
4.18	0.0329	0.0252
4.181	0.0329	0.0252
4.182	0.03295	0.0255
4.183	0.03285	0.02565
4.184	0.03285	0.02505
4.185	0.03295	0.0255
4.186	0.03285	0.02595
4.187	0.03295	0.0255
4.188	0.0329	0.02535
4.189	0.03295	0.02535
4.19	0.03285	0.02475
4.191	0.0329	0.02505
4.192	0.0329	0.02505
4.193	0.0329	0.02535
4.194	0.03295	0.02535
4.195	0.03285	0.02505
4.196	0.03285	0.0249
4.197	0.03285	0.0252
4.198	0.0329	0.0255
4.199	0.0329	0.0255
4.2	0.03285	0.02565
4.201	0.03285	0.02505
4.202	0.03295	0.0249
4.203	0.0329	0.0252
4.204	0.03295	0.0255
4.205	0.0329	0.0249
4.206	0.03285	0.02445
4.207	0.0329	0.02475
4.208	0.0329	0.0249
4.209	0.03285	0.0252
4.21	0.0329	0.02505
4.211	0.0328	0.02475
4.212	0.03285	0.0252
4.213	0.0329	0.02535
4.214	0.03295	0.0252
4.215	0.0329	0.0258
4.216	0.0329	0.02535
4.217	0.03295	0.02505
4.218	0.0329	0.0255
4.219	0.03295	0.0252
4.22	0.0329	0.0249
4.221	0.03285	0.02505
4.222	0.0329	0.0249
4.223	0.03295	0.02445
4.224	0.0329	0.02475
4.225	0.03285	0.02475
4.226	0.03285	0.0252
4.227	0.03295	0.02505
4.228	0.033	0.0249
4.229	0.03285	0.0249
4.23	0.03295	0.0249
4.231	0.03295	0.0249
4.232	0.0329	0.02475
4.233	0.03295	0.02565
4.234	0.03285	0.0249
4.235	0.03295	0.02505
4.236	0.0329	0.0252
4.237	0.03295	0.02505
4.238	0.0329	0.0246
4.239	0.03295	0.02475
4.24	0.0329	0.02445
4.241	0.0329	0.02445
4.242	0.03285	0.02475
4.243	0.0329	0.02475
4.244	0.0329	0.0249
4.245	0.0329	0.0249
4.246	0.03285	0.02475
4.247	0.0329	0.0249
4.248	0.0329	0.02505
4.249	0.0329	0.0252
4.25	0.03295	0.02535
4.251	0.03285	0.0252
4.252	0.0329	0.02475
4.253	0.03295	0.0249
4.254	0.03285	0.02475
4.255	0.03295	0.0249
4.256	0.0329	0.0246
4.257	0.0329	0.0246
4.258	0.0329	0.0243
4.259	0.033	0.0246
4.26	0.03295	0.02475
4.261	0.0329	0.0246
4.262	0.0329	0.02475
4.263	0.0329	0.02475
4.264	0.0329	0.02505
4.265	0.03285	0.02505
4.266	0.0329	0.0252
4.267	0.0329	0.02505
4.268	0.0329	0.02535
4.269	0.0329	0.02505
4.27	0.0329	0.0243
4.271	0.0329	0.02445
4.272	0.0329	0.0246
4.273	0.03285	0.02445
4.274	0.03295	0.0243
4.275	0.03295	0.02445
4.276	0.0328	0.02475
4.277	0.0329	0.02505
4.278	0.0329	0.02505
4.279	0.0329	0.0246
4.28	0.0329	0.0249
4.281	0.0329	0.02475
4.282	0.0329	0.02535
4.283	0.0329	0.0249
4.284	0.0329	0.02475
4.285	0.0329	0.02475
4.286	0.03295	0.0249
4.287	0.0329	0.02535
4.288	0.0329	0.0246
4.289	0.0329	0.02475
4.29	0.03295	0.02445
4.291	0.0329	0.02415
4.292	0.03295	0.02415
4.293	0.0329	0.02445
4.294	0.03295	0.02445
4.295	0.03295	0.02475
4.296	0.0329	0.0249
4.297	0.0329	0.02475
4.298	0.0329	0.02505
4.299	0.03285	0.02505
4.3	0.03295	0.0249
4.301	0.03295	0.02505
4.302	0.0329	0.0249
4.303	0.03285	0.0246
4.304	0.0329	0.02505
4.305	0.0329	0.02475
4.306	0.03295	0.02475
4.307	0.0329	0.0249
4.308	0.0329	0.0246
4.309	0.0329	0.0243
4.31	0.0329	0.0246
4.311	0.0329	0.02505
4.312	0.03285	0.0249
4.313	0.03295	0.0249
4.314	0.0329	0.02535
4.315	0.03285	0.02505
4.316	0.0329	0.02535
4.317	0.0329	0.02505
4.318	0.0329	0.0249
4.319	0.0329	0.0252
4.32	0.03295	0.02505
4.321	0.03295	0.02475
4.322	0.03285	0.02475
4.323	0.03295	0.02475
4.324	0.03295	0.02505
4.325	0.03285	0.02505
4.326	0.03295	0.02475
4.327	0.03285	0.02415
4.328	0.0329	0.0252
4.329	0.0329	0.02565
4.33	0.0329	0.0255
4.331	0.0329	0.02505
4.332	0.0329	0.0252
4.333	0.03285	0.02565
4.334	0.0329	0.0258
4.335	0.0329	0.02565
4.336	0.0329	0.02445
4.337	0.0329	0.02565
4.338	0.03285	0.0255
4.339	0.0329	0.02535
4.34	0.0329	0.0249
4.341	0.0329	0.02505
4.342	0.0329	0.0249
4.343	0.0329	0.0249
4.344	0.0329	0.02535
4.345	0.0329	0.0249
4.346	0.03295	0.02595
4.347	0.03295	0.02535
4.348	0.03295	0.02565
4.349	0.033	0.02565
4.35	0.0329	0.0258
4.351	0.03285	0.0258
4.352	0.0329	0.0255
4.353	0.03285	0.02535
4.354	0.03285	0.0249
4.355	0.03295	0.02535
4.356	0.03295	0.02505
4.357	0.0329	0.02505
4.358	0.03285	0.0252
4.359	0.03295	0.02535
4.36	0.0329	0.0252
4.361	0.0329	0.0249
4.362	0.0329	0.0255
4.363	0.0329	0.0258
4.364	0.0329	0.0258
4.365	0.0329	0.02535
4.366	0.0329	0.0255
4.367	0.0329	0.0258
4.368	0.03295	0.0258
4.369	0.03295	0.02535
4.37	0.0329	0.0252
4.371	0.0329	0.0252
4.372	0.03295	0.02535
4.373	0.0329	0.0252
4.374	0.0329	0.0243
4.375	0.03295	0.02475
4.376	0.0329	0.02565
4.377	0.03285	0.02535
4.378	0.03295	0.0252
4.379	0.0329	0.0255
4.38	0.03295	0.02565
4.381	0.0329	0.0258
4.382	0.0329	0.0258
4.383	0.0329	0.02505
4.384	0.03285	0.0258
4.385	0.03295	0.02595
4.386	0.0329	0.0255
4.387	0.033	0.02535
4.388	0.0329	0.02505
4.389	0.03285	0.02445
4.39	0.03295	0.02535
4.391	0.03295	0.02535
4.392	0.03285	0.0252
4.393	0.03285	0.0255
4.394	0.03295	0.0258
4.395	0.03295	0.02505
4.396	0.03295	0.0255
4.397	0.03295	0.0255
4.398	0.0329	0.02565
4.399	0.0329	0.0255
4.4	0.03295	0.0258
4.401	0.03295	0.0258
4.402	0.0329	0.0261
4.403	0.033	0.0261
4.404	0.0328	0.0249
4.405	0.0329	0.0249
4.406	0.0329	0.0255
4.407	0.0329	0.02535
4.408	0.03285	0.02505
4.409	0.0329	0.0255
4.41	0.0329	0.02535
4.411	0.0329	0.02565
4.412	0.03285	0.0258
4.413	0.0329	0.0252
4.414	0.033	0.0255
4.415	0.0329	0.02595
4.416	0.0329	0.02535
4.417	0.0329	0.0258
4.418	0.03295	0.02565
4.419	0.03295	0.0261
4.42	0.0329	0.02595
4.421	0.0329	0.0264
4.422	0.03285	0.02505
4.423	0.03295	0.02505
4.424	0.03285	0.0249
4.425	0.03285	0.0246
4.426	0.03295	0.02535
4.427	0.03285	0.0255
4.428	0.0329	0.02535
4.429	0.03295	0.02505
4.43	0.0329	0.0249
4.431	0.03295	0.0255
4.432	0.03285	0.02625
4.433	0.03285	0.0255
4.434	0.0329	0.02475
4.435	0.03285	0.02505
4.436	0.03295	0.02535
4.437	0.03295	0.0258
4.438	0.03285	0.02475
4.439	0.03295	0.02475
4.44	0.033	0.0243
4.441	0.03285	0.0249
4.442	0.0329	0.02505
4.443	0.0329	0.02505
4.444	0.03285	0.0243
4.445	0.0329	0.02475
4.446	0.03285	0.02475
4.447	0.0329	0.02535
4.448	0.0329	0.02535
4.449	0.03285	0.0249
4.45	0.0329	0.02565
4.451	0.03285	0.0252
4.452	0.03285	0.02505
4.453	0.03285	0.0255
4.454	0.0329	0.02475
4.455	0.03285	0.02475
4.456	0.0329	0.02505
4.457	0.03295	0.02445
4.458	0.0329	0.02415
4.459	0.0329	0.02475
4.46	0.0329	0.0243
4.461	0.03285	0.0249
4.462	0.0329	0.02565
4.463	0.03295	0.02475
4.464	0.03285	0.0246
4.465	0.03295	0.02535
4.466	0.0329	0.0255
4.467	0.0329	0.02505
4.468	0.0329	0.02535
4.469	0.03295	0.02475
4.47	0.03285	0.02475
4.471	0.03285	0.0252
4.472	0.03295	0.02505
4.473	0.0329	0.02475
4.474	0.0329	0.02565
4.475	0.0329	0.02445
4.476	0.0329	0.02445
4.477	0.03295	0.0252
4.478	0.03295	0.02505
4.479	0.0329	0.02535
4.48	0.0329	0.0252
4.481	0.03295	0.0249
4.482	0.0329	0.02535
4.483	0.0329	0.02625
4.484	0.0329	0.02535
4.485	0.0329	0.02445
4.486	0.03295	0.0255
4.487	0.03295	0.0249
4.488	0.0329	0.0249
4.489	0.03285	0.0252
4.49	0.03285	0.0246
4.491	0.03295	0.02475
4.492	0.0329	0.0252
4.493	0.0329	0.0252
4.494	0.03295	0.02445
4.495	0.03295	0.0255
4.496	0.0329	0.02475
4.497	0.03285	0.0255
4.498	0.0329	0.02565
4.499	0.0329	0.0252
4.5	0.03285	0.0255
4.501	0.0329	0.0258
4.502	0.03295	0.02595
4.503	0.0329	0.0243
4.504	0.03285	0.0249
4.505	0.03285	0.02475
4.506	0.0329	0.0252
4.507	0.0329	0.0249
4.508	0.03285	0.0249
4.509	0.03295	0.02445
4.51	0.0329	0.0255
4.511	0.03285	0.02535
4.512	0.0329	0.02475
4.513	0.03295	0.0252
4.514	0.03295	0.02505
4.515	0.03285	0.0252
4.516	0.0329	0.0255
4.517	0.0329	0.02505
4.518	0.0329	0.02475
4.519	0.0329	0.0258
4.52	0.03285	0.0246
4.521	0.0329	0.02445
4.522	0.03295	0.0249
4.523	0.0329	0.02445
4.524	0.0329	0.0249
4.525	0.03285	0.02475
4.526	0.0329	0.0243
4.527	0.03295	0.0252
4.528	0.0329	0.0252
4.529	0.0329	0.02475
4.53	0.0329	0.02535
4.531	0.0329	0.0252
4.532	0.0329	0.02475
4.533	0.03295	0.02535
4.534	0.03295	0.0252
4.535	0.0329	0.02505
4.536	0.03285	0.02535
4.537	0.03285	0.0252
4.538	0.0329	0.02445
4.539	0.03295	0.0246
4.54	0.0329	0.0243
4.541	0.0329	0.02475
4.542	0.0329	0.0249
4.543	0.03295	0.0246
4.544	0.0329	0.02445
4.545	0.0329	0.0249
4.546	0.03295	0.02505
4.547	0.03295	0.0252
4.548	0.0329	0.0255
4.549	0.0329	0.0246
4.55	0.03285	0.02475
4.551	0.03285	0.02475
4.552	0.0329	0.02535
4.553	0.0329	0.02475
4.554	0.03285	0.02535
4.555	0.0329	0.0246
4.556	0.03295	0.02475
4.557	0.03285	0.02475
4.558	0.0329	0.02445
4.559	0.033	0.0246
4.56	0.0329	0.02475
4.561	0.03285	0.02475
4.562	0.03295	0.02445
4.563	0.0329	0.0258
4.564	0.0329	0.02535
4.565	0.0329	0.02505
4.566	0.0329	0.0255
4.567	0.0329	0.02505
4.568	0.03285	0.02505
4.569	0.0329	0.02535
4.57	0.0329	0.0246
4.571	0.03295	0.0243
4.572	0.0329	0.0246
4.573	0.03285	0.02415
4.574	0.03295	0.02445
4.575	0.03295	0.02445
4.576	0.0329	0.02445
4.577	0.03285	0.02475
4.578	0.0329	0.02535
4.579	0.0329	0.0252
4.58	0.0329	0.0255
4.581	0.03285	0.02535
4.582	0.0329	0.02475
4.583	0.0329	0.02505
4.584	0.0329	0.0252
4.585	0.03295	0.02505
4.586	0.0329	0.0249
4.587	0.03295	0.0252
4.588	0.03295	0.0249
4.589	0.0329	0.02475
4.59	0.0329	0.0249
4.591	0.0329	0.0243
4.592	0.0329	0.02445
4.593	0.0329	0.02475
4.594	0.0329	0.02475
4.595	0.0329	0.02475
4.596	0.03295	0.0255
4.597	0.0329	0.0252
4.598	0.03295	0.0249
4.599	0.0329	0.02565
4.6	0.0329	0.0252
4.601	0.0329	0.02595
4.602	0.03295	0.02535
4.603	0.0329	0.02445
4.604	0.0329	0.0246
4.605	0.0329	0.02505
4.606	0.03295	0.0255
4.607	0.03285	0.0246
4.608	0.03285	0.02565
4.609	0.03285	0.02445
4.61	0.0329	0.0252
4.611	0.03285	0.02535
4.612	0.0329	0.0252
4.613	0.0329	0.0249
4.614	0.03295	0.0252
4.615	0.0328	0.0252
4.616	0.0329	0.0258
4.617	0.03285	0.0264
4.618	0.03295	0.02505
4.619	0.03295	0.02565
4.62	0.0329	0.02535
4.621	0.03295	0.0249
4.622	0.03285	0.02535
4.623	0.0329	0.02445
4.624	0.0329	0.02445
4.625	0.0329	0.02475
4.626	0.03295	0.0252
4.627	0.03295	0.0246
4.628	0.0329	0.02595
4.629	0.0329	0.0261
4.63	0.0329	0.0252
4.631	0.0329	0.0255
4.632	0.0329	0.02565
4.633	0.03295	0.02595
4.634	0.0329	0.0261
4.635	0.03285	0.0255
4.636	0.03295	0.02505
4.637	0.03295	0.0252
4.638	0.0329	0.0255
4.639	0.0329	0.02535
4.64	0.03285	0.02535
4.641	0.0329	0.02505
4.642	0.0329	0.02475
4.643	0.03295	0.02535
4.644	0.0329	0.0249
4.645	0.03295	0.02445
4.646	0.03295	0.0255
4.647	0.03295	0.0258
4.648	0.0329	0.0249
4.649	0.0329	0.0252
4.65	0.03295	0.02625
4.651	0.0329	0.0255
4.652	0.0329	0.0258
4.653	0.0329	0.02505
4.654	0.0329	0.0252
4.655	0.0329	0.02505
4.656	0.0329	0.02505
4.657	0.0329	0.0249
4.658	0.03285	0.02505
4.659	0.0329	0.02475
4.66	0.0329	0.02415
4.661	0.0329	0.02595
4.662	0.03295	0.0252
4.663	0.0329	0.02505
4.664	0.03295	0.02535
4.665	0.0329	0.0258
4.666	0.03295	0.0252
4.667	0.0329	0.02535
4.668	0.0329	0.02595
4.669	0.0329	0.02505
4.67	0.03285	0.02505
4.671	0.0329	0.0246
4.672	0.0329	0.02475
4.673	0.0329	0.02505
4.674	0.0329	0.0252
4.675	0.03295	0.02475
4.676	0.03285	0.0246
4.677	0.0329	0.0246
4.678	0.0329	0.02445
4.679	0.0329	0.02595
4.68	0.03285	0.02505
4.681	0.0329	0.0249
4.682	0.03295	0.0252
4.683	0.033	0.0255
4.684	0.03285	0.0252
4.685	0.0329	0.02565
4.686	0.0329	0.0261
4.687	0.03285	0.02475
4.688	0.03295	0.02535
4.689	0.033	0.0252
4.69	0.03285	0.0252
4.691	0.03285	0.0249
4.692	0.03285	0.0249
4.693	0.0329	0.0249
4.694	0.0329	0.02505
4.695	0.0329	0.0249
4.696	0.0329	0.0252
4.697	0.03285	0.02565
4.698	0.0329	
4.699	0.03295	
4.7	0.0329	
4.701	0.0329	
4.702	0.0329	
4.703	0.0329	
4.704	0.0329	
4.705	0.0329	
4.706	0.0329	
4.707	0.03285	
