MIN=0	-30	-0.1
MAX=2.26274169979695	30	0.1
SCALE=0.1	10	0.05
DEC=3	2	4
DEF="Time" t / s	"Voltage" U_B1 / V	"Current" I_A1 / A
0	0	0
0.001	0.015	0
0.002	0.015	-5E-05
0.003	0	0
0.004	0	-5E-05
0.005	0	0
0.006	0	0
0.007	0.015	0
0.008	0	-5E-05
0.009	0	-5E-05
0.01	0	-5E-05
0.011	0	0
0.012	0.015	0
0.013	0	0
0.014	0	0
0.015	0.015	-5E-05
0.016	0.015	-5E-05
0.017	0.015	-5E-05
0.018	-0.015	-5E-05
0.019	0	-5E-05
0.02	0.015	0
0.021	0.015	-0.0001
0.022	0.015	0
0.023	0	0
0.024	0.015	0
0.025	0.015	0
0.026	0.015	0
0.027	0	-5E-05
0.028	0	0
0.029	0.015	0
0.03	0	0
0.031	0.015	0
0.032	0.015	-5E-05
0.033	0	0
0.034	0.015	-5E-05
0.035	0	0
0.036	0	0
0.037	0	0
0.038	0	0
0.039	0.015	0
0.04	0	-5E-05
0.041	0.015	0
0.042	0	-5E-05
0.043	0	-5E-05
0.044	0	0
0.045	0	0
0.046	0	0
0.047	0	0
0.048	0.015	-5E-05
0.049	0.015	0
0.05	0	-5E-05
0.051	0	0
0.052	0	0
0.053	0.015	-5E-05
0.054	0	-5E-05
0.055	0	0
0.056	0	0
0.057	0	0
0.058	0.015	-5E-05
0.059	0	-5E-05
0.06	0	0
0.061	0	-5E-05
0.062	0.015	0
0.063	0	-5E-05
0.064	0	0
0.065	0	-5E-05
0.066	0.015	0
0.067	0	0
0.068	0	-5E-05
0.069	0	-5E-05
0.07	-0.015	0
0.071	0	0
0.072	0	0
0.073	0.015	0
0.074	0	0
0.075	0.015	-5E-05
0.076	0	-5E-05
0.077	0	0
0.078	0	0
0.079	0	0
0.08	0	0
0.081	0	-5E-05
0.082	0	0
0.083	0.015	-5E-05
0.084	0	-5E-05
0.085	0	0
0.086	0	0
0.087	0	-5E-05
0.088	0.015	-5E-05
0.089	0	0
0.09	0.015	0
0.091	0	0
0.092	0	-5E-05
0.093	0	0
0.094	0	-5E-05
0.095	0.015	-5E-05
0.096	0	-5E-05
0.097	0.015	0
0.098	0.015	-5E-05
0.099	0	0
0.1	0.015	-5E-05
0.101	0	0
0.102	0.015	-5E-05
0.103	0	-5E-05
0.104	0	0
0.105	0	0
0.106	0	0
0.107	0.015	0
0.108	0.015	-5E-05
0.109	0.015	-5E-05
0.11	0	0
0.111	0	0
0.112	0.015	0
0.113	0	0
0.114	0.015	-5E-05
0.115	0.015	0
0.116	0.015	0
0.117	0.015	-5E-05
0.118	0	-5E-05
0.119	0.015	-5E-05
0.12	0.015	0
0.121	0	-5E-05
0.122	0.015	0
0.123	0	0
0.124	0.015	0
0.125	0.015	-5E-05
0.126	0.015	0
0.127	0.015	0
0.128	0	-5E-05
0.129	0	0
0.13	0	-5E-05
0.131	0	-5E-05
0.132	0.015	-5E-05
0.133	0	0
0.134	0.015	0
0.135	0	0
0.136	0	-5E-05
0.137	0	0
0.138	0	0
0.139	0.015	0
0.14	0	0
0.141	0.015	0
0.142	0	-5E-05
0.143	0.015	-5E-05
0.144	0.015	-5E-05
0.145	0	0
0.146	0.015	0
0.147	0	0
0.148	0	0
0.149	0.015	0
0.15	0	-5E-05
0.151	0.015	-5E-05
0.152	0	0
0.153	0	0
0.154	0.015	0
0.155	0	-5E-05
0.156	0	0
0.157	0	0
0.158	0	-5E-05
0.159	0.015	-5E-05
0.16	0	0
0.161	0	-5E-05
0.162	0	0
0.163	0	-5E-05
0.164	0.015	0
0.165	0	0
0.166	0.015	0
0.167	0.015	0
0.168	0.015	0
0.169	0.015	-5E-05
0.17	0	0
0.171	0.015	0
0.172	0	-5E-05
0.173	0	0
0.174	0.015	0
0.175	0.015	0
0.176	0.015	-5E-05
0.177	0	0
0.178	0	0
0.179	0	0
0.18	0	-0.0001
0.181	0.015	0
0.182	0	0
0.183	0.015	0
0.184	0	-5E-05
0.185	0.015	0
0.186	0	0
0.187	0	0
0.188	0	-5E-05
0.189	0	0
0.19	0.015	0
0.191	0.015	0
0.192	0	-5E-05
0.193	0	0
0.194	0.015	-5E-05
0.195	0	0
0.196	0	-5E-05
0.197	0	0
0.198	0	0
0.199	0	0
0.2	0.015	0
0.201	0.015	0
0.202	0	0
0.203	0.015	0
0.204	0	0
0.205	0	-5E-05
0.206	0.015	0
0.207	0.015	-5E-05
0.208	0.015	0
0.209	0	0
0.21	0	-5E-05
0.211	0	-5E-05
0.212	0	0
0.213	0.015	0
0.214	0	0
0.215	0.015	0
0.216	0	0
0.217	0.015	-5E-05
0.218	0	0
0.219	0	0
0.22	0	0
0.221	0	-5E-05
0.222	0.015	0
0.223	0.015	0
0.224	0.015	0
0.225	0.015	-5E-05
0.226	0	0
0.227	0.015	0
0.228	0	-5E-05
0.229	0.015	-5E-05
0.23	0.015	0
0.231	0	0
0.232	0.015	0
0.233	0.015	0
0.234	0	0
0.235	0	0
0.236	0	0
0.237	0.015	0
0.238	0	0
0.239	0	-5E-05
0.24	0.015	0
0.241	0	0
0.242	0.015	0
0.243	0	-5E-05
0.244	0	-5E-05
0.245	0	-5E-05
0.246	0	0
0.247	0.015	0
0.248	0	0
0.249	0.015	0
0.25	0	0
0.251	0	0
0.252	0.015	0
0.253	0	0
0.254	0	0
0.255	-0.015	0
0.256	0	-5E-05
0.257	0.015	0
0.258	0.015	-5E-05
0.259	0	0
0.26	-0.015	0
0.261	0	0
0.262	0	-5E-05
0.263	0	0
0.264	0	0
0.265	0	0
0.266	0.015	-5E-05
0.267	0	-5E-05
0.268	0.015	0
0.269	0	0
0.27	0	0
0.271	0	0
0.272	0	0
0.273	0	-5E-05
0.274	0.015	-5E-05
0.275	0	0
0.276	0	0
0.277	0	0
0.278	0	-5E-05
0.279	0	0
0.28	0	0
0.281	0	0
0.282	0	0
0.283	0	0
0.284	0	0
0.285	-0.015	0
0.286	0	0
0.287	0	0
0.288	0	-5E-05
0.289	0	-5E-05
0.29	0	0
0.291	0.015	0
0.292	0	0
0.293	0.015	0
0.294	0	-5E-05
0.295	-0.015	0
0.296	0.015	-5E-05
0.297	0	5E-05
0.298	0.015	-5E-05
0.299	0	0
0.3	-0.015	-5E-05
0.301	0	0
0.302	0	0
0.303	0.015	-5E-05
0.304	0	-5E-05
0.305	0	0
0.306	0	0
0.307	0.015	0
0.308	0.015	0
0.309	0	0
0.31	0	-5E-05
0.311	0	-5E-05
0.312	0	0
0.313	0.015	0
0.314	0	0
0.315	0.015	-5E-05
0.316	0	-5E-05
0.317	0.015	0
0.318	0.015	0
0.319	0	0
0.32	0.015	0
0.321	0	-5E-05
0.322	0.015	0
0.323	0.015	0
0.324	0	0
0.325	0.015	-5E-05
0.326	0	0
0.327	0.015	-5E-05
0.328	0.015	0
0.329	0	-5E-05
0.33	0	0
0.331	0.015	0
0.332	0.015	-5E-05
0.333	0.015	-5E-05
0.334	0	0
0.335	0.015	0
0.336	0	0
0.337	0.015	0
0.338	0	-5E-05
0.339	0	0
0.34	0	0
0.341	0.015	-5E-05
0.342	0.015	0
0.343	0	0
0.344	0	-5E-05
0.345	0	0
0.346	0	0
0.347	0	0
0.348	0.015	-5E-05
0.349	0	-5E-05
0.35	0.015	-5E-05
0.351	0	0
0.352	0	-5E-05
0.353	0	0
0.354	0	-5E-05
0.355	0	0
0.356	0	0
0.357	0.015	0
0.358	0	-5E-05
0.359	0.015	0
0.36	0	-5E-05
0.361	0	0
0.362	0	0
0.363	0	0
0.364	0	0
0.365	0.015	0
0.366	0	-5E-05
0.367	0.015	0
0.368	0	0
0.369	0	0
0.37	0	0
0.371	0	-5E-05
0.372	0.015	0
0.373	0	0
0.374	0	0
0.375	-0.015	0
0.376	0	0
0.377	0	0
0.378	0	0
0.379	0	-5E-05
0.38	0	0
0.381	0.015	0
0.382	0.015	-5E-05
0.383	0	-5E-05
0.384	0.015	0
0.385	0.015	-5E-05
0.386	0	0
0.387	0	-5E-05
0.388	0	0
0.389	0.015	0
0.39	0	0
0.391	0.015	-5E-05
0.392	0.015	0
0.393	0.015	-5E-05
0.394	0.015	0
0.395	0	-5E-05
0.396	0.015	0
0.397	0	0
0.398	0.015	-5E-05
0.399	0.015	0
0.4	0	0
0.401	0	-5E-05
0.402	0	0
0.403	0	0
0.404	0	-5E-05
0.405	0	0
0.406	0	-5E-05
0.407	-0.015	0
0.408	0.015	0
0.409	0.015	-5E-05
0.41	0	0
0.411	0.015	0
0.412	0	0
0.413	0	0
0.414	0	-5E-05
0.415	0.015	-5E-05
0.416	0	-5E-05
0.417	0	0
0.418	0	0
0.419	0	-5E-05
0.42	0	-5E-05
0.421	0.015	0
0.422	0	0
0.423	0.015	0
0.424	0.015	0
0.425	0.015	0
0.426	0	0
0.427	0	0
0.428	0.015	0
0.429	0	-5E-05
0.43	0.015	0
0.431	0	-5E-05
0.432	0.015	0
0.433	0.015	-5E-05
0.434	0	0
0.435	0.015	-5E-05
0.436	0	0
0.437	0	-5E-05
0.438	0	-5E-05
0.439	0	0
0.44	0.015	0
0.441	0.015	-5E-05
0.442	0.015	-5E-05
0.443	0	0
0.444	0	0
0.445	0.015	0
0.446	0	0
0.447	0	0
0.448	0.015	0
0.449	0	0
0.45	0.015	-5E-05
0.451	0	0
0.452	0	-5E-05
0.453	0	-5E-05
0.454	0	-5E-05
0.455	0	0
0.456	0	0
0.457	0.015	0
0.458	0.015	-5E-05
0.459	0	0
0.46	0	-5E-05
0.461	0	0
0.462	0	-5E-05
0.463	0	-5E-05
0.464	0	0
0.465	0.015	-5E-05
0.466	0.015	0
0.467	0.015	0
0.468	0	0
0.469	0.015	-5E-05
0.47	0.015	-5E-05
0.471	0	-5E-05
0.472	0.015	0
0.473	0	0
0.474	0.015	0
0.475	0.015	-5E-05
0.476	0	0
0.477	0	0
0.478	0	0
0.479	0.015	0
0.48	0	0
0.481	0	0
0.482	0	0
0.483	0	-5E-05
0.484	0.015	0
0.485	0	0
0.486	0	0
0.487	0.015	0
0.488	0	-5E-05
0.489	0	0
0.49	0.015	0
0.491	0	-5E-05
0.492	0.015	-5E-05
0.493	-0.015	5E-05
0.494	0	0
0.495	0	0
0.496	0	-5E-05
0.497	0	0
0.498	-0.015	-5E-05
0.499	0	-5E-05
0.5	0	-5E-05
0.501	0	0
0.502	0	-5E-05
0.503	0	-5E-05
0.504	0.015	0
0.505	0	-5E-05
0.506	0	0
0.507	0.015	-5E-05
0.508	0	0
0.509	0.015	0
0.51	0	0
0.511	0	0
0.512	0	0
0.513	0	-5E-05
0.514	0	0
0.515	0	0
0.516	0.015	0
0.517	0	-5E-05
0.518	0	-5E-05
0.519	0.015	0
0.52	0	0
0.521	0	0
0.522	0	-5E-05
0.523	0	-5E-05
0.524	0	0
0.525	0	0
0.526	0.015	-5E-05
0.527	0	0
0.528	0	0
0.529	0	-5E-05
0.53	0	0
0.531	0.015	0
0.532	0.015	0
0.533	0.015	0
0.534	0.015	-5E-05
0.535	0	0
0.536	0.015	0
0.537	0	0
0.538	0	0
0.539	0.015	0
0.54	0.03	-5E-05
0.541	0.015	0
0.542	0.015	0
0.543	0.015	0
0.544	0.015	0
0.545	0.015	-5E-05
0.546	0.015	-5E-05
0.547	0	0
0.548	0.015	0
0.549	0	0
0.55	0	-5E-05
0.551	0.015	0
0.552	0	0
0.553	0	0
0.554	0	0
0.555	0	0
0.556	0	-5E-05
0.557	0	0
0.558	0.015	0
0.559	0	0
0.56	0.015	-5E-05
0.561	0.015	0
0.562	0	0
0.563	0.015	0
0.564	0	0
0.565	0.015	0
0.566	0	0
0.567	0.015	-5E-05
0.568	0.015	0
0.569	0	0
0.57	0	0
0.571	0	0
0.572	0	0
0.573	0.015	0
0.574	0	0
0.575	0	0
0.576	0	0
0.577	0	0
0.578	0	0
0.579	0	-5E-05
0.58	0.015	0
0.581	0	0
0.582	0.015	0
0.583	0	-5E-05
0.584	-0.015	0
0.585	0.015	0
0.586	0	0
0.587	0.015	-5E-05
0.588	-0.015	0
0.589	0	-5E-05
0.59	0.015	0
0.591	0.015	0
0.592	0	0
0.593	0.015	-5E-05
0.594	0.015	-5E-05
0.595	0	0
0.596	0	0
0.597	0	0
0.598	0	0
0.599	0.015	-5E-05
0.6	0	-5E-05
0.601	-0.015	0
0.602	0	-5E-05
0.603	0	0
0.604	0	0
0.605	0	0
0.606	0	0
0.607	0.015	0
0.608	0	0
0.609	0	0
0.61	0	0
0.611	0	0
0.612	0	-5E-05
0.613	0	0
0.614	0	-5E-05
0.615	0.015	0
0.616	0.015	-5E-05
0.617	0	0
0.618	-0.015	0
0.619	0.015	0
0.62	0	0
0.621	-0.015	0
0.622	0	0
0.623	-0.015	0
0.624	0	-5E-05
0.625	0	0
0.626	0	-5E-05
0.627	0	-5E-05
0.628	0	0
0.629	0	0
0.63	0	0
0.631	0	-5E-05
0.632	0.015	0
0.633	0.015	0
0.634	0	-5E-05
0.635	0	0
0.636	0	0
0.637	0	-5E-05
0.638	0	0
0.639	0	0
0.64	0	0
0.641	0.015	-5E-05
0.642	0	0
0.643	0	-5E-05
0.644	0	0
0.645	0	0
0.646	0.015	0
0.647	0	0
0.648	0.015	0
0.649	0.015	0
0.65	0.015	0
0.651	0	0
0.652	0	0
0.653	0.015	-5E-05
0.654	0	-5E-05
0.655	0	0
0.656	0.015	0
0.657	0	0
0.658	0.015	0
0.659	0	0
0.66	0.015	-5E-05
0.661	0.015	0
0.662	0.015	0
0.663	0.015	0
0.664	0	0
0.665	0.015	-5E-05
0.666	0.015	0
0.667	0	0
0.668	0.015	0
0.669	0	0
0.67	0	0
0.671	0.015	0
0.672	0	0
0.673	0.03	0
0.674	0.015	0
0.675	0	0
0.676	0	-5E-05
0.677	0	0
0.678	0.015	0
0.679	0	0
0.68	0	0
0.681	0.015	0
0.682	0.015	0
0.683	0.015	0
0.684	0.015	-5E-05
0.685	0	0
0.686	0	0
0.687	0	0
0.688	0.015	0
0.689	0	0
0.69	0.015	-5E-05
0.691	0	0
0.692	0	0
0.693	-0.015	0
0.694	0	0
0.695	0	-5E-05
0.696	0	0
0.697	0	-5E-05
0.698	0	-5E-05
0.699	0	-5E-05
0.7	0	0
0.701	0	0
0.702	0	0
0.703	-0.015	-5E-05
0.704	-0.015	0
0.705	0	0
0.706	0	0
0.707	0	-5E-05
0.708	0	0
0.709	0	-5E-05
0.71	0	0
0.711	-0.015	0
0.712	0.015	0
0.713	0	0
0.714	0	-5E-05
0.715	0	0
0.716	-0.015	0
0.717	0.03	0
0.718	0	0
0.719	0	0
0.72	0	-5E-05
0.721	-0.015	0
0.722	0.015	0
0.723	0	-5E-05
0.724	0	-5E-05
0.725	0	-5E-05
0.726	0	0
0.727	0.015	0
0.728	0	-5E-05
0.729	0	0
0.73	0	-5E-05
0.731	0	0
0.732	0.015	-5E-05
0.733	0	0
0.734	0	-5E-05
0.735	0	-5E-05
0.736	0	-5E-05
0.737	0.015	0
0.738	0	0
0.739	0.015	0
0.74	0.015	-5E-05
0.741	0	0
0.742	0.03	0
0.743	0	0
0.744	0	0
0.745	0	0
0.746	0.015	0
0.747	0.015	-5E-05
0.748	0	0
0.749	0.015	-5E-05
0.75	0	-5E-05
0.751	0.015	0
0.752	0	-5E-05
0.753	0	0
0.754	0	0
0.755	0	0
0.756	0.015	0
0.757	0.015	0
0.758	0.015	-5E-05
0.759	0.015	-5E-05
0.76	0	0
0.761	0.015	0
0.762	0	0
0.763	0.015	-5E-05
0.764	0.015	0
0.765	0	-5E-05
0.766	0.015	0
0.767	-0.015	-5E-05
0.768	0	0
0.769	0	-5E-05
0.77	0	0
0.771	0	0
0.772	0.015	0
0.773	0	-5E-05
0.774	0	-5E-05
0.775	0	0
0.776	0	0
0.777	0	-5E-05
0.778	0	0
0.779	0	0
0.78	0	0
0.781	0.015	0
0.782	0	-5E-05
0.783	0	0
0.784	0	-5E-05
0.785	0	-5E-05
0.786	0	0
0.787	0	0
0.788	0.015	0
0.789	0	-5E-05
0.79	0.015	0
0.791	0.015	0
0.792	0	0
0.793	0.015	-5E-05
0.794	0	0
0.795	0	-5E-05
0.796	0	0
0.797	0	-5E-05
0.798	0.015	0
0.799	0	-5E-05
0.8	0	0
0.801	0.015	-5E-05
0.802	0	0
0.803	0	0
0.804	0	0
0.805	0	0
0.806	0.015	0
0.807	0.015	-5E-05
0.808	0.015	-5E-05
0.809	0.015	0
0.81	0.015	0
0.811	0	0
0.812	0.015	-5E-05
0.813	0	0
0.814	0	0
0.815	0.015	0
0.816	0.015	-5E-05
0.817	0	0
0.818	0	0
0.819	0	-5E-05
0.82	0	0
0.821	0	0
0.822	0	-5E-05
0.823	0.015	0
0.824	0	0
0.825	0.015	0
0.826	0.015	-5E-05
0.827	0	0
0.828	0	0
0.829	0	0
0.83	0	0
0.831	0.015	0
0.832	0.015	0
0.833	0.015	0
0.834	0	-5E-05
0.835	0.015	0
0.836	0	0
0.837	0	-5E-05
0.838	0	0
0.839	0.015	0
0.84	0.015	0
0.841	0	-5E-05
0.842	0.015	0
0.843	0	-5E-05
0.844	0.015	0
0.845	0	-5E-05
0.846	0	0
0.847	0	0
0.848	0	0
0.849	0.015	-5E-05
0.85	0	-5E-05
0.851	0	0
0.852	0.015	-5E-05
0.853	0	0
0.854	0	-5E-05
0.855	0	0
0.856	0	-0.0001
0.857	0.015	0
0.858	0	0
0.859	0	0
0.86	0	0
0.861	0	0
0.862	0.015	0
0.863	0	0
0.864	0.015	0
0.865	0.015	0
0.866	0.015	-5E-05
0.867	0.015	0
0.868	0	0
0.869	0	0
0.87	0	0
0.871	0	0
0.872	0.015	0
0.873	0	0
0.874	0.015	0
0.875	0	0
0.876	0.015	-5E-05
0.877	0	0
0.878	0	-5E-05
0.879	0.015	-5E-05
0.88	0	0
0.881	0.015	0
0.882	0.015	0
0.883	0.015	-5E-05
0.884	0.015	5E-05
0.885	0	-5E-05
0.886	0	-5E-05
0.887	0	0
0.888	0	0
0.889	0.015	0
0.89	0.015	-5E-05
0.891	0.015	-5E-05
0.892	0	0
0.893	0.015	0
0.894	0	0
0.895	0	0
0.896	0	0
0.897	0	0
0.898	0.015	-5E-05
0.899	0	-5E-05
0.9	0	0
0.901	0	0
0.902	0	0
0.903	0	0
0.904	0	-5E-05
0.905	0	0
0.906	0.015	0
0.907	0	0
0.908	0	-5E-05
0.909	0	0
0.91	0	-5E-05
0.911	0	0
0.912	0	0
0.913	0	0
0.914	0	0
0.915	0.015	0
0.916	0	-5E-05
0.917	0	0
0.918	0.015	0
0.919	0	0
0.92	0	-5E-05
0.921	0	-5E-05
0.922	0	5E-05
0.923	0	0
0.924	0	0
0.925	0.015	-5E-05
0.926	0	0
0.927	0	-5E-05
0.928	0.015	0
0.929	-0.015	0
0.93	0	0
0.931	0	0
0.932	0	-5E-05
0.933	0.015	-5E-05
0.934	0	0
0.935	0	-5E-05
0.936	0	-5E-05
0.937	0	-5E-05
0.938	0	0
0.939	0	0
0.94	0.015	0
0.941	0	-5E-05
0.942	0	0
0.943	0	-5E-05
0.944	0	-5E-05
0.945	0	0
0.946	0	-5E-05
0.947	0	0
0.948	0.015	-5E-05
0.949	0	0
0.95	0	-5E-05
0.951	-0.015	0
0.952	0	0
0.953	0	0
0.954	0	-5E-05
0.955	0	0
0.956	0	0
0.957	0.015	-5E-05
0.958	0.015	-5E-05
0.959	0	-5E-05
0.96	0	0
0.961	-0.015	0
0.962	0	-5E-05
0.963	0	-5E-05
0.964	0	0
0.965	0	0
0.966	0	0
0.967	0.015	-5E-05
0.968	0	0
0.969	0.015	-5E-05
0.97	0	0
0.971	0	0
0.972	0.015	0
0.973	0	-5E-05
0.974	0	0
0.975	0	-5E-05
0.976	0	0
0.977	0.015	0
0.978	0	-5E-05
0.979	0	0
0.98	0	0
0.981	0	-5E-05
0.982	0.015	0
0.983	0	0
0.984	0.015	0
0.985	0	-5E-05
0.986	0.015	0
0.987	0	0
0.988	0	-5E-05
0.989	0.015	0
0.99	0.015	0
0.991	0.015	-5E-05
0.992	0	-5E-05
0.993	0	-5E-05
0.994	0.015	0
0.995	0	0
0.996	0	-5E-05
0.997	0.015	0
0.998	0	0
0.999	0.015	0
1	0	-5E-05
1.001	0	0
1.002	0.015	0
1.003	0	-5E-05
1.004	0.015	-5E-05
1.005	0	-5E-05
1.006	0.015	0
1.007	0.015	-5E-05
1.008	0.015	-5E-05
1.009	0.015	0
1.01	0	0
1.011	0.015	-5E-05
1.012	0	0
1.013	0.015	0
1.014	0	0
1.015	0.015	0
1.016	0	-5E-05
1.017	0.015	-5E-05
1.018	0.015	0
1.019	0	-5E-05
1.02	0	0
1.021	0	0
1.022	0	0
1.023	0.015	-5E-05
1.024	0.015	0
1.025	0	-5E-05
1.026	0.015	0
1.027	0	0
1.028	0	0
1.029	0	0
1.03	0	0
1.031	0.015	0
1.032	0	0
1.033	0.015	-5E-05
1.034	0	0
1.035	0	-5E-05
1.036	0.015	0
1.037	-0.015	0
1.038	0	-5E-05
1.039	0	0
1.04	0.03	0
1.041	0	-5E-05
1.042	0	-5E-05
1.043	0	0
1.044	0	-5E-05
1.045	0	0
1.046	-0.015	0
1.047	-0.015	0
1.048	0	0
1.049	0	0
1.05	0	-5E-05
1.051	0	-5E-05
1.052	0	0
1.053	0.015	0
1.054	-0.015	0
1.055	0	0
1.056	-0.015	0
1.057	0	-5E-05
1.058	0	0
1.059	0	-5E-05
1.06	0	0
1.061	0	0
1.062	0	0
1.063	0	0
1.064	0	0
1.065	0	0
1.066	0	-5E-05
1.067	0.015	-5E-05
1.068	0	-5E-05
1.069	0	0
1.07	0	-5E-05
1.071	-0.015	-5E-05
1.072	0	-5E-05
1.073	0	0
1.074	0.015	0
1.075	0.015	0
1.076	0	-5E-05
1.077	0.015	0
1.078	0.015	0
1.079	0	-5E-05
1.08	0.015	0
1.081	0	0
1.082	0.015	0
1.083	0	-5E-05
1.084	0.015	-5E-05
1.085	0.015	0
1.086	0	0
1.087	0.015	0
1.088	0	0
1.089	0.015	-5E-05
1.09	0.015	0
1.091	0.015	0
1.092	0.015	0
1.093	0.015	0
1.094	0.015	0
1.095	0.015	0
1.096	0	5E-05
1.097	0	0
1.098	0	0
1.099	0.015	-5E-05
1.1	0.015	-5E-05
1.101	0.015	-5E-05
1.102	0.015	0
1.103	0.015	0
1.104	0.015	0
1.105	0.015	0
1.106	0	0
1.107	0.015	0
1.108	0.015	0
1.109	0.015	-5E-05
1.11	0	0
1.111	0	0
1.112	0.015	0
1.113	0	0
1.114	0.015	0
1.115	0	0
1.116	0.015	-5E-05
1.117	0	-5E-05
1.118	0	-5E-05
1.119	0.015	0
1.12	0	0
1.121	0	0
1.122	-0.015	-5E-05
1.123	0	0
1.124	0.015	0
1.125	0	0
1.126	0	0
1.127	0	0
1.128	0	0
1.129	0.015	0
1.13	-0.015	0
1.131	0	0
1.132	0	0
1.133	0	0
1.134	0	0
1.135	0	0
1.136	0	0
1.137	0	0
1.138	0	0
1.139	0	-5E-05
1.14	0	0
1.141	0	0
1.142	0	0
1.143	0.015	-5E-05
1.144	0	0
1.145	0	0
1.146	0.015	0
1.147	0	0
1.148	0	0
1.149	0	0
1.15	0	0
1.151	0.015	0
1.152	0	0
1.153	0.015	0
1.154	0.015	0
1.155	0	-5E-05
1.156	0	-5E-05
1.157	0	0
1.158	0	0
1.159	0.015	0
1.16	0.015	0
1.161	0	0
1.162	0	0
1.163	0.015	-5E-05
1.164	0	0
1.165	0	-5E-05
1.166	0	0
1.167	0	0
1.168	0.015	0
1.169	0	0
1.17	0	0
1.171	0.015	-5E-05
1.172	0	0
1.173	0	-5E-05
1.174	0	0
1.175	0	0
1.176	0	0
1.177	0.015	0
1.178	0.015	-5E-05
1.179	0	0
1.18	0.015	0
1.181	0.015	0
1.182	0	-5E-05
1.183	0.015	0
1.184	0	0
1.185	0.015	0
1.186	0	-5E-05
1.187	0.015	0
1.188	0.015	0
1.189	0	0
1.19	0	0
1.191	0.015	0
1.192	0.045	-5E-05
1.193	0.075	0
1.194	0.09	0
1.195	0.105	0
1.196	0.135	0
1.197	0.15	0
1.198	0.18	-5E-05
1.199	0.21	-5E-05
1.2	0.24	0
1.201	0.27	0
1.202	0.3	0
1.203	0.33	0
1.204	0.345	0
1.205	0.375	-5E-05
1.206	0.405	0
1.207	0.435	0
1.208	0.48	0
1.209	0.51	-5E-05
1.21	0.525	0
1.211	0.555	5E-05
1.212	0.6	0.00015
1.213	0.615	0.0002
1.214	0.675	0.0003
1.215	0.69	0.0003
1.216	0.72	0.0003
1.217	0.765	0.0003
1.218	0.78	0.0003
1.219	0.81	0.0003
1.22	0.84	0.0003
1.221	0.885	0.0003
1.222	0.915	0.00035
1.223	0.945	0.00035
1.224	0.99	0.00035
1.225	1.02	0.0004
1.226	1.065	0.00035
1.227	1.095	0.0004
1.228	1.14	0.0004
1.229	1.185	0.0004
1.23	1.215	0.00045
1.231	1.26	0.0004
1.232	1.305	0.00045
1.233	1.35	0.00045
1.234	1.395	0.00045
1.235	1.44	0.00045
1.236	1.485	0.00045
1.237	1.53	0.00045
1.238	1.575	0.0005
1.239	1.62	0.0005
1.24	1.665	0.0005
1.241	1.725	0.0006
1.242	1.77	0.00055
1.243	1.815	0.0006
1.244	1.875	0.00065
1.245	1.92	0.00065
1.246	1.965	0.0007
1.247	2.025	0.0007
1.248	2.07	0.0008
1.249	2.145	0.0008
1.25	2.175	0.00085
1.251	2.235	0.00095
1.252	2.295	0.00095
1.253	2.355	0.00105
1.254	2.415	0.0011
1.255	2.445	0.00115
1.256	2.505	0.0012
1.257	2.565	0.0013
1.258	2.625	0.0013
1.259	2.685	0.0014
1.26	2.73	0.00155
1.261	2.805	0.0016
1.262	2.865	0.00165
1.263	2.925	0.0017
1.264	2.97	0.0018
1.265	3.03	0.00185
1.266	3.105	0.00195
1.267	3.165	0.00205
1.268	3.225	0.0021
1.269	3.3	0.0022
1.27	3.345	0.00225
1.271	3.42	0.00235
1.272	3.48	0.0024
1.273	3.525	0.0025
1.274	3.6	0.0026
1.275	3.675	0.0027
1.276	3.735	0.00275
1.277	3.795	0.0028
1.278	3.855	0.0029
1.279	3.93	0.003
1.28	3.99	0.00315
1.281	4.065	0.00315
1.282	4.125	0.00325
1.283	4.2	0.0033
1.284	4.245	0.00345
1.285	4.305	0.0035
1.286	4.38	0.00355
1.287	4.425	0.0037
1.288	4.515	0.0037
1.289	4.59	0.00385
1.29	4.65	0.0039
1.291	4.71	0.004
1.292	4.755	0.00405
1.293	4.845	0.00415
1.294	4.905	0.0043
1.295	4.965	0.00435
1.296	5.04	0.0045
1.297	5.1	0.00455
1.298	5.175	0.00465
1.299	5.25	0.00475
1.3	5.31	0.0048
1.301	5.385	0.0049
1.302	5.445	0.00495
1.303	5.505	0.00505
1.304	5.58	0.00515
1.305	5.655	0.00525
1.306	5.73	0.00535
1.307	5.79	0.00545
1.308	5.85	0.0055
1.309	5.925	0.0056
1.31	5.985	0.00575
1.311	6.045	0.0058
1.312	6.12	0.0059
1.313	6.195	0.00595
1.314	6.27	0.00605
1.315	6.33	0.00615
1.316	6.405	0.00615
1.317	6.465	0.00625
1.318	6.555	0.00635
1.319	6.615	0.0064
1.32	6.69	0.00645
1.321	6.765	0.00655
1.322	6.825	0.00665
1.323	6.885	0.0067
1.324	6.975	0.00685
1.325	7.035	0.0069
1.326	7.11	0.007
1.327	7.2	0.0071
1.328	7.275	0.00715
1.329	7.335	0.0073
1.33	7.41	0.00735
1.331	7.485	0.00745
1.332	7.56	0.00755
1.333	7.65	0.00765
1.334	7.725	0.0078
1.335	7.8	0.0079
1.336	7.89	0.00795
1.337	7.965	0.00805
1.338	8.055	0.0082
1.339	8.13	0.00835
1.34	8.205	0.00845
1.341	8.325	0.00855
1.342	8.4	0.0087
1.343	8.505	0.0089
1.344	8.61	0.009
1.345	8.715	0.00915
1.346	8.835	0.00925
1.347	8.925	0.0094
1.348	9.045	0.00955
1.349	9.165	0.0097
1.35	9.255	0.00985
1.351	9.375	0.00995
1.352	9.495	0.0101
1.353	9.6	0.0103
1.354	9.735	0.01045
1.355	9.84	0.0106
1.356	9.99	0.01075
1.357	10.11	0.01095
1.358	10.245	0.01105
1.359	10.365	0.01125
1.36	10.485	0.01145
1.361	10.635	0.0116
1.362	10.77	0.01175
1.363	10.89	0.0119
1.364	11.055	0.0121
1.365	11.19	0.0123
1.366	11.325	0.01245
1.367	11.475	0.0126
1.368	11.595	0.0128
1.369	11.76	0.013
1.37	11.895	0.0132
1.371	12.045	0.01335
1.372	12.195	0.01355
1.373	12.345	0.0137
1.374	12.51	0.0139
1.375	12.645	0.01405
1.376	12.81	0.0142
1.377	12.96	0.0144
1.378	13.095	0.01465
1.379	13.275	0.0148
1.38	13.41	0.01495
1.381	13.575	0.01515
1.382	13.725	0.0153
1.383	13.875	0.01555
1.384	14.04	0.01575
1.385	14.19	0.01595
1.386	14.355	0.01615
1.387	14.52	0.01635
1.388	14.685	0.0165
1.389	14.85	0.01675
1.39	15	0.01695
1.391	15.195	0.01715
1.392	15.36	0.0174
1.393	15.525	0.0176
1.394	15.705	0.0178
1.395	15.885	0.01805
1.396	16.065	0.0183
1.397	16.125	0.01695
1.398	16.14	0.01685
1.399	16.155	0.01675
1.4	16.17	0.0168
1.401	16.17	0.01675
1.402	16.17	0.0167
1.403	16.17	0.0167
1.404	16.185	0.0166
1.405	16.17	0.01665
1.406	16.17	0.01675
1.407	16.185	0.0167
1.408	16.185	0.0166
1.409	16.185	0.01665
1.41	16.185	0.0167
1.411	16.17	0.0167
1.412	16.185	0.01665
1.413	16.185	0.0167
1.414	16.185	0.0166
1.415	16.185	0.01665
1.416	16.17	0.0167
1.417	16.17	0.0167
1.418	16.185	0.0167
1.419	16.185	0.01665
1.42	16.2	0.01665
1.421	16.185	0.01665
1.422	16.185	0.0167
1.423	16.185	0.01665
1.424	16.17	0.0167
1.425	16.185	0.01665
1.426	16.17	0.01665
1.427	16.185	0.01665
1.428	16.185	0.01665
1.429	16.17	0.0167
1.43	16.185	0.01665
1.431	16.185	0.01665
1.432	16.185	0.01665
1.433	16.17	0.0167
1.434	16.185	0.0167
1.435	16.185	0.01665
1.436	16.17	0.01665
1.437	16.185	0.0166
1.438	16.185	0.0167
1.439	16.185	0.01675
1.44	16.2	0.01665
1.441	16.185	0.0166
1.442	16.17	0.0166
1.443	16.185	0.0166
1.444	16.17	0.0167
1.445	16.185	0.0167
1.446	16.17	0.01665
1.447	16.17	0.0167
1.448	16.185	0.0167
1.449	16.185	0.01665
1.45	16.185	0.0167
1.451	16.185	0.01665
1.452	16.185	0.0167
1.453	16.2	0.01665
1.454	16.185	0.01665
1.455	16.185	0.01665
1.456	16.185	0.0167
1.457	16.17	0.0167
1.458	16.185	0.01665
1.459	16.185	0.01665
1.46	16.185	0.01665
1.461	16.17	0.0167
1.462	16.17	0.01665
1.463	16.185	0.0167
1.464	16.185	0.0166
1.465	16.185	0.01665
1.466	16.185	0.01665
1.467	16.17	0.01665
1.468	16.185	0.01665
1.469	16.17	0.01665
1.47	16.17	0.0166
1.471	16.185	0.0167
1.472	16.185	0.0167
1.473	16.2	0.01665
1.474	16.185	0.01665
1.475	16.185	0.01665
1.476	16.185	0.01665
1.477	16.17	0.0166
1.478	16.185	0.01665
1.479	16.17	0.0167
1.48	16.17	0.01665
1.481	16.185	0.01665
1.482	16.17	0.0167
1.483	16.2	0.01665
1.484	16.185	0.01665
1.485	16.185	0.01665
1.486	16.185	0.01665
1.487	16.185	0.01665
1.488	16.17	0.01665
1.489	16.185	0.0167
1.49	16.17	0.0167
1.491	16.17	0.01665
1.492	16.185	0.01665
1.493	16.17	0.0167
1.494	16.185	0.0167
1.495	16.185	0.0167
1.496	16.185	0.01665
1.497	16.185	0.01665
1.498	16.185	0.01665
1.499	16.215	0.01665
1.5	16.185	0.01665
1.501	16.185	0.01665
1.502	16.185	0.01665
1.503	16.185	0.01665
1.504	16.185	0.01675
1.505	16.185	0.0167
1.506	16.185	0.01665
1.507	16.2	0.01665
1.508	16.185	0.01665
1.509	16.185	0.01665
1.51	16.185	0.0166
1.511	16.185	0.0167
1.512	16.185	0.0167
1.513	16.185	0.01665
1.514	16.2	0.0167
1.515	16.185	0.0167
1.516	16.185	0.01665
1.517	16.2	0.0167
1.518	16.2	0.01665
1.519	16.2	0.01665
1.52	16.185	0.0167
1.521	16.17	0.01665
1.522	16.2	0.01665
1.523	16.2	0.0167
1.524	16.185	0.01665
1.525	16.17	0.0167
1.526	16.185	0.01675
1.527	16.2	0.01665
1.528	16.185	0.01665
1.529	16.185	0.0167
1.53	16.185	0.01665
1.531	16.17	0.01665
1.532	16.185	0.01665
1.533	16.185	0.01665
1.534	16.185	0.0167
1.535	16.185	0.01665
1.536	16.17	0.0167
1.537	16.185	0.0167
1.538	16.185	0.0167
1.539	16.185	0.01675
1.54	16.185	0.01665
1.541	16.185	0.01665
1.542	16.185	0.01665
1.543	16.185	0.0167
1.544	16.17	0.0167
1.545	16.185	0.0167
1.546	16.185	0.0167
1.547	16.185	0.01675
1.548	16.185	0.01665
1.549	16.185	0.0167
1.55	16.185	0.01665
1.551	16.185	0.01665
1.552	16.17	0.01675
1.553	16.2	0.0167
1.554	16.17	0.0167
1.555	16.185	0.0167
1.556	16.17	0.01665
1.557	16.17	0.0167
1.558	16.17	0.01675
1.559	16.185	0.0167
1.56	16.185	0.0167
1.561	16.185	0.0167
1.562	16.185	0.0167
1.563	16.185	0.0167
1.564	16.17	0.01675
1.565	16.17	0.0167
1.566	16.17	0.0167
1.567	16.17	0.0167
1.568	16.185	0.01665
1.569	16.17	0.0167
1.57	16.185	0.0167
1.571	16.185	0.0167
1.572	16.185	0.01665
1.573	16.185	0.0167
1.574	16.185	0.01665
1.575	16.17	0.01665
1.576	16.185	0.0167
1.577	16.185	0.0167
1.578	16.2	0.0167
1.579	16.185	0.01665
1.58	16.185	0.01675
1.581	16.185	0.01665
1.582	16.185	0.0167
1.583	16.185	0.01665
1.584	16.185	0.01665
1.585	16.17	0.0167
1.586	16.185	0.0167
1.587	16.185	0.0167
1.588	16.185	0.01665
1.589	16.185	0.0167
1.59	16.17	0.01665
1.591	16.185	0.0167
1.592	16.185	0.0167
1.593	16.185	0.01665
1.594	16.185	0.01665
1.595	16.185	0.01665
1.596	16.185	0.01675
1.597	16.185	0.0167
1.598	16.185	0.01675
1.599	16.185	0.0167
1.6	16.185	0.0167
1.601	16.185	0.0167
1.602	16.185	0.0167
1.603	16.185	0.0167
1.604	16.185	0.0167
1.605	16.185	0.01665
1.606	16.2	0.0167
1.607	16.185	0.0167
1.608	16.17	0.01675
1.609	16.185	0.01665
1.61	16.185	0.01665
1.611	16.17	0.01665
1.612	16.185	0.0167
1.613	16.17	0.0167
1.614	16.185	0.01665
1.615	16.185	0.0167
1.616	16.185	0.0167
1.617	16.185	0.01675
1.618	16.17	0.01665
1.619	16.185	0.0167
1.62	16.17	0.0167
1.621	16.17	0.0167
1.622	16.185	0.01675
1.623	16.185	0.01675
1.624	16.2	0.01675
1.625	16.185	0.0167
1.626	16.185	0.01665
1.627	16.2	0.0167
1.628	16.185	0.0167
1.629	16.185	0.0167
1.63	16.185	0.0167
1.631	16.17	0.0167
1.632	16.2	0.0167
1.633	16.185	0.0167
1.634	16.17	0.0167
1.635	16.185	0.0167
1.636	16.185	0.0167
1.637	16.2	0.0167
1.638	16.185	0.01665
1.639	16.17	0.01675
1.64	16.185	0.0167
1.641	16.185	0.0167
1.642	16.185	0.01675
1.643	16.185	0.01665
1.644	16.185	0.01675
1.645	16.185	0.0168
1.646	16.185	0.0167
1.647	16.2	0.01675
1.648	16.185	0.01665
1.649	16.185	0.01675
1.65	16.185	0.01665
1.651	16.185	0.0167
1.652	16.185	0.0167
1.653	16.185	0.0167
1.654	16.185	0.0167
1.655	16.185	0.0167
1.656	16.185	0.0167
1.657	16.185	0.0167
1.658	16.185	0.0167
1.659	16.185	0.0167
1.66	16.2	0.0167
1.661	16.185	0.01665
1.662	16.185	0.0167
1.663	16.185	0.0167
1.664	16.185	0.0167
1.665	16.2	0.01675
1.666	16.185	0.0167
1.667	16.17	0.0167
1.668	16.2	0.01665
1.669	16.185	0.0167
1.67	16.185	0.0167
1.671	16.185	0.01675
1.672	16.17	0.01675
1.673	16.185	0.0167
1.674	16.185	0.01675
1.675	16.17	0.01665
1.676	16.17	0.0167
1.677	16.185	0.01675
1.678	16.185	0.01675
1.679	16.185	0.0167
1.68	16.185	0.01675
1.681	16.185	0.0167
1.682	16.185	0.0167
1.683	16.2	0.0167
1.684	16.185	0.0167
1.685	16.17	0.01675
1.686	16.185	0.01675
1.687	16.185	0.0167
1.688	16.185	0.01675
1.689	16.185	0.0167
1.69	16.185	0.01675
1.691	16.2	0.0167
1.692	16.185	0.01675
1.693	16.185	0.0167
1.694	16.2	0.0167
1.695	16.185	0.0168
1.696	16.185	0.01675
1.697	16.185	0.0167
1.698	16.185	0.0167
1.699	16.185	0.01675
1.7	16.17	0.0167
1.701	16.185	0.0167
1.702	16.185	0.0167
1.703	16.17	0.0167
1.704	16.185	0.0168
1.705	16.185	0.01665
1.706	16.17	0.01675
1.707	16.185	0.01665
1.708	16.17	0.0167
1.709	16.185	0.0167
1.71	16.17	0.0167
1.711	16.185	0.01675
1.712	16.185	0.01675
1.713	16.185	0.01675
1.714	16.185	0.0168
1.715	16.17	0.01675
1.716	16.185	0.0167
1.717	16.17	0.01675
1.718	16.185	0.0168
1.719	16.185	0.0167
1.72	16.185	0.0167
1.721	16.185	0.01675
1.722	16.185	0.0167
1.723	16.185	0.0167
1.724	16.185	0.01675
1.725	16.185	0.01675
1.726	16.17	0.01675
1.727	16.185	0.01675
1.728	16.17	0.01675
1.729	16.185	0.0167
1.73	16.185	0.0167
1.731	16.17	0.0168
1.732	16.185	0.01675
1.733	16.185	0.01675
1.734	16.185	0.0167
1.735	16.185	0.0168
1.736	16.185	0.0167
1.737	16.185	0.0167
1.738	16.17	0.0167
1.739	16.185	0.0167
1.74	16.185	0.01675
1.741	16.185	0.0167
1.742	16.185	0.0167
1.743	16.185	0.01675
1.744	16.185	0.01675
1.745	16.2	0.0167
1.746	16.185	0.01675
1.747	16.185	0.01675
1.748	16.185	0.0167
1.749	16.185	0.01675
1.75	16.185	0.0167
1.751	16.185	0.0167
1.752	16.185	0.01675
1.753	16.185	0.01675
1.754	16.185	0.01675
1.755	16.185	0.01675
1.756	16.185	0.0167
1.757	16.2	0.0167
1.758	16.185	0.0167
1.759	16.17	0.01675
1.76	16.185	0.01675
1.761	16.185	0.01675
1.762	16.185	0.0167
1.763	16.185	0.0168
1.764	16.185	0.0168
1.765	16.185	0.0167
1.766	16.185	0.01675
1.767	16.185	0.01675
1.768	16.185	0.01675
1.769	16.185	0.01675
1.77	16.185	0.01675
1.771	16.185	0.0167
1.772	16.185	0.01675
1.773	16.185	0.0168
1.774	16.185	0.0167
1.775	16.185	0.01685
1.776	16.185	0.0168
1.777	16.185	0.0167
1.778	16.185	0.01675
1.779	16.185	0.0167
1.78	16.185	0.0167
1.781	16.185	0.01675
1.782	16.17	0.01675
1.783	16.185	0.0168
1.784	16.185	0.01675
1.785	16.185	0.01675
1.786	16.185	0.01675
1.787	16.185	0.01675
1.788	16.185	0.01675
1.789	16.185	0.01675
1.79	16.185	0.01665
1.791	16.185	0.01675
1.792	16.185	0.01675
1.793	16.185	0.01675
1.794	16.185	0.0167
1.795	16.185	0.0167
1.796	16.185	0.01675
1.797	16.185	0.0168
1.798	16.185	0.0167
1.799	16.185	0.01675
1.8	16.185	0.0167
1.801	16.185	0.01675
1.802	16.185	0.0168
1.803	16.185	0.01675
1.804	16.185	0.01675
1.805	16.17	0.0168
1.806	16.185	0.01675
1.807	16.185	0.0167
1.808	16.185	0.0167
1.809	16.185	0.01675
1.81	16.185	0.01675
1.811	16.185	0.01675
1.812	16.185	0.01675
1.813	16.185	0.0168
1.814	16.185	0.0168
1.815	16.185	0.01675
1.816	16.185	0.01675
1.817	16.185	0.01675
1.818	16.185	0.01675
1.819	16.185	0.01675
1.82	16.185	0.01675
1.821	16.185	0.0168
1.822	16.185	0.01675
1.823	16.185	0.01675
1.824	16.185	0.0167
1.825	16.2	0.01675
1.826	16.185	0.0167
1.827	16.185	0.0168
1.828	16.17	0.0167
1.829	16.185	0.01675
1.83	16.185	0.0168
1.831	16.185	0.0167
1.832	16.185	0.0167
1.833	16.185	0.01675
1.834	16.185	0.01675
1.835	16.185	0.0168
1.836	16.2	0.01675
1.837	16.185	0.01675
1.838	16.17	0.01675
1.839	16.185	0.0167
1.84	16.17	0.01675
1.841	16.17	0.01675
1.842	16.185	0.01675
1.843	16.185	0.01675
1.844	16.185	0.01675
1.845	16.185	0.01675
1.846	16.185	0.0167
1.847	16.185	0.01675
1.848	16.185	0.01675
1.849	16.185	0.0167
1.85	16.185	0.01675
1.851	16.185	0.0168
1.852	16.185	0.01675
1.853	16.185	0.01675
1.854	16.185	0.01675
1.855	16.2	0.0167
1.856	16.185	0.0168
1.857	16.185	0.01675
1.858	16.185	0.01675
1.859	16.185	0.0168
1.86	16.185	0.0168
1.861	16.185	0.01675
1.862	16.185	0.01675
1.863	16.185	0.0168
1.864	16.185	0.0167
1.865	16.185	0.0168
1.866	16.185	0.01675
1.867	16.185	0.0168
1.868	16.185	0.0167
1.869	16.185	0.01675
1.87	16.185	0.0168
1.871	16.17	0.01675
1.872	16.185	0.01665
1.873	16.185	0.0168
1.874	16.185	0.0168
1.875	16.185	0.01675
1.876	16.185	0.0168
1.877	16.185	0.0167
1.878	16.185	0.01675
1.879	16.185	0.01675
1.88	16.185	0.0168
1.881	16.17	0.0167
1.882	16.17	0.0168
1.883	16.185	0.0168
1.884	16.185	0.01675
1.885	16.2	0.01675
1.886	16.185	0.0168
1.887	16.17	0.0167
1.888	16.185	0.01675
1.889	16.185	0.0168
1.89	16.185	0.01675
1.891	16.17	0.01675
1.892	16.17	0.0168
1.893	16.17	0.01675
1.894	16.17	0.0167
1.895	16.185	0.01675
1.896	16.185	0.0168
1.897	16.17	0.0168
1.898	16.185	0.01675
1.899	16.185	0.01675
1.9	16.185	0.01675
1.901	16.185	0.0168
1.902	16.17	0.0168
1.903	16.17	0.01675
1.904	16.185	0.0167
1.905	16.185	0.0168
1.906	16.185	0.0168
1.907	16.17	0.01675
1.908	16.2	0.01675
1.909	16.185	0.01675
1.91	16.17	0.01675
1.911	16.17	0.0168
1.912	16.17	0.01675
1.913	16.185	0.01675
1.914	16.17	0.01685
1.915	16.17	0.01675
1.916	16.17	0.01675
1.917	16.185	0.01675
1.918	16.185	0.0168
1.919	16.185	0.01675
1.92	16.185	0.01675
1.921	16.185	0.01675
1.922	16.17	0.01675
1.923	16.185	0.01675
1.924	16.185	0.0168
1.925	16.185	0.0168
1.926	16.185	0.0168
1.927	16.185	0.01675
1.928	16.185	0.01675
1.929	16.2	0.0168
1.93	16.185	0.01675
1.931	16.185	0.01675
1.932	16.185	0.0167
1.933	16.185	0.0168
1.934	16.2	0.01675
1.935	16.185	0.01675
1.936	16.185	0.01675
1.937	16.17	0.01675
1.938	16.185	0.0168
1.939	16.185	0.0168
1.94	16.2	0.01675
1.941	16.185	0.01675
1.942	16.185	0.01675
1.943	16.185	0.0168
1.944	16.185	0.01675
1.945	16.185	0.01685
1.946	16.185	0.01675
1.947	16.185	0.01675
1.948	16.17	0.0168
1.949	16.185	0.01675
1.95	16.185	0.01675
1.951	16.185	0.01675
1.952	16.2	0.01675
1.953	16.185	0.0168
1.954	16.185	0.0168
1.955	16.185	0.0168
1.956	16.185	0.0168
1.957	16.185	0.01675
1.958	16.185	0.0168
1.959	16.185	0.01675
1.96	16.185	0.01685
1.961	16.185	0.0168
1.962	16.185	0.0168
1.963	16.2	0.0168
1.964	16.185	0.01675
1.965	16.185	0.0168
1.966	16.17	0.0168
1.967	16.185	0.0168
1.968	16.185	0.01675
1.969	16.185	0.01675
1.97	16.185	0.0168
1.971	16.185	0.0168
1.972	16.185	0.01675
1.973	16.185	0.0168
1.974	16.185	0.0168
1.975	16.2	0.01675
1.976	16.185	0.0168
1.977	16.215	0.0168
1.978	16.185	0.01675
1.979	16.185	0.0168
1.98	16.185	0.0167
1.981	16.185	0.0168
1.982	16.185	0.01675
1.983	16.185	0.01675
1.984	16.185	0.0168
1.985	16.185	0.0168
1.986	16.185	0.01675
1.987	16.17	0.01675
1.988	16.185	0.0168
1.989	16.17	0.01685
1.99	16.185	0.0168
1.991	16.17	0.0167
1.992	16.185	0.0168
1.993	16.185	0.01675
1.994	16.185	0.01675
1.995	16.185	0.01685
1.996	16.185	0.01675
1.997	16.185	0.0168
1.998	16.185	0.0168
1.999	16.185	0.01675
2	16.185	0.01685
2.001	16.185	0.01675
2.002	16.185	0.0168
2.003	16.185	0.0168
2.004	16.185	0.01675
2.005	16.185	0.0168
2.006	16.185	0.0168
2.007	16.185	0.0168
2.008	16.185	0.01675
2.009	16.2	0.0168
2.01	16.17	0.01675
2.011	16.17	0.0168
2.012	16.17	0.01675
2.013	16.185	0.01675
2.014	16.185	0.01675
2.015	16.185	0.0168
2.016	16.185	0.0168
2.017	16.185	0.01675
2.018	16.2	0.01675
2.019	16.185	0.01675
2.02	16.185	0.0168
2.021	16.185	0.01685
2.022	16.185	0.0168
2.023	16.185	0.01675
2.024	16.185	0.0168
2.025	16.17	0.0168
2.026	16.185	0.01685
2.027	16.185	0.0168
2.028	16.185	0.0168
2.029	16.185	0.0168
2.03	16.17	0.01685
2.031	16.185	0.01675
2.032	16.17	0.0168
2.033	16.185	0.0168
2.034	16.17	0.0168
2.035	16.185	0.0168
2.036	16.185	0.01685
2.037	16.185	0.01675
2.038	16.185	0.0168
2.039	16.185	0.0168
2.04	16.17	0.0168
2.041	16.17	0.01675
2.042	16.185	0.01675
2.043	16.17	0.0168
2.044	16.185	0.01685
2.045	16.17	0.0168
2.046	16.185	0.0168
2.047	16.185	0.0168
2.048	16.17	0.0168
2.049	16.185	0.0168
2.05	16.185	0.0168
2.051	16.185	0.0168
2.052	16.185	0.0168
2.053	16.17	0.0168
2.054	16.185	0.0168
2.055	16.17	0.01675
2.056	16.185	
2.057	16.185	
2.058	16.17	
2.059	16.2	
2.06	16.185	
2.061	16.185	
2.062	16.17	
2.063	16.17	
2.064	16.185	
