MIN=0	-30	-0.1
MAX=2.26274169979695	30	0.1
SCALE=0.1	10	0.05
DEC=3	2	4
DEF="Time" t / s	"Voltage" U_B1 / V	"Current" I_A1 / A
0	0.015	0
0.001	0	0
0.002	-0.015	0
0.003	0	0
0.004	0.015	0
0.005	0	-5E-05
0.006	0	0
0.007	0	0
0.008	0	0
0.009	0	0
0.01	0	0
0.011	0	0
0.012	0	-5E-05
0.013	0.015	0
0.014	-0.015	0
0.015	0	-5E-05
0.016	0	0
0.017	-0.015	0
0.018	0	0
0.019	0	-5E-05
0.02	0	0
0.021	0	-5E-05
0.022	0	0
0.023	0	0
0.024	0	0
0.025	0	0
0.026	0	0
0.027	0.015	0
0.028	0.015	0
0.029	0	-5E-05
0.03	0	0
0.031	-0.015	0
0.032	0	-5E-05
0.033	0	0
0.034	0	-5E-05
0.035	0	0
0.036	0	0
0.037	0	-5E-05
0.038	0	0
0.039	-0.015	0
0.04	0	-5E-05
0.041	0	0
0.042	0	-5E-05
0.043	0	0
0.044	0.015	0
0.045	0.015	0
0.046	0	0
0.047	0	0
0.048	-0.015	0
0.049	0	0
0.05	0	0
0.051	0	0
0.052	0	0
0.053	0	0
0.054	0	0
0.055	0.015	-5E-05
0.056	-0.015	0
0.057	0	0
0.058	0.015	-5E-05
0.059	0	0
0.06	0.015	0
0.061	0	-5E-05
0.062	0	0
0.063	-0.015	0
0.064	0	0
0.065	0	0
0.066	0	-5E-05
0.067	0	0
0.068	0	0
0.069	0	-5E-05
0.07	0	-5E-05
0.071	0	0
0.072	0.015	-5E-05
0.073	0	0
0.074	0	-5E-05
0.075	0.015	0
0.076	0.015	5E-05
0.077	0	0
0.078	0	0
0.079	0.015	-5E-05
0.08	0.015	0
0.081	0	0
0.082	0	0
0.083	0	0
0.084	0	0
0.085	0	0
0.086	0	0
0.087	0.015	0
0.088	0	0
0.089	0	0
0.09	0	-5E-05
0.091	0	0
0.092	0.015	0
0.093	-0.015	0
0.094	0	-5E-05
0.095	0	-5E-05
0.096	0	0
0.097	0	0
0.098	0	-5E-05
0.099	0.015	-5E-05
0.1	0	0
0.101	0	0
0.102	0	0
0.103	0	0
0.104	0.015	-5E-05
0.105	0	0
0.106	0	0
0.107	0	-5E-05
0.108	0	0
0.109	0	0
0.11	0	-5E-05
0.111	-0.015	-5E-05
0.112	0	0
0.113	0	0
0.114	0	0
0.115	0	0
0.116	0	0
0.117	0	0
0.118	0	-5E-05
0.119	0.015	0
0.12	0	-5E-05
0.121	0	0
0.122	0	0
0.123	0	0
0.124	0.015	-5E-05
0.125	-0.015	0
0.126	0	0
0.127	0	0
0.128	0	0
0.129	0	0
0.13	0	0
0.131	0.015	-5E-05
0.132	0	-5E-05
0.133	0	0
0.134	0	0
0.135	-0.015	0
0.136	0	0
0.137	0	-5E-05
0.138	0	0
0.139	0.015	0
0.14	-0.015	-5E-05
0.141	-0.015	-5E-05
0.142	-0.015	-5E-05
0.143	-0.015	-5E-05
0.144	0	0
0.145	0	0
0.146	0	0
0.147	0	0
0.148	0	-5E-05
0.149	0	0
0.15	0	0
0.151	0	-5E-05
0.152	0.015	0
0.153	0	-5E-05
0.154	0	0
0.155	0	0
0.156	0	0
0.157	0	-5E-05
0.158	-0.015	0
0.159	0.015	0
0.16	-0.015	0
0.161	-0.015	-5E-05
0.162	0	-5E-05
0.163	0	-5E-05
0.164	0	-5E-05
0.165	0	0
0.166	0	0
0.167	0	0
0.168	0	-5E-05
0.169	-0.015	-5E-05
0.17	-0.015	0
0.171	0	0
0.172	0	0
0.173	0.015	-5E-05
0.174	0	-5E-05
0.175	0	0
0.176	0	0
0.177	-0.015	-5E-05
0.178	0.015	0
0.179	0	-5E-05
0.18	0	0
0.181	0.015	0
0.182	0	0
0.183	0.015	0
0.184	0.015	0
0.185	0.015	-5E-05
0.186	0	0
0.187	0	0
0.188	0.015	0
0.189	0.015	0
0.19	0.015	-5E-05
0.191	0.015	0
0.192	0	-5E-05
0.193	0.015	0
0.194	0	0
0.195	0.015	0
0.196	0	-5E-05
0.197	0	0
0.198	0.015	0
0.199	0	0
0.2	0.015	0
0.201	0.015	-5E-05
0.202	0	0
0.203	0.015	0
0.204	-0.015	0
0.205	0.015	0
0.206	0	0
0.207	0.015	0
0.208	0.015	0
0.209	0	-5E-05
0.21	0	0
0.211	0	0
0.212	0.015	0
0.213	0.015	0
0.214	0	0
0.215	-0.015	0
0.216	0	0
0.217	0.015	-5E-05
0.218	0.015	0
0.219	0	0
0.22	0	0
0.221	0	0
0.222	0	-5E-05
0.223	0	0
0.224	0	0
0.225	0	-5E-05
0.226	0	0
0.227	0	0
0.228	0	0
0.229	0	0
0.23	-0.015	-5E-05
0.231	0	0
0.232	0	0
0.233	0.015	-5E-05
0.234	0	0
0.235	0	-5E-05
0.236	0	0
0.237	0	-5E-05
0.238	0	0
0.239	0	0
0.24	0	0
0.241	0	0
0.242	0.015	-5E-05
0.243	0	0
0.244	0	0
0.245	-0.015	-5E-05
0.246	0	-5E-05
0.247	0	0
0.248	-0.015	0
0.249	0	0
0.25	0	0
0.251	0.015	0
0.252	0.015	-5E-05
0.253	0	-5E-05
0.254	0.015	-5E-05
0.255	0	-5E-05
0.256	0	0
0.257	0	-5E-05
0.258	0	0
0.259	0	-5E-05
0.26	0	0
0.261	0	0
0.262	0	0
0.263	0	0
0.264	0	0
0.265	0	0
0.266	0	0
0.267	0	0
0.268	0	0
0.269	0	0
0.27	0	-5E-05
0.271	0	0
0.272	0.015	0
0.273	0	-5E-05
0.274	0	-5E-05
0.275	0	0
0.276	0	0
0.277	0.015	0
0.278	0	0
0.279	0	-5E-05
0.28	0.015	-5E-05
0.281	0	0
0.282	0	0
0.283	-0.015	-5E-05
0.284	0	5E-05
0.285	0	0
0.286	0.015	0
0.287	0.015	-5E-05
0.288	0	0
0.289	0	0
0.29	0	-5E-05
0.291	0	-5E-05
0.292	0	0
0.293	0	0
0.294	0	-5E-05
0.295	0	0
0.296	0	0
0.297	0	0
0.298	0	0
0.299	0	0
0.3	0	0
0.301	0	0
0.302	0.015	-5E-05
0.303	0	0
0.304	0	-5E-05
0.305	-0.015	0
0.306	0.015	-5E-05
0.307	0	-5E-05
0.308	-0.015	-5E-05
0.309	0	0
0.31	0	0
0.311	0	-5E-05
0.312	0	0
0.313	0	0
0.314	0	0
0.315	0	-5E-05
0.316	0	0
0.317	0	-5E-05
0.318	0	0
0.319	0	0
0.32	0	0
0.321	0	-5E-05
0.322	-0.015	0
0.323	0	-5E-05
0.324	0	-5E-05
0.325	0	0
0.326	0	-5E-05
0.327	0	0
0.328	0	-5E-05
0.329	0.015	0
0.33	0	0
0.331	0	0
0.332	0	0
0.333	0	-5E-05
0.334	0	0
0.335	0	0
0.336	0	0
0.337	0	0
0.338	0	-5E-05
0.339	0	-5E-05
0.34	0	0
0.341	0	0
0.342	0	0
0.343	0.015	-5E-05
0.344	0	0
0.345	0	0
0.346	0.015	0
0.347	0	-5E-05
0.348	0	0
0.349	0.03	-5E-05
0.35	-0.015	0
0.351	0	0
0.352	-0.015	-5E-05
0.353	0	0
0.354	0	0
0.355	0	0
0.356	0	0
0.357	-0.015	0
0.358	0	-5E-05
0.359	0	0
0.36	0	-5E-05
0.361	0	0
0.362	0	0
0.363	0.015	0
0.364	0.015	-5E-05
0.365	0	-5E-05
0.366	0	0
0.367	0	0
0.368	0	0
0.369	0	0
0.37	0	0
0.371	0	0
0.372	0	0
0.373	0	-5E-05
0.374	0	0
0.375	0	0
0.376	0	0
0.377	-0.015	0
0.378	0	0
0.379	0	0
0.38	0	-5E-05
0.381	0.015	-5E-05
0.382	0	0
0.383	0	0
0.384	0	-5E-05
0.385	0	0
0.386	0	-5E-05
0.387	0	0
0.388	0	0
0.389	0	-5E-05
0.39	0.015	-5E-05
0.391	0	-5E-05
0.392	0	0
0.393	0	-5E-05
0.394	0	0
0.395	0	-5E-05
0.396	0	0
0.397	0	-5E-05
0.398	0.015	0
0.399	0	0
0.4	0	0
0.401	0	-5E-05
0.402	0	-5E-05
0.403	0	0
0.404	0	-5E-05
0.405	0	0
0.406	0	-5E-05
0.407	0	-5E-05
0.408	0.015	0
0.409	0	0
0.41	-0.015	-5E-05
0.411	0	0
0.412	0	-5E-05
0.413	0	0
0.414	0	0
0.415	0	0
0.416	0	0
0.417	0.015	0
0.418	0	-5E-05
0.419	0	0
0.42	0	0
0.421	0	-5E-05
0.422	0.015	0
0.423	0	-5E-05
0.424	0	0
0.425	0.015	0
0.426	0	0
0.427	0	0
0.428	0	0
0.429	0	-5E-05
0.43	0.015	0
0.431	-0.015	0
0.432	0	0
0.433	0	0
0.434	0	-5E-05
0.435	0.015	0
0.436	0	0
0.437	0	0
0.438	-0.015	0
0.439	0	-5E-05
0.44	0	0
0.441	0	0
0.442	0	-5E-05
0.443	0	0
0.444	0	0
0.445	0.015	0
0.446	0	0
0.447	0	0
0.448	0	-5E-05
0.449	0	0
0.45	0.015	-5E-05
0.451	0	0
0.452	0	-5E-05
0.453	0	0
0.454	0	-5E-05
0.455	0	0
0.456	0	0
0.457	0.015	0
0.458	0	0
0.459	0.015	0
0.46	0.015	-5E-05
0.461	0	0
0.462	0	0
0.463	0	0
0.464	0	0
0.465	0	0
0.466	0	0
0.467	0	0
0.468	0	0
0.469	0	0
0.47	0	-5E-05
0.471	-0.015	-5E-05
0.472	0	-5E-05
0.473	0	0
0.474	0	-5E-05
0.475	0	0
0.476	0	-5E-05
0.477	0.015	0
0.478	0	0
0.479	0	0
0.48	-0.015	-5E-05
0.481	0	-5E-05
0.482	0	0
0.483	0	0
0.484	0	0
0.485	0	0
0.486	0	-5E-05
0.487	0.015	0
0.488	-0.015	0
0.489	0	0
0.49	0	-5E-05
0.491	0.015	0
0.492	0	-5E-05
0.493	0	0
0.494	0.015	0
0.495	0	0
0.496	0.015	0
0.497	0	0
0.498	-0.015	0
0.499	0.015	0
0.5	-0.015	-5E-05
0.501	0	0
0.502	0	0
0.503	0	-5E-05
0.504	0.015	-5E-05
0.505	0	0
0.506	0	0
0.507	0	-5E-05
0.508	0	-5E-05
0.509	0.015	-5E-05
0.51	-0.015	0
0.511	0	0
0.512	0	0
0.513	0	-5E-05
0.514	0.015	0
0.515	0	0
0.516	0	-5E-05
0.517	0	0
0.518	0	-5E-05
0.519	0	0
0.52	0	0
0.521	0	0
0.522	0	-5E-05
0.523	0	0
0.524	0	0
0.525	0	-5E-05
0.526	0	-5E-05
0.527	0	-5E-05
0.528	0.015	0
0.529	0	0
0.53	0	0
0.531	0.015	0
0.532	0	0
0.533	0	-5E-05
0.534	0	-5E-05
0.535	0	0
0.536	0	0
0.537	0	-5E-05
0.538	0.015	0
0.539	0.015	-5E-05
0.54	0	0
0.541	0.015	0
0.542	0	0
0.543	0	0
0.544	0	-5E-05
0.545	0	0
0.546	0.015	0
0.547	0	5E-05
0.548	0.015	-5E-05
0.549	0	0
0.55	0	0
0.551	0	0
0.552	0	0
0.553	0	-5E-05
0.554	0	0
0.555	0	0
0.556	0	0
0.557	0	-5E-05
0.558	0	-5E-05
0.559	0	-5E-05
0.56	0	0
0.561	0.015	-5E-05
0.562	-0.015	0
0.563	0	0
0.564	0	-5E-05
0.565	0	-5E-05
0.566	0	-5E-05
0.567	-0.015	0
0.568	0	0
0.569	0	-5E-05
0.57	0.015	-5E-05
0.571	-0.015	0
0.572	-0.015	0
0.573	0	0
0.574	0.015	-5E-05
0.575	0	0
0.576	-0.015	0
0.577	-0.015	-5E-05
0.578	0	-5E-05
0.579	0	0
0.58	0	0
0.581	-0.015	-5E-05
0.582	0	-5E-05
0.583	0	-5E-05
0.584	0	5E-05
0.585	0.015	-5E-05
0.586	-0.015	-5E-05
0.587	0	-5E-05
0.588	0	0
0.589	-0.015	0
0.59	0	-5E-05
0.591	0	0
0.592	0.015	0
0.593	0	0
0.594	-0.015	-5E-05
0.595	-0.015	0
0.596	0	0
0.597	0.015	0
0.598	0	0
0.599	0	0
0.6	0	0
0.601	0	0
0.602	0	0
0.603	0	-5E-05
0.604	0	0
0.605	0	0
0.606	0	0
0.607	0	0
0.608	0.015	0
0.609	0.015	0
0.61	0.015	0
0.611	0	-5E-05
0.612	0.015	0
0.613	0.015	0
0.614	0	0
0.615	0.015	0
0.616	-0.015	-5E-05
0.617	0.03	0
0.618	0.015	-5E-05
0.619	0.015	0
0.62	0.03	-5E-05
0.621	0	0
0.622	0	0
0.623	0	-5E-05
0.624	0	0
0.625	0.015	0
0.626	0.015	0
0.627	0	-5E-05
0.628	0	0
0.629	0.015	-5E-05
0.63	0	0
0.631	0	-5E-05
0.632	0.015	0
0.633	0.015	0
0.634	0.015	-5E-05
0.635	0.015	-5E-05
0.636	0	0
0.637	0	0
0.638	0	-5E-05
0.639	0	0
0.64	-0.015	-5E-05
0.641	0	0
0.642	0.015	0
0.643	0.015	0
0.644	0	0
0.645	0	0
0.646	-0.015	-5E-05
0.647	0	0
0.648	0	-5E-05
0.649	0	-5E-05
0.65	-0.015	0
0.651	0	-5E-05
0.652	0	0
0.653	0	0
0.654	0	-5E-05
0.655	0	0
0.656	0	-5E-05
0.657	0	-5E-05
0.658	0	0
0.659	0	0
0.66	0	-5E-05
0.661	0	-5E-05
0.662	0	-5E-05
0.663	-0.015	0
0.664	0	-5E-05
0.665	-0.015	0
0.666	0	0
0.667	0	0
0.668	-0.015	0
0.669	0	0
0.67	-0.015	0
0.671	0	0
0.672	0	-5E-05
0.673	-0.015	0
0.674	0	0
0.675	0	0
0.676	0	-5E-05
0.677	0	0
0.678	0	0
0.679	0.015	0
0.68	0	-5E-05
0.681	0	0
0.682	0	0
0.683	-0.015	0
0.684	0	0
0.685	-0.015	0
0.686	0	0
0.687	0	0
0.688	0.015	-5E-05
0.689	0	-5E-05
0.69	-0.015	0
0.691	0	-5E-05
0.692	0	-5E-05
0.693	0	-0.0001
0.694	0	0
0.695	-0.015	0
0.696	0.015	0
0.697	0	0
0.698	0.015	0
0.699	0	0
0.7	0	0
0.701	0	0
0.702	-0.015	0
0.703	0	0
0.704	0	-5E-05
0.705	0.015	-5E-05
0.706	0	-5E-05
0.707	0	-5E-05
0.708	0	0
0.709	0	-5E-05
0.71	-0.015	0
0.711	0	0
0.712	0	0
0.713	0.015	-5E-05
0.714	0.015	-5E-05
0.715	0	0
0.716	0.015	0
0.717	0	0
0.718	0	-5E-05
0.719	0	-5E-05
0.72	0	0
0.721	0.015	0
0.722	0	-5E-05
0.723	0.015	0
0.724	0	-5E-05
0.725	0	-5E-05
0.726	0.015	-5E-05
0.727	0	0
0.728	0	-5E-05
0.729	0	-5E-05
0.73	0	-5E-05
0.731	0.015	0
0.732	0	-5E-05
0.733	0	-5E-05
0.734	0	-5E-05
0.735	0	0
0.736	0	0
0.737	0	-5E-05
0.738	0.015	0
0.739	0	0
0.74	0	0
0.741	0	0
0.742	0	-5E-05
0.743	0	0
0.744	0	0
0.745	0	0
0.746	0	-5E-05
0.747	0	0
0.748	0.015	0
0.749	0	0
0.75	0.015	-5E-05
0.751	0	0
0.752	0	0
0.753	0	0
0.754	0	0
0.755	0.015	0
0.756	0	0
0.757	0	0
0.758	0.015	0
0.759	0	0
0.76	0.015	-5E-05
0.761	0	0
0.762	0	-5E-05
0.763	0	0
0.764	0	0
0.765	0	-5E-05
0.766	0	0
0.767	0	-5E-05
0.768	0.015	0
0.769	0	0
0.77	0	-5E-05
0.771	0	-5E-05
0.772	0	0
0.773	0	-5E-05
0.774	0	0
0.775	0	0
0.776	0	0
0.777	0	-5E-05
0.778	0	0
0.779	0	0
0.78	0	-5E-05
0.781	0	0
0.782	0	-5E-05
0.783	0	0
0.784	0	0
0.785	0.015	0
0.786	0	0
0.787	0	0
0.788	0.015	-5E-05
0.789	-0.015	0
0.79	0	0
0.791	0	0
0.792	0	0
0.793	0	-5E-05
0.794	0	0
0.795	0	-5E-05
0.796	0	0
0.797	0.015	-5E-05
0.798	0	-5E-05
0.799	0	0
0.8	0	0
0.801	0	0
0.802	0	-5E-05
0.803	0	0
0.804	0	-5E-05
0.805	0	0
0.806	0	0
0.807	0	0
0.808	0	0
0.809	-0.015	-5E-05
0.81	0	0
0.811	0	-5E-05
0.812	0	-5E-05
0.813	0	-5E-05
0.814	-0.015	0
0.815	0	0
0.816	-0.015	0
0.817	0	-5E-05
0.818	0	-5E-05
0.819	0	-5E-05
0.82	0	-5E-05
0.821	0	0
0.822	0.015	0
0.823	0	0
0.824	0.015	0
0.825	0	-5E-05
0.826	0	0
0.827	0	0
0.828	0	-5E-05
0.829	0.015	0
0.83	0.015	0
0.831	0	0
0.832	0	0
0.833	0	-5E-05
0.834	0	-5E-05
0.835	-0.015	-5E-05
0.836	-0.015	0
0.837	0.015	0
0.838	0	0
0.839	0	0
0.84	0	0
0.841	0	-5E-05
0.842	0	0
0.843	-0.015	0
0.844	0	-5E-05
0.845	0.015	0
0.846	0.015	-5E-05
0.847	0.015	0
0.848	0	0
0.849	0	0
0.85	0.015	0
0.851	0	0
0.852	-0.015	0
0.853	0	0
0.854	0	-5E-05
0.855	0	0
0.856	0	0
0.857	0	0
0.858	0	0
0.859	0	0
0.86	0	0
0.861	0.015	0
0.862	0	0
0.863	0	0
0.864	0.015	0
0.865	0	-5E-05
0.866	0	-5E-05
0.867	0	0
0.868	0	0
0.869	0	0
0.87	0	-5E-05
0.871	0	0
0.872	0	0
0.873	0	0
0.874	0.015	-5E-05
0.875	0	-5E-05
0.876	0.015	0
0.877	0	-5E-05
0.878	0	-5E-05
0.879	0	0
0.88	0	0
0.881	0	0
0.882	0.015	0
0.883	0	-5E-05
0.884	0	0
0.885	0.015	-5E-05
0.886	0	-5E-05
0.887	-0.015	0
0.888	0	0
0.889	0	0
0.89	0	0
0.891	0.015	0
0.892	0	0
0.893	0	0
0.894	0.015	-5E-05
0.895	-0.015	0
0.896	0	0
0.897	0	0
0.898	0	0
0.899	0.015	0
0.9	0	0
0.901	0.015	-5E-05
0.902	0	0
0.903	0	-5E-05
0.904	0	0
0.905	0	-5E-05
0.906	0	0
0.907	0	0
0.908	0	-5E-05
0.909	0	-5E-05
0.91	0	0
0.911	0	-5E-05
0.912	-0.015	-5E-05
0.913	0	0
0.914	0	0
0.915	0	0
0.916	0	0
0.917	0	0
0.918	0.015	0
0.919	0.015	0
0.92	0	-5E-05
0.921	0	0
0.922	-0.015	0
0.923	0	0
0.924	0	-5E-05
0.925	0	0
0.926	0	0
0.927	0	0
0.928	0.015	-5E-05
0.929	0	0
0.93	0	0
0.931	0	0
0.932	0	-5E-05
0.933	0	-5E-05
0.934	0	0
0.935	0.015	0
0.936	0.015	0
0.937	0.015	0
0.938	0	0
0.939	0	0
0.94	0	0
0.941	0	-5E-05
0.942	0	0
0.943	0	0
0.944	0.015	0
0.945	0.015	-5E-05
0.946	0.015	0
0.947	0	0
0.948	0.015	0
0.949	0	0
0.95	0.015	0
0.951	0	0
0.952	0.015	0
0.953	0.015	0
0.954	0.015	0
0.955	0.015	0
0.956	0	0
0.957	0	-5E-05
0.958	0	0
0.959	0	0
0.96	0	0
0.961	0	0
0.962	0	-5E-05
0.963	0.015	0
0.964	0.015	0
0.965	0.015	-5E-05
0.966	0	0
0.967	0	0
0.968	0	0
0.969	0.015	0
0.97	0	-5E-05
0.971	0	0
0.972	0.015	-5E-05
0.973	0.015	0
0.974	0	0
0.975	0	0
0.976	-0.015	0
0.977	0.015	-5E-05
0.978	0.015	0
0.979	0	0
0.98	0	0
0.981	-0.015	-5E-05
0.982	0.015	-5E-05
0.983	0	-5E-05
0.984	0	0
0.985	0	0
0.986	-0.015	0
0.987	0	0
0.988	0	0
0.989	0	0
0.99	0	-5E-05
0.991	-0.015	0
0.992	-0.015	-5E-05
0.993	0	-5E-05
0.994	0	-5E-05
0.995	0	0
0.996	-0.015	0
0.997	0	-5E-05
0.998	0	-5E-05
0.999	0	0
1	-0.015	0
1.001	-0.015	0
1.002	-0.015	0
1.003	-0.015	0
1.004	0	0
1.005	-0.015	0
1.006	-0.015	-5E-05
1.007	0	0
1.008	-0.015	-5E-05
1.009	-0.015	0
1.01	-0.015	0
1.011	-0.015	0
1.012	0	0
1.013	-0.015	0
1.014	-0.015	0
1.015	0	-5E-05
1.016	0	0
1.017	0	0
1.018	-0.015	0
1.019	0	-5E-05
1.02	-0.015	0
1.021	-0.015	-5E-05
1.022	-0.015	-5E-05
1.023	0.015	0
1.024	0	-5E-05
1.025	0	0
1.026	-0.015	-5E-05
1.027	0	0
1.028	0	0
1.029	0	0
1.03	-0.015	-5E-05
1.031	0	0
1.032	0	0
1.033	0.015	-5E-05
1.034	0.015	0
1.035	0	-5E-05
1.036	0	-5E-05
1.037	0.015	0
1.038	0	0
1.039	0	-5E-05
1.04	0	0
1.041	0.015	-5E-05
1.042	0.015	-5E-05
1.043	0.015	-5E-05
1.044	0.015	0
1.045	0.015	-5E-05
1.046	0	0
1.047	0	-5E-05
1.048	0	0
1.049	0.015	0
1.05	0	0
1.051	0.015	0
1.052	0	-5E-05
1.053	0.015	0
1.054	0.015	-5E-05
1.055	0	-5E-05
1.056	0.015	0
1.057	0	-5E-05
1.058	0.015	0
1.059	0.015	-5E-05
1.06	0	0
1.061	0.015	-5E-05
1.062	0.015	0
1.063	0	-5E-05
1.064	0	0
1.065	0	0
1.066	0.015	-5E-05
1.067	0	0
1.068	0.015	0
1.069	0.015	0
1.07	-0.015	-5E-05
1.071	0	0
1.072	0	0
1.073	0	0
1.074	0	-5E-05
1.075	0	0
1.076	0	0
1.077	0	0
1.078	0.015	0
1.079	0	-5E-05
1.08	-0.015	0
1.081	0	0
1.082	0	0
1.083	0	-5E-05
1.084	0	0
1.085	0	0
1.086	0	0
1.087	0	-5E-05
1.088	0	-5E-05
1.089	-0.015	-5E-05
1.09	0	-5E-05
1.091	0	0
1.092	-0.015	-5E-05
1.093	0	0
1.094	0	0
1.095	0	-5E-05
1.096	0.015	-5E-05
1.097	0	0
1.098	0	0
1.099	0	0
1.1	0	-5E-05
1.101	0	0
1.102	0	0
1.103	0	0
1.104	0	-5E-05
1.105	0	-5E-05
1.106	0	0
1.107	0	0
1.108	0	0
1.109	0	0
1.11	0	-5E-05
1.111	0	0
1.112	0	0
1.113	0	0
1.114	0	-5E-05
1.115	0.015	-5E-05
1.116	0	-5E-05
1.117	0	0
1.118	0	0
1.119	0	0
1.12	0	0
1.121	0	0
1.122	0	0
1.123	0	-5E-05
1.124	0	-5E-05
1.125	0	0
1.126	0	0
1.127	0	-5E-05
1.128	0.015	0
1.129	0	0
1.13	0.015	0
1.131	0	-5E-05
1.132	0	-5E-05
1.133	0	0
1.134	0	0
1.135	0	-5E-05
1.136	0	-5E-05
1.137	0	0
1.138	0	0
1.139	0	0
1.14	0.015	-5E-05
1.141	0	0
1.142	0	-5E-05
1.143	0	-5E-05
1.144	0.015	0
1.145	0.045	0
1.146	0.075	0
1.147	0.135	0
1.148	0.165	0
1.149	0.195	0.00015
1.15	0.24	0.00035
1.151	0.27	0.0004
1.152	0.315	0.00045
1.153	0.36	0.00045
1.154	0.405	0.0005
1.155	0.465	0.00045
1.156	0.525	0.0005
1.157	0.57	0.0005
1.158	0.63	0.00055
1.159	0.675	0.0006
1.16	0.75	0.0006
1.161	0.795	0.00065
1.162	0.87	0.00065
1.163	0.93	0.00065
1.164	0.99	0.00065
1.165	1.065	0.0007
1.166	1.125	0.0007
1.167	1.215	0.0007
1.168	1.275	0.0007
1.169	1.365	0.0007
1.17	1.425	0.00075
1.171	1.485	0.00075
1.172	1.56	0.0007
1.173	1.635	0.0008
1.174	1.71	0.00075
1.175	1.785	0.00085
1.176	1.86	0.0008
1.177	1.935	0.00085
1.178	2.01	0.00095
1.179	2.085	0.001
1.18	2.16	0.0011
1.181	2.235	0.00115
1.182	2.31	0.00125
1.183	2.4	0.00135
1.184	2.475	0.00145
1.185	2.565	0.0015
1.186	2.64	0.0016
1.187	2.715	0.0017
1.188	2.805	0.0018
1.189	2.88	0.00185
1.19	2.955	0.00195
1.191	3.03	0.00205
1.192	3.12	0.00215
1.193	3.195	0.0022
1.194	3.285	0.0023
1.195	3.345	0.0024
1.196	3.42	0.0025
1.197	3.525	0.00265
1.198	3.585	0.00275
1.199	3.675	0.00285
1.2	3.735	0.0029
1.201	3.825	0.0031
1.202	3.915	0.0032
1.203	3.99	0.0033
1.204	4.08	0.0034
1.205	4.155	0.00345
1.206	4.245	0.00365
1.207	4.335	0.00375
1.208	4.41	0.00385
1.209	4.5	0.0039
1.21	4.59	0.00405
1.211	4.665	0.0042
1.212	4.755	0.0043
1.213	4.845	0.0044
1.214	4.935	0.0045
1.215	5.025	0.00465
1.216	5.1	0.0048
1.217	5.205	0.0049
1.218	5.28	0.00505
1.219	5.385	0.00515
1.22	5.49	0.00535
1.221	5.58	0.00545
1.222	5.685	0.00555
1.223	5.76	0.0057
1.224	5.865	0.0058
1.225	5.955	0.00595
1.226	6.045	0.0061
1.227	6.15	0.00615
1.228	6.24	0.0063
1.229	6.345	0.00645
1.23	6.45	0.00655
1.231	6.555	0.0067
1.232	6.675	0.00685
1.233	6.765	0.00695
1.234	6.885	0.00715
1.235	6.975	0.00725
1.236	7.095	0.0074
1.237	7.215	0.00755
1.238	7.305	0.0077
1.239	7.455	0.00785
1.24	7.56	0.00795
1.241	7.68	0.00815
1.242	7.8	0.0083
1.243	7.92	0.0084
1.244	8.04	0.00855
1.245	8.175	0.0087
1.246	8.28	0.0089
1.247	8.415	0.0091
1.248	8.535	0.0092
1.249	8.67	0.0094
1.25	8.805	0.0095
1.251	8.94	0.00975
1.252	9.09	0.0099
1.253	9.21	0.01005
1.254	9.345	0.0102
1.255	9.495	0.01035
1.256	9.63	0.0106
1.257	9.765	0.01075
1.258	9.915	0.01095
1.259	10.065	0.0111
1.26	10.2	0.0113
1.261	10.35	0.0115
1.262	10.515	0.0117
1.263	10.665	0.0119
1.264	10.83	0.01205
1.265	10.98	0.01225
1.266	11.13	0.01245
1.267	11.295	0.01265
1.268	11.445	0.01285
1.269	11.61	0.01305
1.27	11.775	0.0132
1.271	11.94	0.01345
1.272	12.105	0.0136
1.273	12.27	0.0138
1.274	12.435	0.014
1.275	12.6	0.01425
1.276	12.765	0.0144
1.277	12.93	0.0146
1.278	13.095	0.0148
1.279	13.275	0.015
1.28	13.44	0.0152
1.281	13.605	0.0154
1.282	13.785	0.0156
1.283	13.95	0.0158
1.284	14.115	0.016
1.285	14.295	0.0162
1.286	14.46	0.01645
1.287	14.64	0.01665
1.288	14.82	0.0168
1.289	14.985	0.01705
1.29	15.165	0.01725
1.291	15.33	0.0175
1.292	15.525	0.0177
1.293	15.705	0.0179
1.294	15.885	0.01815
1.295	16.08	0.01835
1.296	16.11	0.01705
1.297	16.14	0.0169
1.298	16.155	0.01685
1.299	16.155	0.0168
1.3	16.17	0.01675
1.301	16.17	0.0167
1.302	16.17	0.01675
1.303	16.185	0.01675
1.304	16.185	0.0167
1.305	16.185	0.0167
1.306	16.185	0.0167
1.307	16.185	0.0167
1.308	16.185	0.01675
1.309	16.17	0.0167
1.31	16.185	0.0167
1.311	16.185	0.0167
1.312	16.17	0.0167
1.313	16.185	0.01675
1.314	16.17	0.01675
1.315	16.2	0.0167
1.316	16.185	0.0167
1.317	16.185	0.0167
1.318	16.185	0.0167
1.319	16.185	0.0167
1.32	16.185	0.0167
1.321	16.185	0.01675
1.322	16.17	0.01675
1.323	16.185	0.01665
1.324	16.185	0.01675
1.325	16.185	0.0167
1.326	16.2	0.0167
1.327	16.185	0.01675
1.328	16.185	0.0167
1.329	16.185	0.01675
1.33	16.185	0.0167
1.331	16.185	0.0167
1.332	16.17	0.01675
1.333	16.17	0.0167
1.334	16.185	0.01675
1.335	16.17	0.01675
1.336	16.185	0.0167
1.337	16.185	0.01675
1.338	16.185	0.0167
1.339	16.185	0.01675
1.34	16.185	0.01675
1.341	16.185	0.01675
1.342	16.17	0.01675
1.343	16.185	0.01675
1.344	16.17	0.01675
1.345	16.185	0.01675
1.346	16.185	0.01675
1.347	16.185	0.01675
1.348	16.17	0.0167
1.349	16.185	0.0167
1.35	16.185	0.01675
1.351	16.185	0.01675
1.352	16.17	0.01675
1.353	16.17	0.01675
1.354	16.185	0.0167
1.355	16.17	0.0167
1.356	16.185	0.01675
1.357	16.185	0.01675
1.358	16.17	0.0167
1.359	16.185	0.01675
1.36	16.185	0.0167
1.361	16.185	0.0167
1.362	16.185	0.0167
1.363	16.17	0.0167
1.364	16.185	0.0167
1.365	16.17	0.01675
1.366	16.17	0.0166
1.367	16.185	0.01675
1.368	16.17	0.01675
1.369	16.185	0.0167
1.37	16.185	0.0167
1.371	16.185	0.0167
1.372	16.185	0.01675
1.373	16.17	0.0167
1.374	16.2	0.01675
1.375	16.185	0.01675
1.376	16.17	0.0167
1.377	16.17	0.0167
1.378	16.17	0.01675
1.379	16.185	0.01675
1.38	16.185	0.0167
1.381	16.185	0.0167
1.382	16.185	0.01675
1.383	16.185	0.0167
1.384	16.185	0.01675
1.385	16.2	0.01675
1.386	16.17	0.01675
1.387	16.17	0.0167
1.388	16.185	0.0167
1.389	16.185	0.01675
1.39	16.185	0.01675
1.391	16.185	0.01675
1.392	16.2	0.0167
1.393	16.185	0.01675
1.394	16.185	0.0167
1.395	16.185	0.01675
1.396	16.185	0.01675
1.397	16.185	0.01675
1.398	16.17	0.01675
1.399	16.185	0.0167
1.4	16.2	0.0167
1.401	16.185	0.0168
1.402	16.185	0.01675
1.403	16.185	0.01675
1.404	16.185	0.01675
1.405	16.2	0.0167
1.406	16.17	0.01675
1.407	16.185	0.0167
1.408	16.185	0.0167
1.409	16.17	0.01675
1.41	16.185	0.01675
1.411	16.185	0.0167
1.412	16.185	0.01675
1.413	16.2	0.01675
1.414	16.185	0.0167
1.415	16.185	0.0167
1.416	16.185	0.0167
1.417	16.185	0.01675
1.418	16.185	0.0168
1.419	16.185	0.01675
1.42	16.185	0.01675
1.421	16.185	0.0167
1.422	16.17	0.0167
1.423	16.185	0.01675
1.424	16.185	0.0168
1.425	16.185	0.0167
1.426	16.185	0.01675
1.427	16.17	0.01675
1.428	16.185	0.0167
1.429	16.17	0.0167
1.43	16.185	0.01675
1.431	16.185	0.0167
1.432	16.17	0.01675
1.433	16.17	0.0167
1.434	16.17	0.0168
1.435	16.185	0.0167
1.436	16.185	0.01675
1.437	16.185	0.0167
1.438	16.185	0.01675
1.439	16.17	0.0167
1.44	16.17	0.01675
1.441	16.17	0.01675
1.442	16.17	0.01675
1.443	16.17	0.01675
1.444	16.17	0.0167
1.445	16.185	0.01675
1.446	16.185	0.01675
1.447	16.185	0.0167
1.448	16.185	0.0168
1.449	16.185	0.01675
1.45	16.17	0.01675
1.451	16.185	0.01675
1.452	16.185	0.01675
1.453	16.185	0.01675
1.454	16.185	0.01675
1.455	16.17	0.0167
1.456	16.17	0.0168
1.457	16.17	0.01675
1.458	16.185	0.01675
1.459	16.185	0.0168
1.46	16.185	0.0167
1.461	16.185	0.01675
1.462	16.17	0.0167
1.463	16.185	0.0168
1.464	16.185	0.01675
1.465	16.185	0.0167
1.466	16.185	0.01675
1.467	16.17	0.0168
1.468	16.17	0.01675
1.469	16.2	0.0167
1.47	16.185	0.0167
1.471	16.185	0.0167
1.472	16.185	0.0167
1.473	16.17	0.01675
1.474	16.185	0.0167
1.475	16.185	0.0167
1.476	16.17	0.0167
1.477	16.17	0.0167
1.478	16.185	0.0168
1.479	16.185	0.0168
1.48	16.185	0.01675
1.481	16.185	0.0168
1.482	16.185	0.0167
1.483	16.185	0.0167
1.484	16.185	0.01675
1.485	16.185	0.0167
1.486	16.185	0.01675
1.487	16.185	0.01675
1.488	16.185	0.01675
1.489	16.185	0.01675
1.49	16.185	0.0168
1.491	16.185	0.01675
1.492	16.185	0.01675
1.493	16.185	0.0167
1.494	16.185	0.0167
1.495	16.185	0.01675
1.496	16.17	0.0168
1.497	16.185	0.0168
1.498	16.17	0.01675
1.499	16.17	0.0168
1.5	16.17	0.01675
1.501	16.17	0.01675
1.502	16.185	0.01675
1.503	16.185	0.01675
1.504	16.185	0.0168
1.505	16.185	0.01675
1.506	16.185	0.01675
1.507	16.17	0.0167
1.508	16.17	0.0168
1.509	16.185	0.01675
1.51	16.185	0.0168
1.511	16.17	0.01675
1.512	16.185	0.0168
1.513	16.2	0.0168
1.514	16.185	0.01675
1.515	16.185	0.0168
1.516	16.185	0.0168
1.517	16.17	0.0167
1.518	16.185	0.0167
1.519	16.17	0.01675
1.52	16.17	0.01675
1.521	16.185	0.01675
1.522	16.17	0.01685
1.523	16.185	0.0167
1.524	16.185	0.0167
1.525	16.185	0.01675
1.526	16.185	0.01675
1.527	16.185	0.01675
1.528	16.185	0.01675
1.529	16.17	0.01675
1.53	16.185	0.0168
1.531	16.17	0.01675
1.532	16.17	0.0168
1.533	16.185	0.0167
1.534	16.185	0.01675
1.535	16.185	0.0168
1.536	16.185	0.01685
1.537	16.185	0.01675
1.538	16.185	0.01675
1.539	16.185	0.01675
1.54	16.185	0.01675
1.541	16.185	0.01675
1.542	16.17	0.0168
1.543	16.185	0.01675
1.544	16.185	0.0168
1.545	16.17	0.01675
1.546	16.185	0.01675
1.547	16.185	0.01675
1.548	16.185	0.01675
1.549	16.17	0.01675
1.55	16.17	0.01675
1.551	16.185	0.0168
1.552	16.185	0.01675
1.553	16.2	0.0168
1.554	16.185	0.0168
1.555	16.185	0.01675
1.556	16.17	0.0168
1.557	16.17	0.01675
1.558	16.185	0.01675
1.559	16.185	0.0168
1.56	16.185	0.01675
1.561	16.185	0.01675
1.562	16.2	0.0168
1.563	16.17	0.0167
1.564	16.185	0.01675
1.565	16.17	0.0168
1.566	16.185	0.01675
1.567	16.185	0.0168
1.568	16.17	0.0168
1.569	16.185	0.0168
1.57	16.185	0.0168
1.571	16.185	0.0168
1.572	16.185	0.0168
1.573	16.17	0.01675
1.574	16.185	0.0168
1.575	16.17	0.0168
1.576	16.185	0.0168
1.577	16.185	0.0168
1.578	16.185	0.0168
1.579	16.185	0.01675
1.58	16.185	0.01685
1.581	16.17	0.0168
1.582	16.185	0.01675
1.583	16.185	0.01675
1.584	16.185	0.0168
1.585	16.185	0.01675
1.586	16.17	0.0168
1.587	16.185	0.01675
1.588	16.185	0.01685
1.589	16.185	0.0168
1.59	16.185	0.01675
1.591	16.2	0.01685
1.592	16.2	0.01685
1.593	16.17	0.01675
1.594	16.185	0.0168
1.595	16.185	0.0168
1.596	16.185	0.01675
1.597	16.185	0.0168
1.598	16.17	0.0168
1.599	16.185	0.01675
1.6	16.185	0.0168
1.601	16.185	0.01675
1.602	16.185	0.01675
1.603	16.185	0.0168
1.604	16.185	0.0168
1.605	16.185	0.0168
1.606	16.17	0.01685
1.607	16.17	0.0168
1.608	16.185	0.0168
1.609	16.17	0.0168
1.61	16.185	0.0168
1.611	16.185	0.0168
1.612	16.185	0.0168
1.613	16.185	0.01675
1.614	16.17	0.01675
1.615	16.185	0.0168
1.616	16.185	0.0168
1.617	16.185	0.0168
1.618	16.17	0.0168
1.619	16.17	0.0168
1.62	16.185	0.0168
1.621	16.17	0.0168
1.622	16.185	0.01675
1.623	16.17	0.01685
1.624	16.17	0.0168
1.625	16.185	0.01675
1.626	16.17	0.0168
1.627	16.185	0.01675
1.628	16.2	0.0168
1.629	16.185	0.0168
1.63	16.185	0.01685
1.631	16.185	0.01675
1.632	16.17	0.0168
1.633	16.185	0.0168
1.634	16.17	0.0168
1.635	16.17	0.01685
1.636	16.17	0.0168
1.637	16.185	0.0168
1.638	16.185	0.01685
1.639	16.17	0.0168
1.64	16.185	0.01675
1.641	16.17	0.0168
1.642	16.17	0.0168
1.643	16.185	0.0168
1.644	16.17	0.0168
1.645	16.17	0.0168
1.646	16.185	0.01685
1.647	16.17	0.0168
1.648	16.185	0.0168
1.649	16.185	0.0168
1.65	16.17	0.01675
1.651	16.17	0.0168
1.652	16.17	0.01675
1.653	16.185	0.01685
1.654	16.17	0.0168
1.655	16.17	0.01675
1.656	16.17	0.0168
1.657	16.185	0.0168
1.658	16.185	0.0168
1.659	16.185	0.01675
1.66	16.185	0.0168
1.661	16.185	0.0168
1.662	16.185	0.01675
1.663	16.17	0.0168
1.664	16.185	0.0168
1.665	16.17	0.0168
1.666	16.185	0.01675
1.667	16.17	0.01675
1.668	16.17	0.0168
1.669	16.185	0.01675
1.67	16.185	0.0168
1.671	16.2	0.01675
1.672	16.17	0.01685
1.673	16.17	0.0168
1.674	16.2	0.0168
1.675	16.185	0.0168
1.676	16.185	0.01685
1.677	16.17	0.01675
1.678	16.17	0.01685
1.679	16.185	0.0168
1.68	16.185	0.0168
1.681	16.17	0.0168
1.682	16.185	0.01675
1.683	16.185	0.0168
1.684	16.185	0.0168
1.685	16.185	0.01685
1.686	16.185	0.0168
1.687	16.185	0.01685
1.688	16.17	0.01685
1.689	16.185	0.0168
1.69	16.185	0.0168
1.691	16.185	0.0168
1.692	16.2	0.0168
1.693	16.185	0.01675
1.694	16.185	0.01675
1.695	16.17	0.0168
1.696	16.17	0.0168
1.697	16.185	0.01685
1.698	16.185	0.01675
1.699	16.185	0.0168
1.7	16.185	0.0168
1.701	16.185	0.0168
1.702	16.185	0.0168
1.703	16.2	0.0168
1.704	16.185	0.0168
1.705	16.185	0.01675
1.706	16.17	0.01685
1.707	16.17	0.01675
1.708	16.185	0.01675
1.709	16.17	0.0168
1.71	16.185	0.0168
1.711	16.17	0.01685
1.712	16.185	0.01685
1.713	16.185	0.0168
1.714	16.185	0.01675
1.715	16.185	0.0168
1.716	16.185	0.0168
1.717	16.185	0.0168
1.718	16.17	0.01685
1.719	16.185	0.0168
1.72	16.185	0.0168
1.721	16.185	0.01675
1.722	16.185	0.01685
1.723	16.17	0.0168
1.724	16.185	0.0168
1.725	16.185	0.0168
1.726	16.185	0.01675
1.727	16.17	0.01685
1.728	16.17	0.01685
1.729	16.17	0.0168
1.73	16.185	0.01685
1.731	16.185	0.0168
1.732	16.185	0.01675
1.733	16.185	0.0169
1.734	16.185	0.01685
1.735	16.2	0.0168
1.736	16.185	0.0168
1.737	16.185	0.01675
1.738	16.185	0.01685
1.739	16.17	0.0168
1.74	16.185	0.0168
1.741	16.185	0.0168
1.742	16.17	0.01685
1.743	16.185	0.0168
1.744	16.17	0.0169
1.745	16.17	0.01675
1.746	16.17	0.0168
1.747	16.17	0.0168
1.748	16.185	0.0168
1.749	16.185	0.0168
1.75	16.185	0.0168
1.751	16.185	0.0168
1.752	16.17	0.0168
1.753	16.185	0.01685
1.754	16.17	0.0168
1.755	16.185	0.0168
1.756	16.17	0.0169
1.757	16.17	0.0168
1.758	16.185	0.0168
1.759	16.185	0.0168
1.76	16.185	0.0168
1.761	16.185	0.0168
1.762	16.17	0.0168
1.763	16.185	0.0168
1.764	16.17	0.0168
1.765	16.17	0.0168
1.766	16.185	0.01685
1.767	16.185	0.01685
1.768	16.185	0.0168
1.769	16.17	0.0168
1.77	16.185	0.01685
1.771	16.185	0.01685
1.772	16.17	0.0168
1.773	16.17	0.0168
1.774	16.17	0.0168
1.775	16.17	0.0168
1.776	16.185	0.0168
1.777	16.17	0.0168
1.778	16.185	0.01685
1.779	16.185	0.01685
1.78	16.185	0.01685
1.781	16.185	0.01685
1.782	16.185	0.0168
1.783	16.185	0.0168
1.784	16.185	0.0168
1.785	16.17	0.0168
1.786	16.185	0.01685
1.787	16.17	0.01685
1.788	16.17	0.01685
1.789	16.185	0.0168
1.79	16.17	0.0168
1.791	16.185	0.0168
1.792	16.185	0.0168
1.793	16.185	0.0168
1.794	16.2	0.01685
1.795	16.17	0.01685
1.796	16.185	0.0168
1.797	16.17	0.01685
1.798	16.17	0.01685
1.799	16.185	0.01675
1.8	16.17	0.0168
1.801	16.17	0.0168
1.802	16.185	0.01685
1.803	16.17	0.0169
1.804	16.185	0.01685
1.805	16.185	0.0168
1.806	16.185	0.01685
1.807	16.185	0.01685
1.808	16.17	0.01685
1.809	16.185	0.0168
1.81	16.2	0.0168
1.811	16.185	0.0169
1.812	16.185	0.0168
1.813	16.185	0.0168
1.814	16.2	0.01685
1.815	16.2	0.0168
1.816	16.185	0.0168
1.817	16.185	0.0168
1.818	16.155	0.01685
1.819	16.185	0.01685
1.82	16.185	0.01685
1.821	16.185	0.0168
1.822	16.2	0.0168
1.823	16.185	0.0169
1.824	16.185	0.0168
1.825	16.2	0.01685
1.826	16.185	0.0168
1.827	16.2	0.0168
1.828	16.185	0.01685
1.829	16.2	0.01685
1.83	16.2	0.0168
1.831	16.17	0.01685
1.832	16.185	0.01685
1.833	16.185	0.0168
1.834	16.185	0.0169
1.835	16.2	0.01685
1.836	16.185	0.01685
1.837	16.185	0.0168
1.838	16.185	0.0168
1.839	16.185	0.01685
1.84	16.185	0.0168
1.841	16.17	0.0168
1.842	16.17	0.0168
1.843	16.185	0.01685
1.844	16.185	0.01685
1.845	16.185	0.0168
1.846	16.185	0.01685
1.847	16.185	0.01685
1.848	16.185	0.01685
1.849	16.185	0.0168
1.85	16.185	0.01685
1.851	16.17	0.01685
1.852	16.17	0.01685
1.853	16.185	0.0169
1.854	16.185	0.0169
1.855	16.185	0.0168
1.856	16.17	0.0168
1.857	16.17	0.01685
1.858	16.185	0.0168
1.859	16.185	0.01685
1.86	16.185	0.0168
1.861	16.185	0.0168
1.862	16.17	0.01685
1.863	16.185	0.0168
1.864	16.17	0.01685
1.865	16.185	0.01685
1.866	16.185	0.0168
1.867	16.17	0.01685
1.868	16.185	0.0169
1.869	16.17	0.01675
1.87	16.185	0.0168
1.871	16.185	0.0168
1.872	16.185	0.0168
1.873	16.185	0.01685
1.874	16.185	0.0168
1.875	16.17	0.0168
1.876	16.185	0.01685
1.877	16.17	0.0168
1.878	16.185	0.0168
1.879	16.185	0.01685
1.88	16.17	0.01685
1.881	16.185	0.0168
1.882	16.185	0.01685
1.883	16.185	0.01675
1.884	16.185	0.0169
1.885	16.185	0.01685
1.886	16.185	0.01685
1.887	16.17	0.01685
1.888	16.185	0.0168
1.889	16.185	0.01685
1.89	16.17	0.01685
1.891	16.185	0.01685
1.892	16.185	0.0168
1.893	16.185	0.0168
1.894	16.185	0.0168
1.895	16.185	0.0168
1.896	16.185	0.0168
1.897	16.185	0.01685
1.898	16.17	0.0169
1.899	16.185	0.01685
1.9	16.185	0.0168
1.901	16.185	0.0169
1.902	16.185	0.0168
1.903	16.185	0.01685
1.904	16.185	0.01685
1.905	16.185	0.01685
1.906	16.185	0.01685
1.907	16.185	0.0169
1.908	16.17	0.01685
1.909	16.185	0.01685
1.91	16.17	0.0168
1.911	16.185	0.0168
1.912	16.185	0.01685
1.913	16.185	0.01685
1.914	16.185	0.0168
1.915	16.185	0.0168
1.916	16.185	0.01685
1.917	16.185	0.0169
1.918	16.185	0.0169
1.919	16.185	0.01685
1.92	16.185	0.0169
1.921	16.17	0.01685
1.922	16.185	0.01685
1.923	16.17	0.0168
1.924	16.185	0.01685
1.925	16.185	0.01685
1.926	16.185	0.01685
1.927	16.185	0.01685
1.928	16.185	0.0168
1.929	16.17	0.0169
1.93	16.215	0.01685
1.931	16.17	0.0169
1.932	16.185	0.01685
1.933	16.185	0.0168
1.934	16.17	0.01685
1.935	16.185	0.0169
1.936	16.17	0.01685
1.937	16.185	0.0169
1.938	16.185	0.0168
1.939	16.185	0.01685
1.94	16.185	0.01685
1.941	16.17	0.01685
1.942	16.185	0.01685
1.943	16.17	0.0168
1.944	16.17	0.0169
1.945	16.185	0.0169
1.946	16.185	0.01685
1.947	16.185	0.01685
1.948	16.185	0.0169
1.949	16.185	0.01685
1.95	16.185	0.01675
1.951	16.185	0.0169
1.952	16.185	0.0168
1.953	16.185	0.0169
1.954	16.17	0.01685
1.955	16.185	0.01685
1.956	16.17	0.0169
1.957	16.185	0.0169
1.958	16.17	0.01685
1.959	16.185	0.01685
1.96	16.185	0.01685
1.961	16.17	0.01685
1.962	16.185	0.01685
1.963	16.17	0.0169
1.964	16.185	0.0169
1.965	16.185	0.0168
1.966	16.17	0.01685
1.967	16.17	0.01685
1.968	16.17	0.01685
1.969	16.185	0.0169
1.97	16.17	0.0169
1.971	16.185	0.01685
1.972	16.185	0.01685
1.973	16.185	0.01685
1.974	16.17	0.0168
1.975	16.17	0.01685
1.976	16.185	0.0168
1.977	16.17	0.0169
1.978	16.185	0.01685
1.979	16.17	0.0168
1.98	16.185	0.01685
1.981	16.185	0.0169
1.982	16.185	0.01685
1.983	16.185	0.0169
1.984	16.185	0.0168
1.985	16.185	0.0169
1.986	16.185	0.0169
1.987	16.17	0.0169
1.988	16.185	0.01685
1.989	16.17	0.01685
1.99	16.17	0.01685
1.991	16.185	0.01685
1.992	16.17	0.0169
1.993	16.185	0.01685
1.994	16.185	0.0169
1.995	16.17	0.01685
1.996	16.185	0.01685
1.997	16.185	0.01685
1.998	16.17	0.01685
1.999	16.185	
2	16.17	
2.001	16.185	
2.002	16.17	
2.003	16.17	
2.004	16.185	
2.005	16.185	
2.006	16.185	
2.007	16.185	
