MIN=0	-0.1	-30
MAX=0.8	0.1	30
SCALE=0.1	0.05	10
DEC=3	4	2
DEF="Time" t / s	"Current" I_A1 / A	"Voltage" U_B1 / V
0	0	0
0.001	-5E-05	0
0.002	-5E-05	0.015
0.003	0	0.015
0.004	0	0
0.005	0	0
0.006	-5E-05	0
0.007	-5E-05	0
0.008	0	0
0.009	0	0.015
0.01	0	0.015
0.011	5E-05	-0.015
0.012	-5E-05	0
0.013	-5E-05	0.015
0.014	0	0
0.015	-5E-05	0.015
0.016	-5E-05	0.015
0.017	0	0.015
0.018	0	0.015
0.019	-5E-05	0
0.02	0	0
0.021	-5E-05	0.015
0.022	0	0
0.023	0	0.015
0.024	-5E-05	0
0.025	0	0
0.026	-5E-05	0
0.027	0	0
0.028	0	0.015
0.029	0	-0.015
0.03	-5E-05	0.015
0.031	0	0.015
0.032	0	0.015
0.033	-5E-05	0.015
0.034	0	-0.015
0.035	0	0
0.036	0	0
0.037	-5E-05	0
0.038	-5E-05	0
0.039	-5E-05	0
0.04	0	-0.015
0.041	0	0
0.042	0	0
0.043	-5E-05	0
0.044	0	0
0.045	-5E-05	0
0.046	0	0
0.047	-5E-05	0
0.048	0	-0.015
0.049	-5E-05	-0.015
0.05	-5E-05	0
0.051	0	0
0.052	-5E-05	-0.015
0.053	0	0
0.054	-5E-05	0
0.055	-5E-05	-0.015
0.056	0	0
0.057	0	-0.015
0.058	0	0
0.059	-5E-05	0
0.06	-5E-05	0
0.061	-5E-05	0.015
0.062	0	-0.015
0.063	-5E-05	-0.015
0.064	0	0
0.065	0	0
0.066	-5E-05	0
0.067	-5E-05	0
0.068	-5E-05	0
0.069	0	0
0.07	-5E-05	0.015
0.071	-5E-05	0
0.072	0	0
0.073	0	0
0.074	-5E-05	0
0.075	0	0
0.076	-5E-05	0.015
0.077	0	0
0.078	-5E-05	0.015
0.079	-5E-05	0
0.08	0	-0.015
0.081	0	0
0.082	0	0.015
0.083	-5E-05	0.015
0.084	0	0
0.085	0	0
0.086	0	0
0.087	0	0.015
0.088	0	0
0.089	-5E-05	0
0.09	0	0.015
0.091	0	0.03
0.092	-5E-05	0.015
0.093	-5E-05	0
0.094	0	0
0.095	0	0
0.096	0	0.015
0.097	0	0.015
0.098	-5E-05	0.015
0.099	0	0.015
0.1	0	0
0.101	0	0.015
0.102	0	0
0.103	0	0.015
0.104	0	0.015
0.105	-5E-05	0.015
0.106	0	0.015
0.107	0	0.015
0.108	0	0
0.109	0	0.015
0.11	0	0.015
0.111	0	0.015
0.112	0	0.015
0.113	-5E-05	0
0.114	0	0
0.115	0	0
0.116	0	0.015
0.117	0	0
0.118	-5E-05	0.015
0.119	0	0.015
0.12	0	0.015
0.121	0	0.015
0.122	0	0
0.123	-5E-05	0
0.124	0	0
0.125	0	0
0.126	0	0
0.127	0	0
0.128	0	0
0.129	0	0
0.13	0	0
0.131	-5E-05	0
0.132	-5E-05	0
0.133	0	0
0.134	-5E-05	0
0.135	0	-0.015
0.136	-5E-05	-0.015
0.137	-5E-05	0.015
0.138	0	0
0.139	0	0
0.14	0	0
0.141	-5E-05	0.015
0.142	-5E-05	0
0.143	0	-0.015
0.144	0	0
0.145	0	0
0.146	-5E-05	0
0.147	0	0
0.148	0	0
0.149	-5E-05	0
0.15	0	-0.015
0.151	0	0
0.152	0	0
0.153	0	-0.015
0.154	0	0
0.155	0	0
0.156	0	0
0.157	0	0.015
0.158	-5E-05	0
0.159	0	0
0.16	-5E-05	-0.015
0.161	0	0
0.162	0	0
0.163	0	0
0.164	0	0.015
0.165	-5E-05	0
0.166	-5E-05	0
0.167	0	0
0.168	0	-0.015
0.169	0	0.015
0.17	0	0.015
0.171	-5E-05	0
0.172	0	0
0.173	0	0
0.174	0	0
0.175	0	0
0.176	0	0
0.177	0	0
0.178	0	0
0.179	0	0.015
0.18	0	0
0.181	0	-0.015
0.182	0	0
0.183	0	0
0.184	0	0
0.185	0	0
0.186	-5E-05	0
0.187	0	0
0.188	0	0
0.189	0	0.015
0.19	-5E-05	0
0.191	0	0
0.192	0	0.015
0.193	-5E-05	0
0.194	-5E-05	0
0.195	-5E-05	0.015
0.196	0	0
0.197	0	0
0.198	0	0
0.199	0	0.015
0.2	-5E-05	0
0.201	-5E-05	0
0.202	0	0
0.203	0	0
0.204	0	0
0.205	0	0
0.206	0	-0.015
0.207	0	0
0.208	0	0
0.209	0	0
0.21	0	0
0.211	0	0
0.212	-5E-05	0
0.213	0	0
0.214	-5E-05	0
0.215	0	0.015
0.216	0	0
0.217	-5E-05	0
0.218	0	0
0.219	-5E-05	0.015
0.22	0	0.015
0.221	0	0
0.222	0	0.015
0.223	-5E-05	0
0.224	-5E-05	0.015
0.225	0	0
0.226	0	0
0.227	-5E-05	0
0.228	0	0
0.229	-5E-05	0.015
0.23	0	0.015
0.231	0	0
0.232	-5E-05	0
0.233	0	0
0.234	-5E-05	0
0.235	0	0.015
0.236	0	0
0.237	0	0.015
0.238	-5E-05	0.015
0.239	0	0
0.24	-5E-05	0.015
0.241	0	-0.015
0.242	0	0.015
0.243	-5E-05	0.015
0.244	0	0.015
0.245	-5E-05	0.015
0.246	-5E-05	0
0.247	-5E-05	0
0.248	0	0
0.249	0	0
0.25	0	0.015
0.251	0	0.015
0.252	-5E-05	0.015
0.253	-5E-05	0
0.254	-5E-05	0
0.255	0	0
0.256	0	0
0.257	0	0
0.258	-5E-05	0.015
0.259	0	0
0.26	0	0.015
0.261	0	0.015
0.262	0	0
0.263	0	0
0.264	0	0
0.265	0	0.015
0.266	0	0
0.267	0	0
0.268	0	0
0.269	0	0
0.27	-5E-05	0
0.271	-5E-05	0
0.272	0	0
0.273	0	0.015
0.274	0	0
0.275	0	0
0.276	0	0
0.277	0	0
0.278	0	0
0.279	0	0
0.28	0	0
0.281	0	0
0.282	-5E-05	0
0.283	0	0
0.284	-5E-05	0
0.285	0	0
0.286	-5E-05	0
0.287	0	-0.015
0.288	0	0.015
0.289	-5E-05	0
0.29	0	0
0.291	-5E-05	0
0.292	0	0
0.293	0	0
0.294	0	0
0.295	-5E-05	0.015
0.296	0	0.015
0.297	0	0
0.298	0	0
0.299	0	0
0.3	0	0
0.301	0	0
0.302	0	0
0.303	0	0.015
0.304	0	0.015
0.305	0	0
0.306	-5E-05	0
0.307	-5E-05	0
0.308	0	0.015
0.309	0	0
0.31	-5E-05	0.015
0.311	0	0.015
0.312	0	0
0.313	-5E-05	0.03
0.314	0	0
0.315	-5E-05	0
0.316	5E-05	0
0.317	0	0
0.318	-5E-05	0.015
0.319	-5E-05	0
0.32	-5E-05	0
0.321	0	0
0.322	0	-0.015
0.323	-5E-05	0
0.324	-5E-05	0
0.325	-5E-05	0
0.326	0	0.015
0.327	0	0
0.328	0	0
0.329	0	0
0.33	-5E-05	0
0.331	0	0
0.332	0	0
0.333	-5E-05	0.015
0.334	-5E-05	0
0.335	0	-0.015
0.336	0	0
0.337	0	0
0.338	0	0.015
0.339	0	0
0.34	0	0
0.341	0	0.015
0.342	-5E-05	0
0.343	0	0
0.344	0	0
0.345	0	0
0.346	0	0
0.347	0	0
0.348	-5E-05	0
0.349	-5E-05	0
0.35	0	0
0.351	0	0
0.352	-5E-05	0
0.353	0	0.03
0.354	-5E-05	0.075
0.355	-5E-05	0.105
0.356	0	0.165
0.357	0	0.225
0.358	0	0.3
0.359	0	0.36
0.36	5E-05	0.435
0.361	0.0003	0.51
0.362	0.00065	0.585
0.363	0.0008	0.66
0.364	0.00085	0.75
0.365	0.00095	0.84
0.366	0.001	0.96
0.367	0.00105	1.05
0.368	0.0011	1.155
0.369	0.0012	1.275
0.37	0.00125	1.395
0.371	0.00135	1.53
0.372	0.0014	1.665
0.373	0.00155	1.8
0.374	0.0018	1.935
0.375	0.0023	2.085
0.376	0.0031	2.265
0.377	0.0042	2.43
0.378	0.00545	2.61
0.379	0.00695	2.775
0.38	0.0073	2.94
0.381	0.0081	3.12
0.382	0.00885	3.315
0.383	0.00965	3.495
0.384	0.01055	3.69
0.385	0.01145	3.87
0.386	0.01235	4.08
0.387	0.01345	4.29
0.388	0.0145	4.515
0.389	0.0155	4.755
0.39	0.01665	4.98
0.391	0.01775	5.22
0.392	0.01905	5.505
0.393	0.0203	5.76
0.394	0.0215	6.06
0.395	0.0228	6.315
0.396	0.024	6.6
0.397	0.0254	6.885
0.398	0.02675	7.2
0.399	0.02835	7.53
0.4	0.0298	7.83
0.401	0.03125	8.16
0.402	0.03295	8.52
0.403	0.0346	8.85
0.404	0.0363	9.225
0.405	0.0381	9.6
0.406	0.0377	9.99
0.407	0.0371	10.425
0.408	0.0373	10.86
0.409	0.03745	11.325
0.41	0.03755	11.805
0.411	0.0377	12.285
0.412	0.03785	12.765
0.413	0.03805	13.275
0.414	0.0381	13.785
0.415	0.0383	14.325
0.416	0.0384	14.85
0.417	0.03855	15.435
0.418	0.03055	15.78
0.419	0.0342	15.99
0.42	0.03365	16.05
0.421	0.03345	16.095
0.422	0.03325	16.14
0.423	0.0332	16.155
0.424	0.03305	16.155
0.425	0.03305	16.155
0.426	0.0331	16.155
0.427	0.03305	16.17
0.428	0.03305	16.185
0.429	0.033	16.17
0.43	0.033	16.17
0.431	0.033	16.17
0.432	0.03295	16.17
0.433	0.033	16.185
0.434	0.033	16.17
0.435	0.03305	16.17
0.436	0.03295	16.17
0.437	0.03305	16.17
0.438	0.033	16.185
0.439	0.03295	16.185
0.44	0.033	16.17
0.441	0.03305	16.17
0.442	0.03305	16.17
0.443	0.033	16.185
0.444	0.03305	16.185
0.445	0.03305	16.17
0.446	0.033	16.185
0.447	0.033	16.185
0.448	0.03305	16.185
0.449	0.03305	16.185
0.45	0.03295	16.17
0.451	0.033	16.185
0.452	0.033	16.17
0.453	0.033	16.17
0.454	0.03295	16.17
0.455	0.033	16.185
0.456	0.03295	16.185
0.457	0.033	16.185
0.458	0.033	16.17
0.459	0.03295	16.185
0.46	0.033	16.17
0.461	0.03295	16.17
0.462	0.03295	16.185
0.463	0.033	16.17
0.464	0.03295	16.185
0.465	0.033	16.185
0.466	0.03295	16.17
0.467	0.03295	16.185
0.468	0.03295	16.185
0.469	0.033	16.17
0.47	0.033	16.17
0.471	0.033	16.17
0.472	0.03295	16.17
0.473	0.03295	16.185
0.474	0.033	16.17
0.475	0.033	16.185
0.476	0.033	16.17
0.477	0.033	16.17
0.478	0.03295	16.185
0.479	0.03295	16.17
0.48	0.03295	16.17
0.481	0.03295	16.17
0.482	0.03295	16.17
0.483	0.0329	16.185
0.484	0.033	16.185
0.485	0.03295	16.185
0.486	0.033	16.185
0.487	0.03295	16.185
0.488	0.03295	16.185
0.489	0.033	16.17
0.49	0.03295	16.17
0.491	0.03305	16.17
0.492	0.033	16.17
0.493	0.033	16.17
0.494	0.03295	16.185
0.495	0.033	16.17
0.496	0.033	16.185
0.497	0.03295	16.17
0.498	0.03295	16.17
0.499	0.033	16.17
0.5	0.033	16.17
0.501	0.03295	16.185
0.502	0.03305	16.185
0.503	0.033	16.17
0.504	0.03295	16.185
0.505	0.03295	16.185
0.506	0.033	16.17
0.507	0.033	16.185
0.508	0.033	16.185
0.509	0.03295	16.17
0.51	0.03295	16.17
0.511	0.0329	16.17
0.512	0.03295	16.185
0.513	0.033	16.17
0.514	0.03295	16.17
0.515	0.03295	16.17
0.516	0.03295	16.185
0.517	0.03295	16.185
0.518	0.033	16.185
0.519	0.03295	16.185
0.52	0.0329	16.185
0.521	0.03295	16.17
0.522	0.033	16.185
0.523	0.033	16.185
0.524	0.03295	16.17
0.525	0.0329	16.185
0.526	0.0329	16.17
0.527	0.03295	16.17
0.528	0.033	16.17
0.529	0.033	16.17
0.53	0.033	16.185
0.531	0.033	16.185
0.532	0.033	16.17
0.533	0.03295	16.17
0.534	0.033	16.17
0.535	0.0329	16.17
0.536	0.033	16.185
0.537	0.033	16.17
0.538	0.03295	16.17
0.539	0.03295	16.185
0.54	0.03295	16.17
0.541	0.03295	16.185
0.542	0.03295	16.17
0.543	0.03295	16.17
0.544	0.03295	16.17
0.545	0.033	16.17
0.546	0.03295	16.185
0.547	0.0329	16.185
0.548	0.033	16.185
0.549	0.03305	16.185
0.55	0.03295	16.17
0.551	0.033	16.185
0.552	0.033	16.17
0.553	0.0329	16.17
0.554	0.03295	16.17
0.555	0.03295	16.185
0.556	0.0329	16.185
0.557	0.0329	16.185
0.558	0.03295	16.17
0.559	0.0329	16.185
0.56	0.033	16.17
0.561	0.033	16.17
0.562	0.0329	16.185
0.563	0.03295	16.17
0.564	0.033	16.185
0.565	0.033	16.185
0.566	0.033	16.17
0.567	0.033	16.185
0.568	0.03295	16.185
0.569	0.03305	16.17
0.57	0.033	16.185
0.571	0.0329	16.17
0.572	0.03295	16.17
0.573	0.033	16.17
0.574	0.03295	16.17
0.575	0.03295	16.185
0.576	0.03295	16.185
0.577	0.03295	16.185
0.578	0.033	16.185
0.579	0.033	16.185
0.58	0.03295	16.185
0.581	0.03295	16.185
0.582	0.03295	16.17
0.583	0.033	16.185
0.584	0.033	16.17
0.585	0.0329	16.185
0.586	0.033	16.185
0.587	0.03295	16.17
0.588	0.033	16.17
0.589	0.03295	16.155
0.59	0.033	16.17
0.591	0.0329	16.185
0.592	0.03295	16.185
0.593	0.03295	16.185
0.594	0.03295	16.185
0.595	0.033	16.17
0.596	0.033	16.185
0.597	0.03295	16.185
0.598	0.033	16.17
0.599	0.03295	16.185
0.6	0.03295	16.17
0.601	0.0329	16.185
0.602	0.03305	16.17
0.603	0.03295	16.17
0.604	0.0329	16.185
0.605	0.03295	16.17
0.606	0.03295	16.185
0.607	0.03295	16.185
0.608	0.03295	16.17
0.609	0.0329	16.17
0.61	0.033	16.185
0.611	0.0329	16.17
0.612	0.03295	16.17
0.613	0.03295	16.17
0.614	0.033	16.185
0.615	0.03295	16.185
0.616	0.033	16.17
0.617	0.0329	16.17
0.618	0.03295	16.17
0.619	0.03295	16.17
0.62	0.03295	16.185
0.621	0.03295	16.17
0.622	0.0329	16.185
0.623	0.033	16.185
0.624	0.03305	16.17
0.625	0.033	16.185
0.626	0.03295	16.17
0.627	0.03295	16.17
0.628	0.033	16.17
0.629	0.0329	16.185
0.63	0.03295	16.185
0.631	0.03295	16.185
0.632	0.03295	16.185
0.633	0.03295	16.185
0.634	0.03295	16.185
0.635	0.0329	16.17
0.636	0.033	16.185
0.637	0.033	16.17
0.638	0.033	16.17
0.639	0.0329	16.17
0.64	0.033	16.17
0.641	0.033	16.17
0.642	0.033	16.17
0.643	0.03295	16.185
0.644	0.033	16.185
0.645	0.033	16.155
0.646	0.033	16.185
0.647	0.033	16.17
0.648	0.033	16.17
0.649	0.03295	16.17
0.65	0.03295	16.17
0.651	0.03295	16.185
0.652	0.033	16.185
0.653	0.033	16.17
0.654	0.03295	16.17
0.655	0.03295	16.17
0.656	0.03295	16.17
0.657	0.03295	16.185
0.658	0.033	16.17
0.659	0.03285	16.17
0.66	0.03295	16.17
0.661	0.03295	16.17
0.662	0.03295	16.185
0.663	0.033	16.17
0.664	0.033	16.185
0.665	0.03295	16.17
0.666	0.033	16.17
0.667	0.03295	16.185
0.668	0.03295	16.185
0.669	0.03295	16.17
0.67	0.03295	16.185
0.671	0.03295	16.185
0.672	0.03295	16.17
0.673	0.03295	16.185
0.674	0.033	16.17
0.675	0.03305	16.185
0.676	0.03295	16.17
0.677	0.03295	16.155
0.678	0.033	16.185
0.679	0.0329	16.17
0.68	0.03295	16.185
0.681	0.0329	16.17
0.682	0.033	16.17
0.683	0.033	16.185
0.684	0.033	16.17
0.685	0.0329	16.17
0.686	0.033	16.17
0.687	0.03295	16.17
0.688	0.03295	16.17
0.689	0.03295	16.185
0.69	0.03305	16.17
0.691	0.03295	16.17
0.692	0.03295	16.17
0.693	0.033	16.17
0.694	0.03295	16.185
0.695	0.033	16.17
0.696	0.033	16.17
0.697	0.03295	16.17
0.698	0.033	16.185
0.699	0.03295	16.185
0.7	0.03295	16.17
0.701	0.033	16.185
0.702	0.03295	16.185
0.703	0.033	16.17
0.704	0.03295	16.17
0.705	0.033	16.17
0.706	0.03295	16.17
0.707	0.03295	16.185
0.708	0.033	16.17
0.709	0.03285	16.17
0.71	0.03295	16.2
0.711	0.03295	16.17
0.712	0.0329	16.17
0.713	0.0329	16.17
0.714	0.033	16.17
0.715	0.03295	16.185
0.716	0.03305	16.185
0.717	0.0329	16.185
0.718	0.03295	16.17
0.719	0.03305	16.17
0.72	0.0329	16.17
0.721	0.03295	16.185
0.722	0.03305	16.17
0.723	0.033	16.185
0.724	0.03295	16.185
0.725	0.03295	16.2
0.726	0.033	16.185
0.727	0.03295	16.17
0.728	0.03295	16.185
0.729	0.03295	16.185
0.73	0.03295	16.185
0.731	0.0329	16.17
0.732	0.033	16.17
0.733	0.03295	16.185
0.734	0.033	16.185
0.735	0.03295	16.185
0.736	0.03295	16.185
0.737	0.03295	16.17
0.738	0.0329	16.185
0.739	0.0329	16.185
0.74	0.03295	16.17
0.741	0.03295	16.185
0.742	0.033	16.185
0.743	0.03305	
0.744	0.03295	
0.745	0.0329	
0.746	0.033	
0.747	0.03295	
0.748	0.03295	
0.749	0.033	
0.75	0.03295	
0.751	0.03295	
