MIN=0	-0.1	-30
MAX=0.8	0.1	30
SCALE=0.1	0.05	10
DEC=3	4	2
DEF="Time" t / s	"Current" I_A1 / A	"Voltage" U_B1 / V
0	0	0.015
0.001	0	0
0.002	-5E-05	0
0.003	0	0
0.004	-5E-05	0.015
0.005	0	0.015
0.006	0	0
0.007	0	0
0.008	0	0.015
0.009	0	0.015
0.01	-5E-05	0.015
0.011	0	-0.015
0.012	0	0.015
0.013	-5E-05	0
0.014	0	0
0.015	0	0
0.016	-5E-05	0
0.017	-5E-05	0.03
0.018	0	0.015
0.019	0	0
0.02	0	0
0.021	-5E-05	0
0.022	0	0
0.023	-5E-05	0.015
0.024	-5E-05	0.015
0.025	-5E-05	0.015
0.026	0	0.015
0.027	-5E-05	0
0.028	0	0.015
0.029	0	0
0.03	-5E-05	0.015
0.031	0	0.015
0.032	-5E-05	0.015
0.033	0	0
0.034	0	0
0.035	-5E-05	0.015
0.036	-5E-05	0
0.037	0	0
0.038	0	0.015
0.039	-5E-05	0
0.04	-5E-05	0
0.041	0	0
0.042	0	0
0.043	-5E-05	0
0.044	0	0
0.045	-5E-05	0.015
0.046	0	0.015
0.047	-5E-05	0
0.048	0	0
0.049	0	0.015
0.05	0	0
0.051	-5E-05	0.015
0.052	0	0
0.053	-5E-05	0
0.054	-5E-05	0
0.055	-5E-05	0.015
0.056	0	0
0.057	0	-0.015
0.058	-5E-05	0
0.059	-5E-05	-0.015
0.06	-5E-05	0
0.061	0	0.015
0.062	0	0
0.063	0	0
0.064	0	0
0.065	-5E-05	0
0.066	-5E-05	0
0.067	0	-0.015
0.068	0	0.015
0.069	0	0
0.07	0	-0.015
0.071	0	-0.015
0.072	-5E-05	-0.015
0.073	-5E-05	0
0.074	-5E-05	0
0.075	0	0
0.076	0	0
0.077	-5E-05	0
0.078	0	0
0.079	-5E-05	0
0.08	0	-0.015
0.081	0	0
0.082	0	0
0.083	0	0
0.084	-5E-05	0
0.085	-5E-05	-0.015
0.086	-5E-05	0.015
0.087	0	-0.015
0.088	0	0
0.089	0	0
0.09	0	-0.015
0.091	-5E-05	0
0.092	-5E-05	0.015
0.093	-5E-05	-0.015
0.094	0	0
0.095	0	-0.015
0.096	-5E-05	0
0.097	0	0
0.098	0	0
0.099	0	0
0.1	-5E-05	0
0.101	0	0
0.102	-5E-05	0
0.103	0	0.015
0.104	0	0
0.105	0	0
0.106	-5E-05	0.015
0.107	-5E-05	0.015
0.108	0	0
0.109	0	0.015
0.11	0	0
0.111	-5E-05	0
0.112	0	0
0.113	0	0.015
0.114	0	0.015
0.115	-5E-05	0
0.116	-5E-05	0
0.117	0	0
0.118	0	0
0.119	0	0.015
0.12	0	0
0.121	-5E-05	0
0.122	-5E-05	0.015
0.123	0	0.015
0.124	-5E-05	0.015
0.125	0	0
0.126	-5E-05	0
0.127	0	0.015
0.128	0	0.015
0.129	0	0.015
0.13	-5E-05	0.015
0.131	0	0
0.132	0	0.015
0.133	0	0
0.134	0	0
0.135	0	0
0.136	0	0
0.137	0	0.015
0.138	0	0
0.139	0	0.045
0.14	0	0
0.141	-5E-05	0
0.142	0	0.015
0.143	0	0
0.144	0	0.015
0.145	0	0
0.146	0	0
0.147	0	0.015
0.148	0	0.015
0.149	-5E-05	0
0.15	0	0
0.151	0	0
0.152	0	0.015
0.153	-5E-05	0.015
0.154	-5E-05	0
0.155	-5E-05	0
0.156	0	0
0.157	0	0
0.158	0	0.015
0.159	-5E-05	0.015
0.16	0	0
0.161	-5E-05	0
0.162	-5E-05	-0.015
0.163	-5E-05	0
0.164	0	0
0.165	0	0
0.166	0	0
0.167	0	0.015
0.168	-5E-05	0
0.169	-5E-05	0
0.17	-5E-05	0
0.171	-5E-05	-0.015
0.172	0	0
0.173	0	0
0.174	-5E-05	0
0.175	-5E-05	0
0.176	0	0
0.177	-5E-05	0
0.178	-5E-05	0
0.179	0	-0.015
0.18	-5E-05	0
0.181	0	0
0.182	-5E-05	0
0.183	0	0
0.184	0	-0.015
0.185	0	0
0.186	0	-0.015
0.187	-5E-05	0
0.188	0	0
0.189	-5E-05	0
0.19	0	0
0.191	0	-0.015
0.192	0	0
0.193	0	0
0.194	0	0
0.195	-5E-05	0.015
0.196	0	0
0.197	0	0
0.198	0	0.015
0.199	0	-0.015
0.2	0	0
0.201	0	0
0.202	0	0
0.203	0	0.015
0.204	-5E-05	0
0.205	-5E-05	0
0.206	0	0
0.207	0	-0.015
0.208	-5E-05	0
0.209	0	0
0.21	-5E-05	0
0.211	0	0.015
0.212	0	0
0.213	0	0
0.214	-5E-05	0
0.215	0	0
0.216	0	0.015
0.217	0	0.015
0.218	-5E-05	0
0.219	0	0
0.22	0	0
0.221	0	0
0.222	0	0
0.223	0	0
0.224	-5E-05	0
0.225	0	0
0.226	0	0.015
0.227	0	-0.015
0.228	0	0
0.229	-5E-05	0
0.23	0	0
0.231	0	0.015
0.232	0	0
0.233	-5E-05	0
0.234	0	0
0.235	-5E-05	0
0.236	0	0
0.237	-5E-05	-0.015
0.238	0	0
0.239	0	0.015
0.24	0	0
0.241	0	0
0.242	0	0
0.243	-5E-05	0
0.244	0	0
0.245	0	0
0.246	0	0
0.247	0	0
0.248	0	0
0.249	0	0
0.25	-5E-05	-0.015
0.251	0	0
0.252	-5E-05	0
0.253	0	0
0.254	0	0.015
0.255	-5E-05	0.015
0.256	0	0
0.257	-5E-05	0.015
0.258	0	0
0.259	0	0
0.26	0	0
0.261	0	0
0.262	-5E-05	0.015
0.263	-5E-05	0
0.264	0	0
0.265	-5E-05	0
0.266	0	0
0.267	0	0
0.268	0	0
0.269	0	0
0.27	-5E-05	0
0.271	-5E-05	0
0.272	0	0
0.273	0	0
0.274	-5E-05	0
0.275	0	0
0.276	-5E-05	0.015
0.277	0	0.015
0.278	0	0
0.279	-5E-05	0
0.28	0	0
0.281	0	0
0.282	0	0
0.283	0	0
0.284	-5E-05	0
0.285	-5E-05	0
0.286	0	-0.015
0.287	-5E-05	0
0.288	0	-0.015
0.289	-5E-05	0.015
0.29	0	0
0.291	0	0
0.292	0	0
0.293	-5E-05	0
0.294	0	-0.015
0.295	0	0
0.296	0	-0.015
0.297	0	0
0.298	0	0
0.299	0	0
0.3	0	0.015
0.301	0	0
0.302	0	0
0.303	-5E-05	0.015
0.304	0	0
0.305	0	0
0.306	0	0
0.307	-5E-05	0.015
0.308	0	0
0.309	-5E-05	0
0.31	0	0
0.311	-5E-05	0
0.312	0	0
0.313	-5E-05	0
0.314	0	0
0.315	0	0.015
0.316	0	-0.015
0.317	0	0
0.318	-5E-05	-0.015
0.319	0	0
0.32	0	0
0.321	0	0
0.322	-5E-05	0
0.323	0	0
0.324	0	0
0.325	0	0
0.326	0	0
0.327	0	0
0.328	0	0
0.329	0	0
0.33	-5E-05	0.015
0.331	0	0
0.332	-5E-05	0
0.333	-5E-05	0
0.334	0	0
0.335	0	0.015
0.336	0	0
0.337	-5E-05	0
0.338	0	0.015
0.339	0	-0.015
0.34	0	0
0.341	-5E-05	0
0.342	5E-05	0
0.343	0	0
0.344	0	0
0.345	0	0.015
0.346	0	0
0.347	0	-0.015
0.348	0	0
0.349	-5E-05	0
0.35	0	0
0.351	0	0.015
0.352	-5E-05	0
0.353	0	0
0.354	0	0
0.355	-5E-05	0
0.356	0	0
0.357	0	0
0.358	0	0.015
0.359	-5E-05	0.015
0.36	-5E-05	0.015
0.361	0	0
0.362	0	0
0.363	0	0
0.364	-5E-05	0
0.365	0	0
0.366	0	0.015
0.367	-5E-05	0
0.368	0	0.015
0.369	-5E-05	0
0.37	0	0
0.371	0	0
0.372	0	0
0.373	-5E-05	0
0.374	-5E-05	0.015
0.375	-5E-05	0
0.376	-5E-05	0
0.377	-5E-05	0
0.378	-5E-05	0
0.379	0	0
0.38	-5E-05	0
0.381	0	0
0.382	-5E-05	0
0.383	0	0.03
0.384	0	0.09
0.385	0	0.135
0.386	0.00015	0.21
0.387	0.00055	0.27
0.388	0.00065	0.345
0.389	0.00075	0.42
0.39	0.00075	0.495
0.391	0.0008	0.585
0.392	0.00095	0.66
0.393	0.00095	0.765
0.394	0.00105	0.87
0.395	0.00115	0.975
0.396	0.00125	1.11
0.397	0.0013	1.23
0.398	0.0014	1.365
0.399	0.0015	1.515
0.4	0.0015	1.65
0.401	0.0017	1.815
0.402	0.002	1.98
0.403	0.0026	2.145
0.404	0.00355	2.34
0.405	0.00485	2.505
0.406	0.0063	2.685
0.407	0.00705	2.895
0.408	0.0079	3.045
0.409	0.0088	3.255
0.41	0.0097	3.45
0.411	0.01055	3.675
0.412	0.01155	3.885
0.413	0.01265	4.095
0.414	0.0137	4.335
0.415	0.01475	4.545
0.416	0.0159	4.815
0.417	0.01705	5.07
0.418	0.0183	5.325
0.419	0.0195	5.61
0.42	0.0207	5.88
0.421	0.02195	6.15
0.422	0.0232	6.435
0.423	0.0245	6.705
0.424	0.0258	7.005
0.425	0.0271	7.305
0.426	0.02855	7.59
0.427	0.03	7.905
0.428	0.0314	8.22
0.429	0.0328	8.535
0.43	0.03425	8.865
0.431	0.03575	9.18
0.432	0.03725	9.51
0.433	0.03865	9.825
0.434	0.0364	10.185
0.435	0.0367	10.575
0.436	0.0369	10.98
0.437	0.0371	11.4
0.438	0.03715	11.82
0.439	0.0373	12.24
0.44	0.03735	12.72
0.441	0.0375	13.155
0.442	0.03755	13.605
0.443	0.0376	14.1
0.444	0.03775	14.565
0.445	0.0378	15.06
0.446	0.0379	15.555
0.447	0.04525	15.885
0.448	0.034	16.02
0.449	0.03355	16.08
0.45	0.0333	16.125
0.451	0.03325	16.14
0.452	0.03315	16.155
0.453	0.0331	16.17
0.454	0.03305	16.17
0.455	0.03305	16.17
0.456	0.033	16.17
0.457	0.03305	16.185
0.458	0.033	16.17
0.459	0.033	16.185
0.46	0.03305	16.17
0.461	0.03295	16.17
0.462	0.03295	16.185
0.463	0.03305	16.17
0.464	0.03295	16.185
0.465	0.0331	16.185
0.466	0.03305	16.185
0.467	0.03305	16.185
0.468	0.033	16.185
0.469	0.03295	16.185
0.47	0.033	16.185
0.471	0.03305	16.17
0.472	0.03305	16.185
0.473	0.03305	16.17
0.474	0.033	16.185
0.475	0.03305	16.185
0.476	0.033	16.185
0.477	0.03295	16.185
0.478	0.033	16.185
0.479	0.03305	16.17
0.48	0.033	16.185
0.481	0.033	16.185
0.482	0.03295	16.185
0.483	0.033	16.185
0.484	0.033	16.185
0.485	0.03295	16.185
0.486	0.033	16.185
0.487	0.03295	16.17
0.488	0.033	16.185
0.489	0.033	16.185
0.49	0.03295	16.185
0.491	0.03295	16.185
0.492	0.033	16.17
0.493	0.03295	16.185
0.494	0.033	16.185
0.495	0.033	16.17
0.496	0.03295	16.185
0.497	0.03295	16.17
0.498	0.03295	16.185
0.499	0.03295	16.185
0.5	0.033	16.17
0.501	0.033	16.185
0.502	0.03295	16.17
0.503	0.03295	16.185
0.504	0.03295	16.185
0.505	0.03295	16.17
0.506	0.03295	16.17
0.507	0.03295	16.17
0.508	0.033	16.17
0.509	0.033	16.185
0.51	0.03295	16.185
0.511	0.033	16.17
0.512	0.03305	16.185
0.513	0.033	16.17
0.514	0.03295	16.185
0.515	0.03295	16.185
0.516	0.03305	16.17
0.517	0.03305	16.17
0.518	0.033	16.17
0.519	0.03295	16.185
0.52	0.03295	16.185
0.521	0.033	16.17
0.522	0.0329	16.17
0.523	0.03295	16.155
0.524	0.03295	16.17
0.525	0.033	16.185
0.526	0.03295	16.17
0.527	0.033	16.185
0.528	0.033	16.185
0.529	0.03295	16.17
0.53	0.03295	16.185
0.531	0.03295	16.17
0.532	0.0329	16.2
0.533	0.033	16.185
0.534	0.033	16.17
0.535	0.03295	16.17
0.536	0.033	16.17
0.537	0.03295	16.185
0.538	0.03295	16.185
0.539	0.03295	16.185
0.54	0.0329	16.17
0.541	0.03295	16.185
0.542	0.0329	16.17
0.543	0.03295	16.185
0.544	0.03295	16.185
0.545	0.033	16.17
0.546	0.03295	16.17
0.547	0.033	16.185
0.548	0.0329	16.185
0.549	0.033	16.185
0.55	0.033	16.17
0.551	0.033	16.185
0.552	0.03295	16.17
0.553	0.03295	16.185
0.554	0.03295	16.185
0.555	0.03295	16.185
0.556	0.0329	16.185
0.557	0.03295	16.17
0.558	0.03295	16.185
0.559	0.03305	16.17
0.56	0.03295	16.185
0.561	0.03295	16.185
0.562	0.033	16.185
0.563	0.03305	16.185
0.564	0.03295	16.185
0.565	0.03295	16.2
0.566	0.03295	16.185
0.567	0.03295	16.185
0.568	0.033	16.2
0.569	0.033	16.17
0.57	0.03295	16.185
0.571	0.03295	16.185
0.572	0.033	16.2
0.573	0.03295	16.185
0.574	0.03295	16.185
0.575	0.03295	16.185
0.576	0.03295	16.185
0.577	0.03295	16.185
0.578	0.033	16.2
0.579	0.03295	16.185
0.58	0.0329	16.185
0.581	0.03295	16.17
0.582	0.033	16.17
0.583	0.03305	16.185
0.584	0.03295	16.2
0.585	0.0329	16.17
0.586	0.03295	16.17
0.587	0.033	16.17
0.588	0.0329	16.17
0.589	0.03295	16.17
0.59	0.03295	16.17
0.591	0.03295	16.185
0.592	0.033	16.17
0.593	0.03295	16.185
0.594	0.033	16.185
0.595	0.033	16.185
0.596	0.03295	16.17
0.597	0.033	16.17
0.598	0.03295	16.17
0.599	0.03295	16.185
0.6	0.033	16.17
0.601	0.03295	16.185
0.602	0.03295	16.185
0.603	0.0329	16.17
0.604	0.03295	16.17
0.605	0.03285	16.17
0.606	0.033	16.17
0.607	0.03295	16.17
0.608	0.03295	16.17
0.609	0.0329	16.185
0.61	0.03295	16.185
0.611	0.03295	16.17
0.612	0.03295	16.185
0.613	0.03295	16.17
0.614	0.033	16.17
0.615	0.033	16.17
0.616	0.03295	16.17
0.617	0.033	16.17
0.618	0.03295	16.17
0.619	0.033	16.17
0.62	0.033	16.185
0.621	0.03295	16.17
0.622	0.033	16.17
0.623	0.033	16.185
0.624	0.033	16.17
0.625	0.0329	16.185
0.626	0.03295	16.17
0.627	0.033	16.17
0.628	0.03295	16.185
0.629	0.03295	16.185
0.63	0.0329	16.185
0.631	0.03295	16.17
0.632	0.0329	16.17
0.633	0.03295	16.185
0.634	0.03295	16.2
0.635	0.03295	16.17
0.636	0.033	16.185
0.637	0.033	16.185
0.638	0.0329	16.185
0.639	0.03295	16.185
0.64	0.03295	16.155
0.641	0.03295	16.17
0.642	0.03295	16.185
0.643	0.03295	16.185
0.644	0.03295	16.185
0.645	0.033	16.185
0.646	0.03295	16.185
0.647	0.03305	16.2
0.648	0.03295	16.185
0.649	0.033	16.185
0.65	0.03295	16.185
0.651	0.033	16.185
0.652	0.0329	16.2
0.653	0.03295	16.185
0.654	0.033	16.185
0.655	0.03295	16.185
0.656	0.03295	16.185
0.657	0.03295	16.185
0.658	0.03295	16.17
0.659	0.033	16.17
0.66	0.03295	16.185
0.661	0.03295	16.185
0.662	0.03295	16.185
0.663	0.033	16.185
0.664	0.033	16.185
0.665	0.033	16.185
0.666	0.033	16.185
0.667	0.03295	16.185
0.668	0.03295	16.2
0.669	0.03295	16.17
0.67	0.03295	16.185
0.671	0.03295	16.185
0.672	0.03295	16.185
0.673	0.03295	16.185
0.674	0.033	16.185
0.675	0.0329	16.185
0.676	0.033	16.2
0.677	0.03295	16.185
0.678	0.033	16.185
0.679	0.033	16.185
0.68	0.0329	16.185
0.681	0.03295	16.185
0.682	0.03295	16.185
0.683	0.03295	16.185
0.684	0.033	16.2
0.685	0.03295	16.2
0.686	0.03295	16.185
0.687	0.03295	16.185
0.688	0.03295	16.185
0.689	0.033	16.185
0.69	0.03295	16.185
0.691	0.03295	16.185
0.692	0.03305	16.185
0.693	0.03295	16.185
0.694	0.03295	16.185
0.695	0.033	16.17
0.696	0.033	16.185
0.697	0.03295	16.185
0.698	0.033	16.185
0.699	0.033	16.185
0.7	0.033	16.185
0.701	0.03295	16.185
0.702	0.033	16.2
0.703	0.0329	16.185
0.704	0.03295	16.17
0.705	0.03295	16.185
0.706	0.03295	16.17
0.707	0.033	16.17
0.708	0.03295	16.185
0.709	0.03295	16.17
0.71	0.03295	16.185
0.711	0.033	16.185
0.712	0.03295	16.185
0.713	0.033	16.17
0.714	0.033	16.17
0.715	0.033	16.17
0.716	0.03295	16.17
0.717	0.033	16.185
0.718	0.03305	16.17
0.719	0.03295	16.185
0.72	0.0329	16.185
0.721	0.033	16.185
0.722	0.03295	16.17
0.723	0.03295	16.185
0.724	0.0329	16.17
0.725	0.033	16.17
0.726	0.03295	16.185
0.727	0.03295	16.17
0.728	0.0329	16.185
0.729	0.03295	16.185
0.73	0.0329	16.185
0.731	0.0329	16.185
0.732	0.03295	16.17
0.733	0.033	16.17
0.734	0.033	16.17
0.735	0.03295	16.17
0.736	0.03295	16.17
0.737	0.03295	16.185
0.738	0.03295	16.17
0.739	0.03295	16.185
0.74	0.0329	16.17
0.741	0.033	16.17
0.742	0.03295	16.185
0.743	0.033	16.17
0.744	0.03295	16.185
0.745	0.033	16.185
0.746	0.03305	16.17
0.747	0.03295	16.185
0.748	0.03295	16.185
0.749	0.03295	16.185
0.75	0.03295	16.17
0.751	0.03295	16.17
0.752	0.033	16.17
0.753	0.0329	16.185
0.754	0.03295	16.17
0.755	0.03295	16.185
0.756	0.03295	16.185
0.757	0.033	16.185
0.758	0.03295	16.185
0.759	0.03295	16.17
0.76	0.03295	16.185
0.761	0.03305	16.185
0.762	0.03295	16.185
0.763	0.03295	16.185
0.764	0.03295	16.185
0.765	0.033	16.17
0.766	0.03295	16.185
0.767	0.03295	16.185
0.768	0.033	16.185
0.769	0.03295	16.185
0.77	0.033	16.17
0.771	0.0329	16.185
0.772	0.03295	16.185
0.773	0.03295	16.185
0.774	0.03295	16.185
0.775	0.0329	16.185
0.776	0.0329	16.2
0.777	0.03295	16.185
0.778	0.03295	16.17
0.779	0.033	16.185
0.78	0.033	16.185
0.781	0.03295	16.185
0.782	0.033	16.185
0.783	0.033	16.185
0.784	0.033	16.185
0.785	0.033	16.185
0.786	0.0329	16.17
0.787	0.03295	16.17
0.788	0.03295	16.17
0.789		16.17
0.79		16.185
0.791		16.17
0.792		16.185
0.793		16.185
0.794		16.185
0.795		16.185
0.796		16.185
0.797		16.185
