MIN=0	-0.1	-30
MAX=0.8	0.1	30
SCALE=0.1	0.05	10
DEC=3	4	2
DEF="Time" t / s	"Current" I_A1 / A	"Voltage" U_B1 / V
0	0	0.015
0.001	0	0
0.002	-5E-05	0.015
0.003	0	-0.015
0.004	0	0
0.005	0	0.015
0.006	0	0
0.007	0	0.015
0.008	0	0.015
0.009	0	0
0.01	0	0
0.011	-5E-05	0
0.012	0	0
0.013	0	0
0.014	-5E-05	0.015
0.015	0	0.015
0.016	0	0
0.017	0	0
0.018	0	0
0.019	0	0
0.02	0	0.015
0.021	0	0
0.022	0	0
0.023	0	0.03
0.024	0	0
0.025	-5E-05	0
0.026	0	0
0.027	0	0
0.028	0	0.015
0.029	-5E-05	0
0.03	-5E-05	0.015
0.031	0	0
0.032	0	0
0.033	0	0
0.034	0	0
0.035	-5E-05	0.015
0.036	0	0.015
0.037	-5E-05	0.015
0.038	0	0
0.039	-5E-05	0
0.04	0	0
0.041	0	0
0.042	-5E-05	0
0.043	0	0.015
0.044	-5E-05	0.015
0.045	0	0
0.046	0	0.015
0.047	0	0
0.048	-5E-05	0
0.049	0	0.015
0.05	0	0
0.051	0	0
0.052	0	0
0.053	-5E-05	0
0.054	0	0.015
0.055	0	0
0.056	0	0.015
0.057	0	0.015
0.058	-5E-05	0.015
0.059	0	0.015
0.06	0	0
0.061	0	0
0.062	0	0
0.063	0	0.015
0.064	0	0.015
0.065	-5E-05	-0.015
0.066	0	0.015
0.067	-5E-05	0.015
0.068	0	0
0.069	-5E-05	0.015
0.07	-5E-05	0
0.071	0	0
0.072	0	0.03
0.073	0	0
0.074	-5E-05	0.015
0.075	0	0
0.076	-5E-05	0
0.077	0	0
0.078	0	0
0.079	-5E-05	0
0.08	-5E-05	0
0.081	-5E-05	-0.015
0.082	0	0
0.083	0	0
0.084	-5E-05	0.015
0.085	0	0
0.086	0	0
0.087	0	0
0.088	0	-0.015
0.089	0	0
0.09	-5E-05	0
0.091	0	0
0.092	0	0
0.093	0	-0.015
0.094	0	-0.015
0.095	0	0
0.096	0	-0.015
0.097	-5E-05	0.015
0.098	0	0
0.099	-5E-05	0
0.1	0	0
0.101	0	0
0.102	-5E-05	0
0.103	0	-0.015
0.104	-5E-05	0
0.105	-5E-05	0
0.106	-5E-05	0
0.107	0	0.015
0.108	-5E-05	0
0.109	0	-0.015
0.11	0	0
0.111	-5E-05	-0.015
0.112	0	0
0.113	-5E-05	0.015
0.114	0	0.015
0.115	0	0
0.116	0	-0.015
0.117	0	0
0.118	-5E-05	0.015
0.119	-5E-05	0.015
0.12	-5E-05	0
0.121	0	-0.015
0.122	0	0
0.123	0	0.015
0.124	0	0
0.125	0	0
0.126	-5E-05	0
0.127	0	0
0.128	0	0
0.129	0	0
0.13	0	0
0.131	0	0
0.132	0	0
0.133	0	0
0.134	0	-0.015
0.135	0	0
0.136	0	0
0.137	0	-0.015
0.138	0	0.015
0.139	-5E-05	0
0.14	0	0
0.141	0	0
0.142	-5E-05	0
0.143	0	0
0.144	0	-0.015
0.145	-5E-05	0
0.146	0	0
0.147	0	0.015
0.148	0	0.015
0.149	-5E-05	0
0.15	-5E-05	-0.015
0.151	-5E-05	0.015
0.152	0	0
0.153	0	0
0.154	-5E-05	0
0.155	0	0
0.156	-5E-05	0
0.157	0	0
0.158	-5E-05	0
0.159	-5E-05	0.015
0.16	0	0
0.161	0	0.015
0.162	-5E-05	0
0.163	0	0.015
0.164	0	0.015
0.165	-5E-05	-0.015
0.166	0	-0.015
0.167	0	0
0.168	-5E-05	0.015
0.169	-5E-05	0.015
0.17	0	0.015
0.171	-5E-05	0
0.172	-5E-05	0
0.173	0	0
0.174	-5E-05	0.015
0.175	0	0
0.176	0	0
0.177	0	0.015
0.178	0	0
0.179	-5E-05	0
0.18	0	-0.015
0.181	-5E-05	0.015
0.182	-5E-05	0.015
0.183	0	0
0.184	-5E-05	0.015
0.185	0	0
0.186	0	0
0.187	0	0
0.188	0	0
0.189	0	0
0.19	0	0
0.191	0	0.015
0.192	0	0.015
0.193	0	0
0.194	0	0
0.195	-5E-05	0
0.196	-5E-05	0
0.197	0	0.015
0.198	0	-0.015
0.199	-5E-05	0
0.2	-5E-05	0
0.201	0	0
0.202	0	0.015
0.203	0	0.015
0.204	-5E-05	0
0.205	-5E-05	0
0.206	0	0
0.207	0	0.015
0.208	-5E-05	0
0.209	-5E-05	0.015
0.21	0	0.015
0.211	-5E-05	0
0.212	0	0
0.213	-5E-05	0
0.214	0	0
0.215	0	0
0.216	0	0
0.217	-5E-05	0.015
0.218	0	0.015
0.219	-5E-05	0
0.22	0	0
0.221	0	0
0.222	0	0
0.223	0	0
0.224	0	0.015
0.225	-5E-05	0
0.226	-5E-05	0
0.227	0	0
0.228	0	0
0.229	0	0
0.23	0	0
0.231	0	0
0.232	-5E-05	0.015
0.233	0	0
0.234	0	0
0.235	0	0
0.236	0	0
0.237	-5E-05	0.015
0.238	0	0
0.239	0	0
0.24	0	0
0.241	0	0
0.242	-5E-05	0
0.243	0	0
0.244	0	0
0.245	0	0.015
0.246	0	0
0.247	0	0
0.248	0	0
0.249	0	0
0.25	0	0
0.251	-5E-05	0.015
0.252	0	0
0.253	-5E-05	0
0.254	-5E-05	0
0.255	-5E-05	0
0.256	-5E-05	0
0.257	0	-0.015
0.258	-5E-05	0
0.259	0	0
0.26	-5E-05	0
0.261	0	0
0.262	0	0
0.263	0	0
0.264	-5E-05	0
0.265	-5E-05	0
0.266	0	0.015
0.267	-5E-05	0
0.268	0	0
0.269	0	0
0.27	0	0
0.271	-5E-05	0
0.272	0	0
0.273	0	0.015
0.274	-5E-05	0
0.275	0	-0.015
0.276	0	0.015
0.277	0	0
0.278	-5E-05	0.015
0.279	0	0.015
0.28	0	0
0.281	-5E-05	0
0.282	-5E-05	-0.015
0.283	0	0
0.284	0	0
0.285	0	0
0.286	0	0
0.287	0	0
0.288	-5E-05	0.015
0.289	0	0
0.29	0	0
0.291	0	0
0.292	-5E-05	0
0.293	-5E-05	0
0.294	0	0.015
0.295	-5E-05	0
0.296	0	0
0.297	-5E-05	0
0.298	0	-0.015
0.299	0	0
0.3	0	0
0.301	0	0
0.302	-5E-05	0
0.303	0	-0.015
0.304	0	0
0.305	0	0
0.306	-5E-05	0
0.307	0	0
0.308	-5E-05	0
0.309	-5E-05	0.015
0.31	0	0
0.311	-5E-05	0
0.312	0	0
0.313	0	0
0.314	0	0
0.315	0	0.015
0.316	-5E-05	0
0.317	0	0
0.318	0	0
0.319	0	0
0.32	-5E-05	0
0.321	0	0
0.322	-5E-05	0.015
0.323	-5E-05	0
0.324	0	0.015
0.325	-5E-05	0
0.326	0	0
0.327	-5E-05	0
0.328	0	0
0.329	0	0.015
0.33	0	0.015
0.331	0	0
0.332	0	0
0.333	0	0
0.334	0	0
0.335	0	0
0.336	0	0
0.337	-5E-05	0
0.338	0	0
0.339	-5E-05	0
0.34	0	0
0.341	0	0
0.342	0	0
0.343	0	0.015
0.344	-5E-05	0
0.345	0	0.015
0.346	0	0.015
0.347	-5E-05	0
0.348	-5E-05	0
0.349	0	-0.015
0.35	0	0.015
0.351	-5E-05	0
0.352	0	0
0.353	-5E-05	0
0.354	0	0
0.355	-5E-05	0
0.356	0	0
0.357	0	0.015
0.358	-5E-05	0.015
0.359	0	0
0.36	0	0
0.361	0	0
0.362	-5E-05	0
0.363	0	0
0.364	0	0
0.365	-5E-05	0.015
0.366	0	0
0.367	-5E-05	0
0.368	0	0
0.369	-5E-05	0
0.37	0	0
0.371	-5E-05	0.015
0.372	0	0
0.373	-5E-05	0.015
0.374	0	0
0.375	0	0
0.376	-5E-05	0
0.377	0	0
0.378	0	0.015
0.379	-5E-05	0
0.38	0	0.015
0.381	0	0
0.382	0	0
0.383	-5E-05	0
0.384	5E-05	0
0.385	-5E-05	0.015
0.386	0	0.015
0.387	0	0
0.388	-5E-05	0.015
0.389	0	0
0.39	-5E-05	0
0.391	0	0
0.392	0	0
0.393	-5E-05	0.015
0.394	0	0
0.395	0	0
0.396	0	0
0.397	0	0
0.398	0	0
0.399	-5E-05	0
0.4	0	0
0.401	0	0.015
0.402	0	-0.015
0.403	0	0
0.404	0	0
0.405	0	0
0.406	-5E-05	0
0.407	0	0
0.408	-5E-05	0
0.409	0	0
0.41	0	0
0.411	-5E-05	0
0.412	0	0
0.413	-5E-05	0
0.414	0	0.015
0.415	0	0
0.416	0	0
0.417	-5E-05	0
0.418	-5E-05	0
0.419	0	0
0.42	0	0
0.421	0	0.015
0.422	-5E-05	0
0.423	0	0
0.424	0	0
0.425	0	0
0.426	0	0
0.427	-5E-05	0
0.428	0	0
0.429	-5E-05	0
0.43	0	0
0.431	0	0
0.432	0	0
0.433	0	0
0.434	-5E-05	0
0.435	0	0
0.436	-5E-05	0
0.437	0	0
0.438	0	-0.015
0.439	-5E-05	0
0.44	0	0
0.441	-5E-05	0
0.442	-5E-05	0
0.443	-5E-05	-0.015
0.444	-5E-05	0
0.445	-5E-05	0
0.446	0	0
0.447	0	0
0.448	0	-0.015
0.449	0	0.015
0.45	-5E-05	0
0.451	0	-0.015
0.452	0	0
0.453	0	0
0.454	-5E-05	0
0.455	0	0
0.456	0	0.06
0.457	0	0.15
0.458	0.00025	0.225
0.459	0.0006	0.285
0.46	0.0008	0.375
0.461	0.00095	0.45
0.462	0.00105	0.57
0.463	0.0013	0.705
0.464	0.00145	0.84
0.465	0.00155	0.99
0.466	0.0017	1.14
0.467	0.0018	1.32
0.468	0.00195	1.515
0.469	0.00205	1.71
0.47	0.0023	1.905
0.471	0.0029	2.13
0.472	0.00435	2.34
0.473	0.00625	2.595
0.474	0.00755	2.85
0.475	0.00865	3.12
0.476	0.0099	3.39
0.477	0.0114	3.675
0.478	0.0129	4.005
0.479	0.0145	4.335
0.48	0.0161	4.695
0.481	0.0176	5.025
0.482	0.01915	5.385
0.483	0.0209	5.76
0.484	0.0227	6.135
0.485	0.02465	6.54
0.486	0.0266	6.945
0.487	0.0286	7.38
0.488	0.03055	7.83
0.489	0.03275	8.265
0.49	0.0348	8.73
0.491	0.03695	9.21
0.492	0.039	9.69
0.493	0.0379	10.155
0.494	0.0378	10.65
0.495	0.038	11.145
0.496	0.0382	11.685
0.497	0.03835	12.21
0.498	0.03845	12.78
0.499	0.03855	13.35
0.5	0.0387	13.905
0.501	0.0389	14.505
0.502	0.03905	15.09
0.503	0.03915	15.72
0.504	0.03475	15.915
0.505	0.03395	16.02
0.506	0.03355	16.08
0.507	0.03325	16.125
0.508	0.0332	16.14
0.509	0.0331	16.185
0.51	0.0331	16.155
0.511	0.033	16.155
0.512	0.0331	16.17
0.513	0.03305	16.17
0.514	0.03305	16.185
0.515	0.03295	16.17
0.516	0.0331	16.17
0.517	0.0331	16.185
0.518	0.033	16.185
0.519	0.03295	16.185
0.52	0.033	16.185
0.521	0.033	16.17
0.522	0.03305	16.185
0.523	0.033	16.17
0.524	0.03295	16.155
0.525	0.033	16.185
0.526	0.03305	16.17
0.527	0.03305	16.185
0.528	0.03305	16.185
0.529	0.03305	16.17
0.53	0.033	16.185
0.531	0.033	16.17
0.532	0.033	16.17
0.533	0.033	16.17
0.534	0.033	16.17
0.535	0.03305	16.185
0.536	0.033	16.185
0.537	0.03305	16.17
0.538	0.03305	16.185
0.539	0.03295	16.185
0.54	0.03295	16.17
0.541	0.033	16.185
0.542	0.033	16.17
0.543	0.03295	16.185
0.544	0.033	16.185
0.545	0.03295	16.185
0.546	0.03305	16.17
0.547	0.03295	16.17
0.548	0.033	16.17
0.549	0.03295	16.185
0.55	0.033	16.17
0.551	0.033	16.17
0.552	0.033	16.185
0.553	0.03305	16.185
0.554	0.033	16.185
0.555	0.033	16.17
0.556	0.033	16.17
0.557	0.033	16.17
0.558	0.03295	16.17
0.559	0.033	16.185
0.56	0.03295	16.185
0.561	0.03305	16.185
0.562	0.033	16.185
0.563	0.03295	16.185
0.564	0.033	16.185
0.565	0.033	16.17
0.566	0.033	16.17
0.567	0.03305	16.17
0.568	0.033	16.185
0.569	0.03305	16.17
0.57	0.03295	16.185
0.571	0.033	16.17
0.572	0.033	16.17
0.573	0.03295	16.185
0.574	0.033	16.155
0.575	0.03295	16.185
0.576	0.033	16.17
0.577	0.033	16.17
0.578	0.033	16.185
0.579	0.03295	16.17
0.58	0.033	16.17
0.581	0.033	16.185
0.582	0.03295	16.185
0.583	0.033	16.185
0.584	0.03295	16.185
0.585	0.0331	16.17
0.586	0.03295	16.17
0.587	0.033	16.185
0.588	0.03295	16.185
0.589	0.033	16.17
0.59	0.033	16.17
0.591	0.033	16.17
0.592	0.0329	16.185
0.593	0.033	16.17
0.594	0.033	16.17
0.595	0.03295	16.185
0.596	0.033	16.185
0.597	0.03295	16.185
0.598	0.03295	16.17
0.599	0.03295	16.17
0.6	0.033	16.17
0.601	0.03295	16.17
0.602	0.03295	16.17
0.603	0.033	16.17
0.604	0.03295	16.185
0.605	0.03295	16.185
0.606	0.033	16.17
0.607	0.03295	16.17
0.608	0.03295	16.155
0.609	0.03295	16.17
0.61	0.03295	16.185
0.611	0.033	16.17
0.612	0.03295	16.185
0.613	0.03295	16.2
0.614	0.03295	16.185
0.615	0.033	16.185
0.616	0.0329	16.17
0.617	0.03295	16.17
0.618	0.033	16.185
0.619	0.03295	16.17
0.62	0.03295	16.185
0.621	0.03295	16.185
0.622	0.033	16.185
0.623	0.03295	16.185
0.624	0.03295	16.185
0.625	0.03295	16.155
0.626	0.033	16.185
0.627	0.03295	16.185
0.628	0.0329	16.185
0.629	0.033	16.185
0.63	0.0329	16.185
0.631	0.03295	16.185
0.632	0.03295	16.17
0.633	0.03305	16.17
0.634	0.03295	16.185
0.635	0.03295	16.17
0.636	0.03295	16.17
0.637	0.03295	16.17
0.638	0.033	16.17
0.639	0.0329	16.185
0.64	0.03295	16.185
0.641	0.033	16.17
0.642	0.03295	16.17
0.643	0.03295	16.17
0.644	0.0329	16.185
0.645	0.0329	16.17
0.646		16.185
0.647		16.185
0.648		16.185
0.649		16.17
0.65		16.185
0.651		16.17
0.652		16.185
0.653		16.185
0.654		16.17
