MIN=0	-0.1	-30
MAX=0.8	0.1	30
SCALE=0.1	0.05	10
DEC=3	4	2
DEF="Time" t / s	"Current" I_A1 / A	"Voltage" U_B1 / V
0	0	0
0.001	-5E-05	0
0.002	-5E-05	0.015
0.003	0	0
0.004	0	0
0.005	-5E-05	0
0.006	-5E-05	0
0.007	-5E-05	0
0.008	0	0.015
0.009	-5E-05	0
0.01	0	0
0.011	-5E-05	0
0.012	-5E-05	0
0.013	0	0.015
0.014	0	0
0.015	0	0
0.016	-5E-05	0
0.017	0	0
0.018	0	0
0.019	-5E-05	0
0.02	0	0
0.021	0	0
0.022	0	0
0.023	-5E-05	0.015
0.024	0	0
0.025	0	0
0.026	0	0
0.027	0	0
0.028	0	0
0.029	-5E-05	0
0.03	-5E-05	0.015
0.031	0	0
0.032	0	0
0.033	0	0
0.034	0	0
0.035	0	0
0.036	0	0.015
0.037	-5E-05	0
0.038	-5E-05	0.015
0.039	-5E-05	0
0.04	-5E-05	0
0.041	0	0
0.042	-5E-05	0
0.043	0	0.015
0.044	-5E-05	0
0.045	-5E-05	0.015
0.046	0	0
0.047	0	0
0.048	0	0
0.049	0	0.015
0.05	0	0
0.051	-5E-05	0
0.052	-5E-05	0.015
0.053	0	0
0.054	-5E-05	0
0.055	0	0
0.056	0	0.015
0.057	-5E-05	0.015
0.058	0	-0.015
0.059	0	0.015
0.06	0	0
0.061	0	0.015
0.062	-5E-05	0
0.063	0	0
0.064	-5E-05	0.015
0.065	0	0
0.066	-5E-05	0
0.067	0	0
0.068	0	0
0.069	0	0
0.07	0	0
0.071	-5E-05	0
0.072	0	0
0.073	0	0
0.074	0	0
0.075	0	0
0.076	0	0
0.077	0	0
0.078	0	0
0.079	0	0
0.08	0	0
0.081	-5E-05	0
0.082	0	0
0.083	0	0
0.084	-5E-05	0.015
0.085	0	0.015
0.086	0	0
0.087	0	0
0.088	0	0
0.089	0	0
0.09	-5E-05	0
0.091	0	0
0.092	-5E-05	0.015
0.093	0	0
0.094	0	0
0.095	-5E-05	0
0.096	0	0
0.097	0	0
0.098	-5E-05	0.015
0.099	0	0
0.1	-5E-05	0
0.101	0	0
0.102	-5E-05	0
0.103	0	0
0.104	0	0
0.105	-5E-05	0.015
0.106	0	0
0.107	-5E-05	0
0.108	0	0
0.109	0	0
0.11	0	0
0.111	-5E-05	0
0.112	-5E-05	0
0.113	0	0
0.114	0	0
0.115	0	0
0.116	-5E-05	0
0.117	0	0
0.118	0	0
0.119	-5E-05	0
0.12	0	0
0.121	-5E-05	0
0.122	0	0
0.123	0	0
0.124	0	0
0.125	-5E-05	0
0.126	0	0.015
0.127	0	0
0.128	-5E-05	0
0.129	0	0
0.13	0	0
0.131	-5E-05	0
0.132	0	0
0.133	0	0.015
0.134	0	0
0.135	0	0
0.136	-5E-05	0
0.137	0	0
0.138	0	0.015
0.139	-5E-05	0.015
0.14	5E-05	0
0.141	0	0
0.142	0	0
0.143	-5E-05	0
0.144	0	0
0.145	0	0
0.146	-5E-05	0.015
0.147	0	0
0.148	0	0.015
0.149	0	0.015
0.15	0	0
0.151	0	0.015
0.152	0	0
0.153	-5E-05	0.015
0.154	0	0.015
0.155	0	0
0.156	0	0.015
0.157	0	0
0.158	0	0
0.159	0	0.015
0.16	0	0
0.161	0	0.015
0.162	-5E-05	0
0.163	-5E-05	0
0.164	0	0
0.165	0	0
0.166	0	0
0.167	0	0.015
0.168	0	0
0.169	0	0
0.17	-5E-05	0
0.171	-5E-05	0
0.172	0	0.015
0.173	-5E-05	0
0.174	0	0
0.175	-5E-05	0
0.176	0	-0.015
0.177	0	0
0.178	0	0
0.179	0	0
0.18	-5E-05	-0.015
0.181	0	-0.015
0.182	0	0
0.183	0	0
0.184	0	0
0.185	0	0
0.186	0	0
0.187	0	0
0.188	-5E-05	0.015
0.189	-5E-05	0
0.19	0	0
0.191	5E-05	-0.015
0.192	-5E-05	-0.015
0.193	0	-0.015
0.194	0	0
0.195	-5E-05	0
0.196	-5E-05	-0.015
0.197	0	0
0.198	-5E-05	0
0.199	0	0
0.2	-5E-05	0
0.201	0	0
0.202	-5E-05	0
0.203	0	0
0.204	0	-0.015
0.205	0	0
0.206	-5E-05	0
0.207	-5E-05	0.015
0.208	0	0
0.209	0	0
0.21	0	-0.015
0.211	0	0
0.212	-5E-05	0.015
0.213	-5E-05	0.015
0.214	0	0
0.215	-5E-05	-0.015
0.216	-5E-05	0
0.217	0	0
0.218	0	0.015
0.219	0	0
0.22	-5E-05	0.015
0.221	-5E-05	0
0.222	-5E-05	0
0.223	0	0.015
0.224	0	0
0.225	0	0.015
0.226	0	0
0.227	0	0.015
0.228	0	0.015
0.229	-5E-05	0.015
0.23	0	0
0.231	0	0.015
0.232	0	0
0.233	-5E-05	0.015
0.234	-5E-05	0
0.235	0	0
0.236	0	0
0.237	0	0.015
0.238	0	0
0.239	0	0
0.24	0	0.015
0.241	0	0.015
0.242	0	0
0.243	0	0
0.244	0	0
0.245	0	0
0.246	0	0.015
0.247	-5E-05	0.015
0.248	-5E-05	0.015
0.249	0	0
0.25	0	0
0.251	-5E-05	0
0.252	0	0.015
0.253	-5E-05	0
0.254	0	0.015
0.255	0	0
0.256	0	0.015
0.257	-5E-05	0
0.258	0	-0.015
0.259	0	0
0.26	0	0
0.261	0	0.015
0.262	0	0.015
0.263	-5E-05	0
0.264	-5E-05	0.015
0.265	0	0
0.266	0	0
0.267	0	0
0.268	0	0.015
0.269	0	0
0.27	-5E-05	-0.015
0.271	-5E-05	0
0.272	0	0.015
0.273	0	0
0.274	0	0
0.275	-5E-05	0
0.276	0	0
0.277	0	0.015
0.278	0	0
0.279	-5E-05	-0.015
0.28	0	0.015
0.281	0	0
0.282	-5E-05	0.015
0.283	0	-0.015
0.284	-5E-05	0
0.285	0	0
0.286	0	0
0.287	0	0
0.288	0	-0.015
0.289	-5E-05	0
0.29	0	0
0.291	0	0
0.292	0	0
0.293	-5E-05	-0.015
0.294	0	0
0.295	0	0
0.296	0	-0.015
0.297	0	0
0.298	-5E-05	0.015
0.299	-5E-05	-0.015
0.3	0	0
0.301	-5E-05	-0.015
0.302	0	0
0.303	-5E-05	0
0.304	0	0
0.305	0	0
0.306	0	-0.015
0.307	0	0
0.308	0	0.015
0.309	0	-0.015
0.31	0	0
0.311	-5E-05	0.075
0.312	-5E-05	0.12
0.313	-5E-05	0.18
0.314	0	0.27
0.315	5E-05	0.345
0.316	0.0004	0.42
0.317	0.0009	0.495
0.318	0.00095	0.615
0.319	0.0011	0.705
0.32	0.00115	0.825
0.321	0.0013	0.945
0.322	0.00145	1.11
0.323	0.0015	1.275
0.324	0.00165	1.395
0.325	0.00185	1.59
0.326	0.002	1.77
0.327	0.00225	1.965
0.328	0.00295	2.175
0.329	0.0041	2.37
0.33	0.0057	2.565
0.331	0.00735	2.805
0.332	0.00805	3.015
0.333	0.0091	3.255
0.334	0.0102	3.495
0.335	0.01135	3.765
0.336	0.01275	4.035
0.337	0.0141	4.32
0.338	0.0154	4.605
0.339	0.0167	4.92
0.34	0.0183	5.22
0.341	0.0197	5.565
0.342	0.0212	5.88
0.343	0.02275	6.225
0.344	0.02435	6.585
0.345	0.02595	6.93
0.346	0.02765	7.29
0.347	0.0294	7.665
0.348	0.0312	8.04
0.349	0.0331	8.445
0.35	0.035	8.865
0.351	0.03685	9.3
0.352	0.0388	9.705
0.353	0.03735	10.14
0.354	0.03735	10.605
0.355	0.03755	11.07
0.356	0.03765	11.535
0.357	0.0378	12.03
0.358	0.0379	12.525
0.359	0.038	13.05
0.36	0.03815	13.575
0.361	0.03825	14.07
0.362	0.0383	14.625
0.363	0.0384	15.165
0.364	0.03855	15.72
0.365	0.0346	15.93
0.366	0.0339	16.035
0.367	0.03355	16.095
0.368	0.03325	16.14
0.369	0.0332	16.155
0.37	0.03315	16.17
0.371	0.0331	16.155
0.372	0.03305	16.17
0.373	0.0331	16.185
0.374	0.03305	16.17
0.375	0.033	16.185
0.376	0.033	16.185
0.377	0.033	16.185
0.378	0.03305	16.185
0.379	0.03305	16.185
0.38	0.03305	16.17
0.381	0.033	16.185
0.382	0.033	16.17
0.383	0.03305	16.185
0.384	0.033	16.185
0.385	0.033	16.185
0.386	0.03305	16.185
0.387	0.033	16.185
0.388	0.033	16.17
0.389	0.0329	16.17
0.39	0.033	16.17
0.391	0.033	16.185
0.392	0.033	16.185
0.393	0.033	16.17
0.394	0.03305	16.185
0.395	0.033	16.2
0.396	0.033	16.17
0.397	0.03295	16.17
0.398	0.033	16.17
0.399	0.033	16.17
0.4	0.033	16.185
0.401	0.033	16.17
0.402	0.033	16.185
0.403	0.03305	16.17
0.404	0.033	16.17
0.405	0.033	16.17
0.406	0.033	16.17
0.407	0.033	16.17
0.408	0.03295	16.17
0.409	0.033	16.17
0.41	0.033	16.185
0.411	0.0329	16.17
0.412	0.033	16.17
0.413	0.03305	16.17
0.414	0.03295	16.17
0.415	0.033	16.17
0.416	0.033	16.185
0.417	0.033	16.17
0.418	0.033	16.185
0.419	0.03295	16.185
0.42	0.033	16.185
0.421	0.033	16.17
0.422	0.033	16.17
0.423	0.033	16.185
0.424	0.03305	16.185
0.425	0.033	16.17
0.426	0.03295	16.185
0.427	0.03295	16.185
0.428	0.033	16.17
0.429	0.03295	16.185
0.43	0.03305	16.17
0.431	0.03295	16.17
0.432	0.033	16.185
0.433	0.033	16.17
0.434	0.033	16.17
0.435	0.03295	16.17
0.436	0.03305	16.17
0.437	0.03295	16.17
0.438	0.0329	16.17
0.439	0.03295	16.17
0.44	0.03295	16.17
0.441	0.033	16.17
0.442	0.033	16.185
0.443	0.0329	16.185
0.444	0.033	16.185
0.445	0.033	16.2
0.446	0.033	16.185
0.447	0.03285	16.17
0.448	0.033	16.17
0.449	0.03305	16.17
0.45	0.033	16.185
0.451	0.0329	16.17
0.452	0.03295	16.17
0.453	0.03295	16.17
0.454	0.03295	16.17
0.455	0.03295	16.17
0.456	0.033	16.185
0.457	0.033	16.17
0.458	0.03295	16.185
0.459	0.0329	16.185
0.46	0.033	16.17
0.461	0.03295	16.185
0.462	0.03295	16.17
0.463	0.03295	16.17
0.464	0.03295	16.185
0.465	0.03295	16.17
0.466	0.033	16.17
0.467	0.03295	16.185
0.468	0.033	16.185
0.469	0.03295	16.185
0.47	0.03295	16.185
0.471	0.0329	16.17
0.472	0.0329	16.17
0.473	0.03295	16.17
0.474	0.03305	16.17
0.475	0.0329	16.185
0.476	0.03295	16.17
0.477	0.033	16.185
0.478	0.03295	16.17
0.479	0.033	16.17
0.48	0.033	16.17
0.481	0.0329	16.17
0.482	0.033	16.185
0.483	0.033	16.17
0.484	0.03295	16.17
0.485	0.03295	16.185
0.486	0.03295	16.185
0.487	0.0329	16.185
0.488	0.033	16.17
0.489	0.03295	16.17
0.49	0.03295	16.185
0.491	0.03295	16.185
0.492	0.03295	16.185
0.493	0.03295	16.185
0.494	0.03295	16.185
0.495	0.03295	16.17
0.496	0.03295	16.185
0.497	0.03295	16.17
0.498	0.03295	16.185
0.499	0.033	16.17
0.5	0.033	16.17
0.501	0.03295	16.185
0.502	0.03295	16.185
0.503	0.033	16.17
0.504	0.03295	16.185
0.505	0.033	16.185
0.506	0.03305	16.185
0.507	0.033	16.17
0.508	0.033	16.17
0.509	0.03295	16.185
0.51	0.03295	16.185
0.511	0.0329	16.17
0.512	0.03295	16.2
0.513	0.0329	16.17
0.514	0.03295	16.185
0.515	0.033	16.17
0.516	0.03305	16.17
0.517	0.03295	16.185
0.518	0.03295	16.185
0.519	0.03295	16.185
0.52	0.03295	16.185
0.521	0.03295	16.17
0.522	0.033	16.17
0.523	0.033	16.185
0.524	0.03305	16.17
0.525	0.03295	16.185
0.526	0.033	16.185
0.527	0.03295	16.185
0.528	0.033	16.17
0.529	0.033	16.17
0.53	0.03305	16.185
0.531	0.03295	16.185
0.532	0.033	16.17
0.533	0.033	16.185
0.534	0.03295	16.185
0.535	0.03295	16.185
0.536	0.033	16.185
0.537	0.0329	16.185
0.538	0.033	16.17
0.539	0.0329	16.185
0.54	0.03295	16.17
0.541	0.033	16.185
0.542	0.03295	16.185
0.543	0.033	16.17
0.544	0.033	16.185
0.545	0.03295	16.17
0.546	0.03295	16.185
0.547	0.033	16.17
0.548	0.03295	16.185
0.549	0.03305	16.185
0.55	0.03295	16.185
0.551	0.03295	16.17
0.552	0.03295	16.185
0.553	0.03295	16.185
0.554	0.03295	16.185
0.555	0.03295	16.185
0.556	0.033	16.17
0.557	0.03295	16.185
0.558	0.0329	16.17
0.559	0.03295	16.17
0.56	0.033	16.185
0.561	0.03295	16.185
0.562	0.033	16.17
0.563	0.03295	16.185
0.564	0.033	16.185
0.565	0.03295	16.185
0.566	0.033	16.185
0.567	0.03295	16.185
0.568	0.033	16.2
0.569	0.033	16.185
0.57	0.0329	16.185
0.571	0.033	16.185
0.572	0.033	16.17
0.573	0.03295	16.185
0.574	0.03295	16.17
0.575	0.033	16.17
0.576	0.03295	16.185
0.577	0.03295	16.185
0.578	0.03295	16.17
0.579	0.03295	16.185
0.58	0.033	16.17
0.581	0.03295	16.185
0.582	0.03295	16.17
0.583	0.033	16.17
0.584	0.0329	16.185
0.585	0.03295	16.17
0.586	0.0329	16.185
0.587	0.033	16.185
0.588	0.03295	16.185
0.589	0.03295	16.185
0.59	0.0329	16.155
0.591	0.03295	16.17
0.592	0.033	16.185
0.593	0.03295	16.185
0.594	0.03295	16.185
0.595	0.03295	16.185
0.596	0.03295	16.185
0.597	0.03295	16.17
0.598	0.033	16.185
0.599	0.0329	16.17
0.6	0.033	16.17
0.601	0.03295	16.17
0.602	0.033	16.17
0.603	0.03295	16.185
0.604	0.033	16.17
0.605	0.03295	16.17
0.606	0.03295	16.17
0.607	0.033	16.155
0.608	0.03305	16.17
0.609	0.03305	16.17
0.61	0.03295	16.17
0.611	0.0329	16.185
0.612	0.033	16.17
0.613	0.0329	16.185
0.614	0.033	16.17
0.615	0.03295	16.155
0.616	0.03295	16.17
0.617	0.033	16.17
0.618	0.033	16.17
0.619	0.03295	16.17
0.62	0.03295	16.17
0.621	0.0329	16.17
0.622	0.033	16.185
0.623	0.03295	16.155
0.624	0.033	16.17
0.625	0.03295	16.17
0.626	0.03295	16.17
0.627	0.033	16.185
0.628	0.03295	16.17
0.629	0.033	16.17
0.63	0.033	16.17
0.631	0.0329	16.17
0.632	0.0329	16.185
0.633	0.03295	16.17
0.634	0.033	16.17
0.635	0.03295	16.17
0.636	0.03295	16.17
0.637	0.03295	16.185
0.638	0.033	16.17
0.639	0.03295	16.17
0.64	0.033	16.17
0.641	0.03295	16.155
0.642	0.03295	16.17
0.643	0.033	16.2
0.644	0.033	16.185
0.645	0.03295	16.17
0.646	0.03295	16.17
0.647	0.03295	16.17
0.648	0.033	16.185
0.649	0.033	16.17
0.65	0.033	16.17
0.651	0.03305	16.17
0.652	0.03295	16.185
0.653	0.03295	16.185
0.654	0.03295	16.185
0.655	0.033	16.2
0.656	0.033	16.185
0.657	0.0329	16.17
0.658	0.03295	16.185
0.659	0.033	16.185
0.66	0.03295	16.17
0.661	0.03295	16.185
0.662	0.03295	16.185
0.663	0.033	16.185
0.664	0.033	16.17
0.665	0.03295	16.17
0.666	0.03295	16.17
0.667	0.033	16.185
0.668	0.03295	16.185
0.669	0.03295	16.17
0.67	0.033	16.185
0.671	0.03295	16.185
0.672	0.03295	16.185
0.673	0.033	16.185
0.674	0.0329	16.17
0.675	0.03295	16.185
0.676	0.03305	16.185
0.677	0.03295	16.2
0.678	0.03295	16.185
0.679	0.03295	16.17
0.68	0.03295	16.185
0.681	0.0329	16.185
0.682	0.03295	16.17
0.683	0.03295	16.185
0.684	0.033	16.17
0.685	0.03295	16.185
0.686	0.033	16.185
0.687	0.0329	16.17
0.688	0.03305	16.185
0.689	0.0329	16.185
0.69	0.03295	16.17
0.691	0.0329	16.185
0.692	0.03295	16.17
0.693	0.03295	16.185
0.694	0.03295	16.185
0.695	0.033	
0.696	0.03295	
0.697	0.03295	
0.698	0.03295	
0.699	0.03295	
0.7	0.033	
0.701	0.0329	
0.702	0.03295	
0.703	0.0329	
