MIN=0	-0.1	-30
MAX=1.13137084989848	0.1	30
SCALE=0.1	0.05	10
DEC=3	4	2
DEF="Time" t / s	"Current" I_A1 / A	"Voltage" U_B1 / V
0	-5E-05	0
0.001	0	0
0.002	0	0.015
0.003	-5E-05	0.015
0.004	0	0
0.005	-5E-05	0
0.006	0	0
0.007	-5E-05	0.015
0.008	0	0.015
0.009	0	0
0.01	0	0
0.011	-5E-05	0
0.012	-5E-05	0.015
0.013	0	0.015
0.014	0	0.015
0.015	0	0.015
0.016	0	0
0.017	0	0
0.018	0	0.015
0.019	0	0.015
0.02	0	0.015
0.021	0	0.015
0.022	0	0.015
0.023	0	0.015
0.024	-5E-05	0
0.025	0	0.015
0.026	0	0
0.027	0	0.015
0.028	0	0.015
0.029	-5E-05	0.015
0.03	-5E-05	0.015
0.031	0	0.015
0.032	0	0
0.033	0	0
0.034	-5E-05	0.015
0.035	0	0
0.036	0	0.015
0.037	0	0
0.038	0	0
0.039	-5E-05	0
0.04	0	0
0.041	0	0.015
0.042	-5E-05	0.03
0.043	0	0.015
0.044	0	-0.015
0.045	0	-0.015
0.046	0	0
0.047	5E-05	0.015
0.048	-5E-05	0
0.049	0	0.015
0.05	0	-0.015
0.051	-5E-05	0
0.052	0	0
0.053	0	0
0.054	0	0
0.055	0	0
0.056	0	0
0.057	-5E-05	0
0.058	0	0
0.059	0	0
0.06	0	0
0.061	-5E-05	0
0.062	0	0
0.063	-5E-05	0
0.064	-5E-05	-0.015
0.065	0	0
0.066	-5E-05	-0.015
0.067	0	0
0.068	0	-0.015
0.069	0	0
0.07	-5E-05	0
0.071	0	0
0.072	0	0
0.073	-5E-05	-0.015
0.074	0	0.015
0.075	-5E-05	0
0.076	-5E-05	0
0.077	0	0
0.078	-5E-05	0
0.079	-5E-05	0
0.08	0	0
0.081	0	0
0.082	-5E-05	0.015
0.083	0	0
0.084	-5E-05	0
0.085	-5E-05	0
0.086	0	0
0.087	-5E-05	0
0.088	0	0
0.089	0	0
0.09	0	0
0.091	-5E-05	0
0.092	0	0.015
0.093	0	0
0.094	-5E-05	0
0.095	0	0
0.096	-5E-05	0
0.097	-5E-05	0.015
0.098	0	0.015
0.099	0	-0.015
0.1	-5E-05	0
0.101	-5E-05	0
0.102	0	0
0.103	0	0.015
0.104	0	0
0.105	0	0
0.106	-5E-05	0.015
0.107	0	-0.015
0.108	0	0.015
0.109	0	0
0.11	0	0.015
0.111	-5E-05	0.015
0.112	-5E-05	0
0.113	-5E-05	0
0.114	-5E-05	0
0.115	0	0.015
0.116	5E-05	0
0.117	0	0.015
0.118	0	0.015
0.119	0	0
0.12	-5E-05	0
0.121	-5E-05	0
0.122	0	0
0.123	-5E-05	0
0.124	0	0
0.125	-5E-05	0
0.126	0	0
0.127	-5E-05	-0.015
0.128	0	0
0.129	0	0
0.13	0	-0.015
0.131	0	0.015
0.132	-5E-05	0
0.133	-5E-05	0
0.134	0	0
0.135	0	-0.015
0.136	0	0
0.137	0	0
0.138	-5E-05	0
0.139	0	0
0.14	0	0
0.141	0	0
0.142	-5E-05	0
0.143	0	0
0.144	0	0
0.145	0	0
0.146	0	0
0.147	-5E-05	0.015
0.148	0	-0.015
0.149	-5E-05	0.015
0.15	0	0
0.151	0	0.015
0.152	0	0
0.153	0	0
0.154	0	0.015
0.155	0	0
0.156	-5E-05	-0.015
0.157	0	0
0.158	0	0.015
0.159	-5E-05	0.015
0.16	-5E-05	0.015
0.161	0	0
0.162	0	0
0.163	0	0
0.164	0	0.015
0.165	0	0.015
0.166	-5E-05	0
0.167	0	0.015
0.168	0	0
0.169	0	0
0.17	0	-0.015
0.171	0	0
0.172	0	0.015
0.173	-5E-05	0.015
0.174	-5E-05	0
0.175	-5E-05	0.015
0.176	0	0
0.177	0	0
0.178	-5E-05	0.015
0.179	0	0
0.18	-5E-05	0.015
0.181	0	0
0.182	0	0
0.183	-5E-05	0
0.184	0	0
0.185	0	0.015
0.186	0	0
0.187	-5E-05	0.015
0.188	0	0.015
0.189	0	0
0.19	-5E-05	0
0.191	0	0
0.192	-5E-05	0.015
0.193	-5E-05	0.015
0.194	-5E-05	-0.015
0.195	-5E-05	0
0.196	-5E-05	0
0.197	0	0
0.198	0	0
0.199	0	-0.015
0.2	0	0.015
0.201	-5E-05	0.015
0.202	0	-0.015
0.203	0	-0.015
0.204	-5E-05	0
0.205	-5E-05	0.015
0.206	0	0.015
0.207	0	-0.015
0.208	0	0
0.209	0	0
0.21	-5E-05	0
0.211	0	0
0.212	-5E-05	-0.015
0.213	0	0.015
0.214	-5E-05	0.015
0.215	0	-0.015
0.216	0	0
0.217	-5E-05	-0.015
0.218	0	0.015
0.219	0	0.015
0.22	0	0
0.221	0	0
0.222	-5E-05	0
0.223	-5E-05	0
0.224	0	0.015
0.225	0	-0.015
0.226	0	0
0.227	0	0
0.228	-5E-05	0
0.229	-5E-05	0.015
0.23	0	-0.015
0.231	-5E-05	0
0.232	0	-0.015
0.233	0	0
0.234	0	0.015
0.235	0	0
0.236	0	0
0.237	0	0
0.238	-5E-05	0
0.239	0	0
0.24	0	0.015
0.241	-5E-05	0.015
0.242	0	0
0.243	0	0
0.244	0	0
0.245	0	-0.015
0.246	0	0
0.247	0	0.015
0.248	-5E-05	0
0.249	0	0
0.25	-5E-05	0
0.251	0	-0.015
0.252	0	0.015
0.253	0	-0.015
0.254	0	0.015
0.255	0	0.015
0.256	0	0
0.257	-5E-05	0
0.258	0	0
0.259	0	0.015
0.26	0	0.015
0.261	0	0.015
0.262	0	0
0.263	-5E-05	0
0.264	-5E-05	0
0.265	0	0
0.266	-5E-05	0
0.267	0	0.03
0.268	-5E-05	0.015
0.269	0	0.015
0.27	0	0
0.271	0	0
0.272	0	0
0.273	0	0.015
0.274	0	0
0.275	0	0
0.276	-5E-05	0
0.277	-5E-05	0
0.278	0	0
0.279	0	0
0.28	0	0
0.281	-5E-05	0
0.282	0	0.015
0.283	0	0.015
0.284	-5E-05	-0.015
0.285	0	0
0.286	-5E-05	0
0.287	0	0
0.288	0	0.015
0.289	-5E-05	0
0.29	0	0.015
0.291	0	0
0.292	0	0
0.293	0	0
0.294	0	-0.015
0.295	0	0.015
0.296	0	0.015
0.297	0	0
0.298	0	0.015
0.299	0	0
0.3	0	0
0.301	0	0.015
0.302	0	0
0.303	0	0
0.304	-5E-05	0
0.305	0	0
0.306	0	0
0.307	0	0
0.308	-5E-05	0
0.309	-5E-05	0
0.31	0	0
0.311	0	0.015
0.312	0	0
0.313	-5E-05	0.015
0.314	0	0.015
0.315	0	0
0.316	0	0.015
0.317	0	0
0.318	-5E-05	0.015
0.319	0	0.015
0.32	0	0
0.321	0	0
0.322	-5E-05	0
0.323	0	0
0.324	-5E-05	0
0.325	-5E-05	0.015
0.326	0	0
0.327	0	0
0.328	5E-05	0
0.329	-5E-05	0.015
0.33	0	0
0.331	-5E-05	0.015
0.332	0	0.015
0.333	0	0
0.334	0	0.015
0.335	0	0
0.336	-5E-05	0
0.337	0	0.015
0.338	-5E-05	0
0.339	-5E-05	-0.015
0.34	0	0
0.341	0	-0.015
0.342	0	0.015
0.343	0	0
0.344	-5E-05	0
0.345	0	0
0.346	-5E-05	0
0.347	0	0
0.348	-5E-05	0
0.349	-5E-05	0.015
0.35	0	0.015
0.351	0	0
0.352	0	0
0.353	0	0
0.354	-5E-05	0
0.355	-5E-05	0
0.356	0	0
0.357	0	0
0.358	0	0
0.359	0	0
0.36	0	0
0.361	0	-0.015
0.362	0	0
0.363	-5E-05	0
0.364	-5E-05	0
0.365	0	0.015
0.366	0	-0.015
0.367	0	0
0.368	0	0
0.369	0	0
0.37	0	0
0.371	0	0
0.372	-5E-05	0
0.373	0	0.03
0.374	0	0
0.375	-5E-05	0
0.376	0	0
0.377	0	0
0.378	0	0.015
0.379	0	0
0.38	-5E-05	0
0.381	0	0
0.382	0	0
0.383	0	0
0.384	0	0
0.385	-5E-05	0
0.386	0	0.015
0.387	0	0
0.388	0	0.015
0.389	0	0
0.39	0	0
0.391	0	0
0.392	-5E-05	0
0.393	0	0
0.394	-5E-05	0
0.395	0	-0.015
0.396	0	0
0.397	-5E-05	-0.015
0.398	0	0
0.399	-5E-05	0
0.4	0	-0.015
0.401	-5E-05	0
0.402	0	-0.015
0.403	0	0
0.404	0	0
0.405	0	-0.015
0.406	-5E-05	0.015
0.407	0	0
0.408	-5E-05	0
0.409	-5E-05	0
0.41	0	-0.015
0.411	-5E-05	0
0.412	0	0
0.413	0	0
0.414	0	0
0.415	0	-0.015
0.416	0	0
0.417	0	0.015
0.418	-5E-05	-0.015
0.419	0	0
0.42	0	0
0.421	-5E-05	0
0.422	0	0.015
0.423	0	0
0.424	0	0
0.425	-5E-05	0
0.426	-5E-05	0.015
0.427	0	0.015
0.428	0	0
0.429	0	0
0.43	-5E-05	0
0.431	0	0
0.432	0	0.03
0.433	-5E-05	0.015
0.434	-5E-05	0.015
0.435	-5E-05	0
0.436	0	0
0.437	-5E-05	0.015
0.438	0	0.015
0.439	0	0.015
0.44	0	0.015
0.441	0	0
0.442	-5E-05	0.015
0.443	0	0.015
0.444	0	0
0.445	0	0.015
0.446	0	0.015
0.447	-5E-05	0.015
0.448	0	0.015
0.449	0	0
0.45	0	0.015
0.451	0	0
0.452	0	0.015
0.453	0	0.015
0.454	0	0
0.455	0	0.015
0.456	0	0.015
0.457	-5E-05	0.015
0.458	0	0
0.459	0	0.045
0.46	0	0.15
0.461	0	0.21
0.462	-5E-05	0.285
0.463	0	0.375
0.464	0.0003	0.45
0.465	0.00095	0.555
0.466	0.00125	0.69
0.467	0.00135	0.825
0.468	0.0015	0.96
0.469	0.0015	1.095
0.47	0.00165	1.26
0.471	0.0017	1.44
0.472	0.0019	1.62
0.473	0.0021	1.83
0.474	0.00255	2.025
0.475	0.00355	2.235
0.476	0.0051	2.46
0.477	0.00715	2.7
0.478	0.0082	2.97
0.479	0.0094	3.255
0.48	0.0108	3.54
0.481	0.01225	3.855
0.482	0.0137	4.17
0.483	0.0153	4.515
0.484	0.017	4.86
0.485	0.01865	5.22
0.486	0.0203	5.61
0.487	0.0222	5.985
0.488	0.024	6.405
0.489	0.02595	6.81
0.49	0.0278	7.23
0.491	0.03	7.68
0.492	0.03215	8.13
0.493	0.0343	8.61
0.494	0.0364	9.09
0.495	0.03855	9.555
0.496	0.0407	10.05
0.497	0.03795	10.56
0.498	0.03815	11.07
0.499	0.0383	11.625
0.5	0.03845	12.165
0.501	0.0386	12.735
0.502	0.0388	13.335
0.503	0.039	13.905
0.504	0.0392	14.535
0.505	0.0393	15.165
0.506	0.03185	15.765
0.507	0.0346	15.93
0.508	0.0339	16.02
0.509	0.0335	16.095
0.51	0.0334	16.14
0.511	0.03315	16.14
0.512	0.0331	16.17
0.513	0.0331	16.17
0.514	0.0331	16.155
0.515	0.03305	16.17
0.516	0.0331	16.17
0.517	0.03295	16.17
0.518	0.03305	16.185
0.519	0.033	16.17
0.52	0.033	16.185
0.521	0.03305	16.185
0.522	0.033	16.17
0.523	0.033	16.17
0.524	0.03295	16.17
0.525	0.033	16.17
0.526	0.033	16.185
0.527	0.033	16.17
0.528	0.033	16.185
0.529	0.033	16.185
0.53	0.033	16.185
0.531	0.033	16.185
0.532	0.033	16.185
0.533	0.03305	16.17
0.534	0.033	16.185
0.535	0.033	16.185
0.536	0.033	16.185
0.537	0.033	16.185
0.538	0.033	16.17
0.539	0.033	16.185
0.54	0.03295	16.17
0.541	0.03295	16.185
0.542	0.033	16.185
0.543	0.03305	16.17
0.544	0.033	16.185
0.545	0.033	16.185
0.546	0.03305	16.185
0.547	0.03295	16.185
0.548	0.03295	16.185
0.549	0.03295	16.185
0.55	0.033	16.17
0.551	0.03295	16.17
0.552	0.033	16.185
0.553	0.033	16.185
0.554	0.033	16.17
0.555	0.03295	16.185
0.556	0.03295	16.185
0.557	0.03295	16.17
0.558	0.03295	16.185
0.559	0.0329	16.17
0.56	0.03295	16.185
0.561	0.033	16.185
0.562	0.03295	16.185
0.563	0.03295	16.185
0.564	0.03295	16.185
0.565	0.033	16.17
0.566	0.03295	16.17
0.567	0.03295	16.17
0.568	0.03295	16.17
0.569	0.033	16.185
0.57	0.033	16.17
0.571	0.03295	16.185
0.572	0.03295	16.185
0.573	0.033	16.185
0.574	0.03295	16.185
0.575	0.03295	16.17
0.576	0.03295	16.17
0.577	0.03295	16.185
0.578	0.03305	16.17
0.579	0.033	16.185
0.58	0.03295	16.185
0.581	0.033	16.17
0.582	0.033	16.185
0.583	0.03295	16.185
0.584	0.033	16.17
0.585	0.03295	16.185
0.586	0.033	16.17
0.587	0.03295	16.185
0.588	0.033	16.185
0.589	0.033	16.17
0.59	0.03305	16.185
0.591	0.03295	16.185
0.592	0.033	16.17
0.593	0.03295	16.17
0.594	0.03295	16.185
0.595	0.03295	16.185
0.596	0.033	16.185
0.597	0.03305	16.185
0.598	0.03295	16.185
0.599	0.033	16.185
0.6	0.033	16.17
0.601	0.033	16.185
0.602	0.033	16.17
0.603	0.033	16.17
0.604	0.033	16.185
0.605	0.033	16.17
0.606	0.03295	16.185
0.607	0.0329	16.17
0.608	0.03295	16.185
0.609	0.03295	16.185
0.61	0.0329	16.17
0.611	0.033	16.185
0.612	0.03305	16.17
0.613	0.03295	16.17
0.614	0.0329	16.185
0.615	0.03295	16.185
0.616	0.033	16.17
0.617	0.03295	16.185
0.618	0.03295	16.17
0.619	0.0329	16.17
0.62	0.033	16.17
0.621	0.0329	16.17
0.622	0.03295	16.185
0.623	0.03295	16.185
0.624	0.03295	16.17
0.625	0.033	16.185
0.626	0.03295	16.17
0.627	0.03295	16.17
0.628	0.033	16.185
0.629	0.0329	16.17
0.63	0.03295	16.185
0.631	0.0329	16.185
0.632	0.033	16.17
0.633	0.033	16.17
0.634	0.03305	16.17
0.635	0.0329	16.17
0.636	0.033	16.185
0.637	0.03295	16.17
0.638	0.033	16.2
0.639	0.03295	16.185
0.64	0.033	16.17
0.641	0.03295	16.185
0.642	0.03295	16.17
0.643	0.0329	16.17
0.644	0.033	16.185
0.645	0.033	16.17
0.646	0.03295	16.185
0.647	0.033	16.185
0.648	0.03295	16.17
0.649	0.03295	16.185
0.65	0.033	16.185
0.651	0.033	16.17
0.652	0.03295	16.185
0.653	0.033	16.17
0.654	0.03295	16.185
0.655	0.03295	16.185
0.656	0.033	16.185
0.657	0.033	16.185
0.658	0.03295	16.2
0.659	0.03295	16.17
0.66	0.03295	16.185
0.661	0.0329	16.17
0.662	0.0329	16.185
0.663	0.03295	16.185
0.664	0.033	16.185
0.665	0.0329	16.185
0.666	0.033	16.17
0.667	0.033	16.17
0.668	0.033	16.185
0.669	0.03295	16.17
0.67	0.03295	16.185
0.671	0.033	16.185
0.672	0.033	16.185
0.673	0.03295	16.185
0.674	0.033	16.17
0.675	0.0329	16.17
0.676	0.033	16.185
0.677	0.03295	16.17
0.678	0.03305	16.185
0.679	0.03295	16.185
0.68	0.03295	16.185
0.681	0.033	16.185
0.682	0.03295	16.17
0.683	0.03295	16.185
0.684	0.03295	16.185
0.685	0.033	16.17
0.686	0.03295	16.17
0.687	0.033	16.185
0.688	0.03295	16.185
0.689	0.033	16.185
0.69	0.03295	16.185
0.691	0.03295	16.185
0.692	0.03295	16.185
0.693	0.033	16.17
0.694	0.03295	16.185
0.695	0.033	16.185
0.696	0.03295	16.17
0.697	0.03295	16.185
0.698	0.03295	16.185
0.699	0.03295	16.17
0.7	0.03295	16.185
0.701	0.033	16.17
0.702	0.03295	16.185
0.703	0.03295	16.185
0.704	0.033	16.17
0.705	0.03295	16.185
0.706	0.0329	16.185
0.707	0.03295	16.185
0.708	0.03305	16.185
0.709	0.0329	16.185
0.71	0.0329	16.17
0.711	0.03295	16.185
0.712	0.033	16.17
0.713	0.033	16.185
0.714	0.03295	16.185
0.715	0.033	16.17
0.716	0.033	16.185
0.717	0.0329	16.17
0.718	0.033	16.17
0.719	0.033	16.17
0.72	0.03305	16.17
0.721	0.03295	16.185
0.722	0.033	16.185
0.723	0.0329	16.185
0.724	0.03295	16.185
0.725	0.033	16.185
0.726	0.03295	16.17
0.727	0.033	16.185
0.728	0.03305	16.17
0.729	0.033	16.185
0.73	0.033	16.185
0.731	0.033	16.17
0.732	0.0329	16.185
0.733	0.03295	16.185
0.734	0.033	16.17
0.735	0.033	16.185
0.736	0.033	16.17
0.737	0.03295	16.185
0.738	0.03295	16.185
0.739	0.03305	16.185
0.74	0.03295	16.185
0.741	0.033	16.185
0.742	0.033	16.185
0.743	0.03295	16.185
0.744	0.03295	16.17
0.745	0.033	16.17
0.746	0.0329	16.185
0.747	0.033	16.185
0.748	0.03295	16.185
0.749	0.0329	16.17
0.75	0.033	16.185
0.751	0.033	16.185
0.752	0.03295	16.17
0.753	0.033	16.185
0.754	0.033	16.17
0.755	0.03295	16.185
0.756	0.0329	16.185
0.757	0.03295	16.185
0.758	0.03295	16.17
0.759	0.03295	16.185
0.76	0.03295	16.185
0.761	0.03295	16.17
0.762	0.03305	16.185
0.763	0.03295	16.17
0.764	0.03295	16.185
0.765	0.033	16.185
0.766	0.0329	16.17
0.767	0.0329	16.17
0.768	0.0329	16.17
0.769	0.03305	16.17
0.77	0.03305	16.17
0.771	0.03295	16.185
0.772	0.033	16.185
0.773	0.03295	16.185
0.774	0.033	16.17
0.775	0.03295	16.2
0.776	0.03295	16.17
0.777	0.03295	16.17
0.778	0.033	16.185
0.779	0.033	16.17
0.78	0.03295	16.185
0.781	0.03295	16.185
0.782	0.03295	16.17
0.783	0.03295	16.185
0.784	0.033	16.185
0.785	0.033	16.185
0.786	0.03295	16.17
0.787	0.033	16.17
0.788	0.033	16.185
0.789	0.03305	16.185
0.79	0.03295	16.185
0.791	0.033	16.17
0.792	0.0329	16.185
0.793	0.0329	16.185
0.794	0.03295	16.185
0.795	0.03295	16.17
0.796	0.0329	16.185
0.797	0.03295	16.2
0.798	0.03295	16.185
0.799	0.03295	16.185
0.8	0.03295	16.185
0.801	0.03295	16.185
0.802	0.03295	16.185
0.803	0.0329	16.185
0.804	0.03295	16.17
0.805	0.033	16.185
0.806	0.03295	16.185
0.807	0.03295	16.185
0.808	0.03295	16.185
0.809	0.03295	16.185
0.81	0.03295	16.185
0.811	0.03295	16.185
0.812	0.0329	16.185
0.813	0.0329	16.185
0.814	0.0329	16.185
0.815	0.0329	16.185
0.816	0.03295	16.185
0.817	0.03295	16.185
0.818	0.03295	16.185
0.819	0.033	16.185
0.82	0.033	16.185
0.821	0.03295	16.185
0.822	0.03295	16.185
0.823	0.03295	16.185
0.824	0.0329	16.185
0.825	0.03295	16.185
0.826	0.033	16.17
0.827	0.033	16.17
0.828	0.03295	16.17
0.829	0.033	16.185
0.83	0.033	16.185
0.831	0.03295	16.185
0.832	0.03295	16.17
0.833	0.03305	16.17
0.834	0.03295	16.185
0.835	0.03295	16.185
0.836	0.033	16.155
0.837	0.033	16.17
0.838	0.033	16.185
0.839	0.033	16.185
0.84	0.033	16.185
0.841	0.033	16.155
0.842	0.033	16.185
0.843	0.03295	16.17
0.844	0.033	16.17
0.845	0.03295	16.17
0.846	0.033	16.17
0.847	0.033	16.185
0.848	0.03305	16.185
0.849	0.033	16.17
0.85	0.03295	16.155
0.851	0.03295	16.17
0.852	0.033	16.185
0.853	0.03295	16.185
0.854	0.03295	16.17
0.855	0.03295	16.17
0.856	0.03295	16.185
0.857	0.03295	16.185
0.858	0.03295	16.185
0.859	0.0329	16.17
0.86	0.03305	16.17
0.861	0.0329	16.17
0.862	0.03305	16.17
0.863	0.0329	16.185
0.864	0.033	16.185
0.865	0.03295	16.185
0.866	0.03295	16.17
0.867	0.03295	16.185
0.868	0.03295	16.17
0.869	0.0329	16.185
0.87	0.033	16.185
0.871	0.03295	16.17
0.872	0.033	16.2
0.873	0.0329	16.185
0.874	0.03295	16.185
0.875	0.03295	16.17
0.876	0.033	
0.877	0.0329	
0.878	0.033	
0.879	0.03295	
0.88	0.03295	
0.881	0.0329	
0.882	0.0329	
0.883	0.0329	
0.884	0.03295	
0.885	0.03295	
