MIN=0	-0.1	-30
MAX=2.26274169979695	0.1	30
SCALE=0.1	0.05	10
DEC=3	4	2
DEF="Time" t / s	"Current" I_A1 / A	"Voltage" U_B1 / V
0	-5E-05	0
0.001	-5E-05	0
0.002	0	0
0.003	0	0
0.004	-5E-05	0
0.005	0	0
0.006	0	0
0.007	0	0.015
0.008	0	0
0.009	-5E-05	0.015
0.01	0	0
0.011	0	0
0.012	-5E-05	0.015
0.013	-5E-05	0
0.014	0	0
0.015	0	0
0.016	0	0
0.017	0	0.015
0.018	-5E-05	0.015
0.019	-5E-05	0
0.02	0	0.015
0.021	0	0
0.022	0	0
0.023	-5E-05	0.015
0.024	0	0
0.025	0	0
0.026	0	0.015
0.027	0	0
0.028	-5E-05	0
0.029	-5E-05	0.015
0.03	0	0
0.031	0	-0.015
0.032	0	0
0.033	0	0
0.034	-5E-05	0.015
0.035	0	0
0.036	0	-0.015
0.037	0	0
0.038	-5E-05	0.015
0.039	-5E-05	0
0.04	0	0
0.041	0	0
0.042	0	0
0.043	-5E-05	0.015
0.044	0	0
0.045	0	-0.015
0.046	0	0
0.047	-5E-05	0
0.048	0	-0.015
0.049	0	0
0.05	0	-0.015
0.051	0	-0.015
0.052	-5E-05	0
0.053	0	0
0.054	0	-0.015
0.055	-5E-05	0
0.056	0	0
0.057	-5E-05	0
0.058	0	0
0.059	0	0
0.06	-5E-05	0
0.061	-5E-05	0.015
0.062	0	-0.015
0.063	0	-0.015
0.064	0	0
0.065	0	0
0.066	0	0
0.067	-5E-05	0
0.068	0	-0.015
0.069	-5E-05	0
0.07	-5E-05	0
0.071	0	-0.015
0.072	-5E-05	0
0.073	-5E-05	-0.015
0.074	0	-0.015
0.075	-5E-05	0
0.076	0	0
0.077	0	-0.015
0.078	0	0
0.079	0	-0.015
0.08	-5E-05	0
0.081	0	0
0.082	-5E-05	-0.015
0.083	0	0
0.084	0	0.015
0.085	-5E-05	0
0.086	0	0
0.087	0	0
0.088	0	0
0.089	-5E-05	0
0.09	-5E-05	0.015
0.091	-5E-05	-0.015
0.092	0	0
0.093	-5E-05	0
0.094	-5E-05	0
0.095	0	0
0.096	-5E-05	0
0.097	0	0
0.098	-5E-05	0
0.099	-5E-05	0
0.1	0	-0.015
0.101	0	0.015
0.102	0	0.015
0.103	-5E-05	0
0.104	0	0
0.105	0	0
0.106	-5E-05	0.03
0.107	0	0.015
0.108	-5E-05	0
0.109	0	0
0.11	5E-05	0.015
0.111	0	0.015
0.112	0	0.015
0.113	-5E-05	0.03
0.114	0	-0.015
0.115	0	0.015
0.116	-5E-05	0.015
0.117	-5E-05	0.015
0.118	-5E-05	0.03
0.119	0	0
0.12	0	0
0.121	0	0.015
0.122	0	0.03
0.123	0	0
0.124	0	0.015
0.125	0	0
0.126	-5E-05	0.015
0.127	0	0.015
0.128	0	0
0.129	-5E-05	0.015
0.13	0	0.015
0.131	0	0.015
0.132	0	0.015
0.133	0	0
0.134	0	0
0.135	0	0.015
0.136	0	0
0.137	0	0
0.138	-5E-05	0
0.139	-5E-05	0.015
0.14	0	0
0.141	0	0.015
0.142	-5E-05	0
0.143	0	0
0.144	-5E-05	0.015
0.145	0	0
0.146	0	0
0.147	-5E-05	0
0.148	0	0
0.149	-5E-05	0
0.15	0	0
0.151	0	0
0.152	0	0
0.153	-5E-05	0
0.154	0	0
0.155	-5E-05	-0.015
0.156	0	0.015
0.157	0	-0.015
0.158	-5E-05	0
0.159	-5E-05	0
0.16	0	-0.015
0.161	-5E-05	0
0.162	0	0
0.163	0	0
0.164	-5E-05	0
0.165	0	0
0.166	0	-0.015
0.167	0	0
0.168	0	0
0.169	0	0
0.17	0	0
0.171	0	0
0.172	-5E-05	-0.015
0.173	-5E-05	0
0.174	-5E-05	0
0.175	0	0
0.176	0	0
0.177	-5E-05	0
0.178	0	0
0.179	0	0.015
0.18	0	0
0.181	0	0
0.182	-5E-05	0
0.183	0	-0.015
0.184	0	0
0.185	-5E-05	0
0.186	-5E-05	0
0.187	0	0
0.188	5E-05	-0.015
0.189	0	0
0.19	-5E-05	0.015
0.191	-5E-05	0
0.192	0	0
0.193	5E-05	0
0.194	0	0
0.195	-5E-05	0.015
0.196	0	0.015
0.197	-5E-05	-0.015
0.198	0	0.015
0.199	-5E-05	0
0.2	-5E-05	0
0.201	0	0
0.202	0	0.015
0.203	0	0
0.204	0	0
0.205	-5E-05	0
0.206	0	-0.015
0.207	0	0
0.208	-5E-05	0.015
0.209	0	0
0.21	0	0.015
0.211	0	0
0.212	0	0
0.213	0	0
0.214	0	0
0.215	-5E-05	0.015
0.216	0	0.015
0.217	0	0
0.218	-5E-05	-0.015
0.219	0	0
0.22	0	0
0.221	0	0.015
0.222	0	0.015
0.223	0	0
0.224	0	0.015
0.225	0	0.015
0.226	0	0
0.227	0	0
0.228	0	0
0.229	0	0
0.23	0	0.015
0.231	-5E-05	-0.015
0.232	-5E-05	0
0.233	0	0
0.234	-5E-05	0
0.235	0	0
0.236	0	0.015
0.237	0	0
0.238	0	0
0.239	0	-0.015
0.24	0	0
0.241	-5E-05	0.015
0.242	0	0.015
0.243	-5E-05	-0.015
0.244	0	0
0.245	0	0
0.246	-5E-05	0
0.247	-5E-05	0.015
0.248	0	0.015
0.249	0	0
0.25	0	0
0.251	0	0
0.252	0	0
0.253	0	0.015
0.254	-5E-05	0
0.255	0	0
0.256	0	0
0.257	0	0
0.258	0	0
0.259	0	0
0.26	-5E-05	0
0.261	0	-0.015
0.262	0	0.015
0.263	0	-0.015
0.264	-5E-05	0
0.265	0	0
0.266	0	0
0.267	-5E-05	0.015
0.268	0	0.015
0.269	0	0
0.27	-5E-05	0
0.271	0	0
0.272	-5E-05	0
0.273	0	0.015
0.274	0	0
0.275	0	-0.015
0.276	0	0
0.277	-5E-05	0.015
0.278	-5E-05	0
0.279	0	0
0.28	-5E-05	0
0.281	0	0
0.282	-5E-05	0
0.283	0	0.015
0.284	0	-0.015
0.285	0	0.015
0.286	-5E-05	0
0.287	0	0
0.288	0	0.015
0.289	0	0
0.29	-5E-05	0
0.291	-5E-05	0
0.292	0	-0.015
0.293	0	0
0.294	0	0.015
0.295	-5E-05	0
0.296	0	0.015
0.297	0	0
0.298	0	0
0.299	0	0.015
0.3	-5E-05	-0.015
0.301	0	0
0.302	0	0.015
0.303	-5E-05	0
0.304	-5E-05	0
0.305	-5E-05	0
0.306	0	-0.015
0.307	0	-0.015
0.308	0	0
0.309	-5E-05	0
0.31	0	0
0.311	0	0
0.312	-5E-05	-0.015
0.313	-5E-05	0
0.314	0	0.015
0.315	0	-0.015
0.316	0	0
0.317	0	0.015
0.318	0	0
0.319	0	0
0.32	0	0
0.321	0	-0.015
0.322	-5E-05	0
0.323	0	0.015
0.324	0	0
0.325	0	0
0.326	-5E-05	-0.015
0.327	-5E-05	0
0.328	0	0.015
0.329	-5E-05	0
0.33	0	0
0.331	0	0
0.332	0	0
0.333	0	-0.015
0.334	0	0
0.335	-5E-05	0
0.336	-5E-05	0
0.337	0	0
0.338	-5E-05	0
0.339	-5E-05	0
0.34	0	0
0.341	0	0
0.342	0	0.015
0.343	0	0
0.344	0	0
0.345	0	0.015
0.346	0	0
0.347	0	0
0.348	0	0
0.349	0	0
0.35	0	0
0.351	-5E-05	0
0.352	0	0
0.353	0	-0.015
0.354	0	0.015
0.355	-5E-05	0.015
0.356	-5E-05	0
0.357	0	0
0.358	0	0
0.359	0	0
0.36	0	0.03
0.361	-5E-05	0
0.362	-5E-05	0.015
0.363	-5E-05	0
0.364	0	0
0.365	0	0
0.366	-5E-05	0.015
0.367	-5E-05	0.015
0.368	0	0
0.369	0	0
0.37	0	0
0.371	-5E-05	0.015
0.372	-5E-05	0
0.373	0	0
0.374	-5E-05	0
0.375	-5E-05	0.015
0.376	0	0
0.377	0	0
0.378	0	0
0.379	0	-0.015
0.38	0	0
0.381	0	0
0.382	-5E-05	0
0.383	0	0
0.384	-5E-05	0
0.385	-5E-05	-0.015
0.386	0	0
0.387	-5E-05	0
0.388	-5E-05	0.015
0.389	0	0
0.39	0	0
0.391	-5E-05	0.015
0.392	-5E-05	0.015
0.393	-5E-05	0
0.394	0	0
0.395	-5E-05	0
0.396	0	0
0.397	0	0.015
0.398	0	0
0.399	0	0
0.4	-5E-05	0.015
0.401	-5E-05	0
0.402	0	0
0.403	0	0.015
0.404	0	0
0.405	-5E-05	0
0.406	0	0
0.407	0	0
0.408	0	0
0.409	0	0
0.41	0	0
0.411	0	0
0.412	0	0
0.413	-5E-05	0
0.414	-5E-05	0
0.415	0	0
0.416	0	-0.015
0.417	0	0.015
0.418	-5E-05	0
0.419	0	0.015
0.42	0	0
0.421	-5E-05	0
0.422	-5E-05	0
0.423	-5E-05	0.015
0.424	0	0.015
0.425	0	0
0.426	0	0
0.427	0	0
0.428	-5E-05	0.015
0.429	0	0
0.43	0	0
0.431	-5E-05	0.015
0.432	0	0.015
0.433	0	0
0.434	0	0
0.435	0	0.015
0.436	0	0
0.437	0	0
0.438	0	0
0.439	0	0
0.44	-5E-05	0
0.441	-5E-05	0
0.442	0	0
0.443	-5E-05	0.015
0.444	0	0
0.445	0	-0.015
0.446	0	0
0.447	0	0
0.448	-5E-05	0
0.449	0	0.015
0.45	-5E-05	-0.015
0.451	-5E-05	0
0.452	0	0
0.453	0	0
0.454	-5E-05	0
0.455	0	0
0.456	0	-0.015
0.457	0	0
0.458	0	0
0.459	-5E-05	-0.015
0.46	-5E-05	0
0.461	0	0
0.462	-5E-05	0
0.463	-5E-05	0
0.464	-5E-05	0
0.465	0	0
0.466	0	0
0.467	0	0.015
0.468	0	0
0.469	0	0.015
0.47	0	0
0.471	0	-0.015
0.472	-5E-05	0
0.473	0	-0.015
0.474	-5E-05	0
0.475	0	0
0.476	0	0
0.477	-5E-05	0
0.478	0	0.015
0.479	0	0
0.48	0	0
0.481	0	0
0.482	0	0
0.483	0	0
0.484	0	0
0.485	0	0
0.486	0	0
0.487	0	0
0.488	0	-0.015
0.489	0	0
0.49	-5E-05	0
0.491	0	0
0.492	-5E-05	0
0.493	0	0
0.494	0	0
0.495	-5E-05	0
0.496	0	0
0.497	-5E-05	0
0.498	0	0
0.499	-5E-05	0
0.5	0	0.015
0.501	0	0.015
0.502	0	-0.015
0.503	-5E-05	0
0.504	0	0
0.505	0	0
0.506	0	0
0.507	0	0
0.508	0	0
0.509	0	-0.015
0.51	-5E-05	0.015
0.511	0	-0.015
0.512	0	0
0.513	0	-0.015
0.514	0	0
0.515	0	0.015
0.516	0	0
0.517	-5E-05	-0.015
0.518	0	0
0.519	0	-0.015
0.52	-5E-05	0
0.521	0	0.015
0.522	0	0
0.523	-5E-05	0
0.524	0	0
0.525	0	0
0.526	0	0.015
0.527	-5E-05	0
0.528	-5E-05	0
0.529	0	0
0.53	0	0.015
0.531	-5E-05	0
0.532	0	0
0.533	-5E-05	0
0.534	-5E-05	0
0.535	-5E-05	0.015
0.536	0	0.015
0.537	0	0.015
0.538	0	0.015
0.539	0	0
0.54	-5E-05	0
0.541	0	0.015
0.542	0	0.015
0.543	-5E-05	0.015
0.544	0	0
0.545	0	0
0.546	0	0.015
0.547	0	0.015
0.548	0	0
0.549	-5E-05	0.015
0.55	0	0.015
0.551	0	0.015
0.552	0	0
0.553	-5E-05	0.015
0.554	0	0
0.555	0	0.015
0.556	0	0.015
0.557	-5E-05	0
0.558	-5E-05	0
0.559	0	0.015
0.56	0	0.015
0.561	0	0.015
0.562	0	0.015
0.563	0	-0.015
0.564	0	0.015
0.565	0	0
0.566	-5E-05	0.015
0.567	0	0.015
0.568	0	-0.015
0.569	0	0
0.57	-5E-05	0
0.571	0	0
0.572	-5E-05	0.015
0.573	0	0
0.574	0	-0.015
0.575	0	0
0.576	0	0.03
0.577	0	-0.015
0.578	0	0
0.579	-5E-05	0
0.58	-5E-05	-0.015
0.581	0	0
0.582	-5E-05	0
0.583	0	-0.015
0.584	-5E-05	0
0.585	-5E-05	-0.015
0.586	0	-0.015
0.587	0	0.015
0.588	0	-0.015
0.589	-5E-05	0
0.59	-5E-05	0
0.591	0	-0.015
0.592	0	0
0.593	0	0
0.594	-5E-05	-0.015
0.595	0	0
0.596	5E-05	-0.015
0.597	0	-0.015
0.598	0	0
0.599	0	0
0.6	0	0
0.601	0	0
0.602	0	0
0.603	-5E-05	0
0.604	-5E-05	0
0.605	0	0
0.606	0	0
0.607	-5E-05	0
0.608	-5E-05	0
0.609	-5E-05	0.015
0.61	0	0
0.611	-5E-05	0
0.612	-5E-05	0
0.613	0	0.015
0.614	0	0
0.615	0	0
0.616	-5E-05	0.015
0.617	0	0
0.618	-5E-05	0.015
0.619	0	0
0.62	0	0
0.621	-5E-05	0
0.622	0	0
0.623	-5E-05	0
0.624	0	0
0.625	-5E-05	0.015
0.626	0	0
0.627	0	0
0.628	0	0
0.629	0	0
0.63	0	0
0.631	0	-0.015
0.632	0	0
0.633	0	0.015
0.634	0	0.015
0.635	-5E-05	0
0.636	-5E-05	0
0.637	0	0
0.638	0	0.015
0.639	-5E-05	0.015
0.64	-5E-05	0
0.641	-5E-05	0.015
0.642	0	0
0.643	-5E-05	0
0.644	-5E-05	0.015
0.645	-5E-05	0
0.646	0	0
0.647	0	0
0.648	-5E-05	0.015
0.649	-5E-05	0
0.65	-5E-05	0.015
0.651	-5E-05	0
0.652	0	0
0.653	0	0.015
0.654	0	0.015
0.655	0	0
0.656	0	0.015
0.657	-5E-05	0
0.658	-5E-05	0
0.659	-5E-05	0.015
0.66	0	0
0.661	0	0
0.662	0	0.015
0.663	0	0
0.664	0	0.015
0.665	0	0.015
0.666	0	0
0.667	-5E-05	0
0.668	0	0.015
0.669	0	0
0.67	0	0
0.671	0	0.015
0.672	-5E-05	0
0.673	0	0
0.674	0	0
0.675	0	0
0.676	0	0
0.677	0	0
0.678	0	0
0.679	0	0
0.68	-5E-05	0
0.681	-5E-05	0
0.682	0	0
0.683	0	-0.015
0.684	0	0
0.685	0	0.015
0.686	0	0
0.687	-5E-05	0
0.688	0	0
0.689	0	0
0.69	-5E-05	0
0.691	0	0
0.692	0	-0.015
0.693	0	0
0.694	-5E-05	0
0.695	0	0
0.696	-5E-05	0
0.697	0	0
0.698	0	-0.015
0.699	0	0
0.7	0	-0.015
0.701	-5E-05	0
0.702	0	0
0.703	0	0
0.704	-5E-05	0
0.705	0	0
0.706	-5E-05	-0.015
0.707	0	0
0.708	0	0
0.709	0	-0.015
0.71	-5E-05	0
0.711	0	0
0.712	0	-0.015
0.713	0	0
0.714	0	-0.015
0.715	-5E-05	0
0.716	-5E-05	0
0.717	-5E-05	-0.015
0.718	0	0
0.719	0	0
0.72	0	0
0.721	0	0
0.722	-5E-05	0
0.723	0	0
0.724	0	0
0.725	0	0
0.726	-5E-05	-0.015
0.727	-5E-05	0.015
0.728	-5E-05	0
0.729	-5E-05	-0.015
0.73	-5E-05	0
0.731	0	0.015
0.732	0	0
0.733	-5E-05	-0.015
0.734	-5E-05	-0.015
0.735	0	0
0.736	0	0.015
0.737	-5E-05	0
0.738	-5E-05	0
0.739	0	0
0.74	0	0
0.741	0	0
0.742	0	0
0.743	-5E-05	0.015
0.744	0	0
0.745	0	0
0.746	0	0
0.747	-5E-05	0.015
0.748	-5E-05	0.015
0.749	0	0
0.75	0	0
0.751	-5E-05	0
0.752	-5E-05	0.015
0.753	0	0
0.754	0	0.015
0.755	-5E-05	-0.015
0.756	-5E-05	0
0.757	0	0.015
0.758	0	0
0.759	0	0.015
0.76	-5E-05	0
0.761	0	0
0.762	0	0
0.763	0	0.015
0.764	0	0
0.765	0	0.015
0.766	0	0
0.767	0	0.015
0.768	0	0.015
0.769	0	0
0.77	-5E-05	0
0.771	0	0
0.772	0	0.015
0.773	-5E-05	0.015
0.774	0	0.015
0.775	0	0
0.776	0	0
0.777	0	0.015
0.778	-5E-05	0
0.779	-5E-05	0
0.78	0	0
0.781	0	0
0.782	-5E-05	0.015
0.783	-5E-05	0.015
0.784	0	0
0.785	0	0
0.786	-5E-05	0
0.787	0	0
0.788	0	0.015
0.789	0	0
0.79	0	0
0.791	-5E-05	0
0.792	0	0
0.793	-5E-05	0
0.794	0	0
0.795	0	0
0.796	-5E-05	0
0.797	0	0
0.798	0	0
0.799	-5E-05	0
0.8	0	0
0.801	0	0
0.802	0	0
0.803	-5E-05	0
0.804	0	0
0.805	-5E-05	0
0.806	-5E-05	0
0.807	0	-0.015
0.808	0	0.015
0.809	0	0
0.81	0	0
0.811	-5E-05	0
0.812	-5E-05	0
0.813	0	0
0.814	0	0
0.815	-5E-05	0
0.816	-5E-05	-0.015
0.817	0	0
0.818	0	-0.015
0.819	-5E-05	0.015
0.82	-5E-05	0
0.821	0	0
0.822	0	0
0.823	0	0
0.824	0	0
0.825	-5E-05	0
0.826	0	-0.015
0.827	0	0
0.828	-5E-05	0
0.829	0	0
0.83	-5E-05	0
0.831	-5E-05	0
0.832	0	0
0.833	0	0
0.834	-5E-05	0
0.835	-5E-05	0
0.836	0	0
0.837	0	0
0.838	-5E-05	0
0.839	-5E-05	0
0.84	0	0.015
0.841	0	0
0.842	0	0
0.843	0	0.015
0.844	0	0
0.845	0	0.015
0.846	-5E-05	0
0.847	-5E-05	0
0.848	0	0
0.849	0	0
0.85	0	0
0.851	0	0
0.852	-5E-05	0
0.853	0	0
0.854	0	0
0.855	0	0.015
0.856	0	0
0.857	-5E-05	0
0.858	0	0
0.859	0	0
0.86	-5E-05	0.015
0.861	0	0
0.862	0	0
0.863	0	0
0.864	0	0
0.865	-5E-05	0
0.866	0	0.015
0.867	0	0
0.868	0	0
0.869	-5E-05	0
0.87	0	0
0.871	0	0.015
0.872	-5E-05	0
0.873	0	0
0.874	0	0
0.875	0	-0.015
0.876	0	0.015
0.877	0	0.015
0.878	-5E-05	0.03
0.879	0	0
0.88	0	0
0.881	-5E-05	0.015
0.882	0	0
0.883	0	0.015
0.884	0	0
0.885	0	0
0.886	0	0.015
0.887	0	0.015
0.888	0	0
0.889	0	0.015
0.89	0	-0.015
0.891	-5E-05	0.015
0.892	0	0.015
0.893	0	0
0.894	0	0
0.895	0	0
0.896	0	0
0.897	0	0.015
0.898	-5E-05	0
0.899	0	0
0.9	0	0
0.901	0	0
0.902	0	0
0.903	0	0.015
0.904	-5E-05	0.015
0.905	0	0
0.906	0	0.015
0.907	0	0.015
0.908	0	0
0.909	-5E-05	0.015
0.91	0	0
0.911	0	0
0.912	-5E-05	0.015
0.913	-5E-05	0
0.914	0	0
0.915	0	0
0.916	0	0
0.917	-5E-05	0.015
0.918	-5E-05	0
0.919	0	-0.015
0.92	0	0
0.921	-5E-05	0
0.922	0	0
0.923	0	0
0.924	0	-0.015
0.925	0	-0.015
0.926	0	0
0.927	0	0
0.928	0	0
0.929	0	0
0.93	-5E-05	-0.015
0.931	-5E-05	-0.015
0.932	0	0
0.933	0	0.015
0.934	0	0
0.935	0	0
0.936	-5E-05	-0.015
0.937	0	-0.015
0.938	0	0
0.939	0	0
0.94	-5E-05	0.015
0.941	0	0
0.942	0	-0.015
0.943	0	0
0.944	-5E-05	0
0.945	-5E-05	0
0.946	0	0
0.947	-5E-05	-0.015
0.948	0	-0.015
0.949	-5E-05	0
0.95	-5E-05	-0.015
0.951	0	0
0.952	0	0
0.953	0	0
0.954	-5E-05	0
0.955	0	0
0.956	0	0
0.957	-5E-05	0.015
0.958	0	0
0.959	0	0
0.96	0	0
0.961	0	0.015
0.962	0	0
0.963	0	0
0.964	-5E-05	0
0.965	0	0
0.966	0	0.015
0.967	0	0
0.968	0	0
0.969	0	0
0.97	-5E-05	0.015
0.971	0	0
0.972	0	0
0.973	0	0.015
0.974	0	0
0.975	-5E-05	0
0.976	0	0
0.977	0	0
0.978	-5E-05	0
0.979	0	0
0.98	-5E-05	0.015
0.981	0	0.015
0.982	-5E-05	0
0.983	-5E-05	0
0.984	0	0.015
0.985	0	0
0.986	-5E-05	0
0.987	-5E-05	0
0.988	0	0
0.989	0	0
0.99	0	0.015
0.991	-5E-05	0.015
0.992	0	0
0.993	-5E-05	-0.015
0.994	0	-0.015
0.995	0	0.015
0.996	-5E-05	0.015
0.997	0	0
0.998	0	0
0.999	-5E-05	-0.015
1	-5E-05	0
1.001	0	0.015
1.002	0	0
1.003	-5E-05	0
1.004	0	0
1.005	0	0
1.006	0	0
1.007	0	0
1.008	0	-0.015
1.009	0	0
1.01	0	0
1.011	0	0
1.012	0	0
1.013	-5E-05	0
1.014	0	-0.015
1.015	0	0
1.016	0	0
1.017	0	0
1.018	-5E-05	-0.015
1.019	0	-0.015
1.02	0	0
1.021	0	0.015
1.022	0	0
1.023	-5E-05	-0.015
1.024	0	0
1.025	-5E-05	0
1.026	0	0.015
1.027	-5E-05	0
1.028	0	-0.015
1.029	-5E-05	0
1.03	0	0
1.031	0	-0.015
1.032	-5E-05	0
1.033	0	-0.015
1.034	0	-0.015
1.035	-5E-05	0
1.036	-5E-05	0
1.037	0	0
1.038	0	0
1.039	0	0
1.04	0	0
1.041	0	0
1.042	-5E-05	0
1.043	0	0
1.044	0	0
1.045	0	0
1.046	0	-0.015
1.047	0	0.015
1.048	0	0
1.049	-5E-05	-0.03
1.05	-5E-05	0
1.051	0	0
1.052	0	0
1.053	0	0
1.054	0	0
1.055	-5E-05	0
1.056	0	0
1.057	0	0
1.058	-5E-05	0
1.059	-5E-05	0
1.06	-5E-05	-0.015
1.061	-5E-05	0
1.062	0	0
1.063	0	0
1.064	0	0
1.065	-5E-05	0
1.066	-5E-05	0
1.067	0	0
1.068	0	0.015
1.069	-5E-05	0
1.07	-5E-05	0
1.071	-5E-05	0
1.072	0	0.015
1.073	0	0.015
1.074	0	0
1.075	-5E-05	0.015
1.076	0	0
1.077	0	0
1.078	0	0
1.079	-5E-05	0
1.08	0	-0.015
1.081	0	0.015
1.082	0	0
1.083	0	0
1.084	-5E-05	0.015
1.085	-5E-05	0.015
1.086	0	0
1.087	0	0.015
1.088	-5E-05	0
1.089	-5E-05	0
1.09	0	0.015
1.091	0	0
1.092	0	0.015
1.093	-5E-05	0.015
1.094	-5E-05	0.015
1.095	0	0
1.096	0	0.015
1.097	0	0
1.098	0	0.015
1.099	0	0.015
1.1	0	0
1.101	0	0.015
1.102	-5E-05	0
1.103	0	0
1.104	0	0.015
1.105	0	0.015
1.106	0	0
1.107	0	0
1.108	0	0.015
1.109	0	0.015
1.11	0	0.015
1.111	0	0.015
1.112	-5E-05	0
1.113	0	0.015
1.114	0	0.015
1.115	-5E-05	0.015
1.116	0	0
1.117	-5E-05	0.015
1.118	0	0
1.119	0	0.015
1.12	-5E-05	0
1.121	0	0.015
1.122	0	0.015
1.123	0	0
1.124	-5E-05	0
1.125	0	0
1.126	0	0
1.127	0	0
1.128	-5E-05	-0.015
1.129	0	0
1.13	0	0
1.131	0	-0.015
1.132	-5E-05	0
1.133	0	0
1.134	0	-0.015
1.135	-5E-05	0.015
1.136	-5E-05	0
1.137	-5E-05	-0.015
1.138	0	0
1.139	0	0.015
1.14	0	0
1.141	0	0.015
1.142	0	0.015
1.143	0	-0.015
1.144	0	0
1.145	0	0
1.146	0	0
1.147	0	0
1.148	0	0.015
1.149	0	0
1.15	0	0
1.151	-5E-05	0
1.152	0	-0.015
1.153	-5E-05	0
1.154	0	0
1.155	0	0
1.156	0	0
1.157	0	0
1.158	-5E-05	0
1.159	-5E-05	0
1.16	0	0
1.161	-5E-05	0
1.162	-5E-05	0
1.163	-5E-05	0
1.164	0	0
1.165	5E-05	-0.015
1.166	0	0
1.167	-5E-05	0
1.168	0	0
1.169	0	0
1.17	-5E-05	0
1.171	-5E-05	0.015
1.172	0	0
1.173	0	0.015
1.174	0	0
1.175	0	0
1.176	0	0.015
1.177	0	0
1.178	0	0
1.179	0	0
1.18	0	0
1.181	0	0
1.182	-5E-05	0.015
1.183	-5E-05	-0.015
1.184	0	-0.03
1.185	0	0.015
1.186	0	0
1.187	0	0.015
1.188	0	0
1.189	0	0
1.19	0	0.015
1.191	0	-0.015
1.192	-5E-05	-0.015
1.193	0	0.015
1.194	0	0.015
1.195	-5E-05	0
1.196	-5E-05	0
1.197	0	0
1.198	0	0.015
1.199	0	0
1.2	0	-0.015
1.201	-5E-05	0
1.202	0	0
1.203	0	0
1.204	-5E-05	0
1.205	-5E-05	0
1.206	0	0
1.207	0	0
1.208	0	0.015
1.209	5E-05	0
1.21	-5E-05	0.015
1.211	0	0
1.212	0	0
1.213	0	0.015
1.214	-5E-05	0.015
1.215	0	0
1.216	0	0
1.217	0	0
1.218	0	0
1.219	-5E-05	0.03
1.22	0	0
1.221	0	0
1.222	0	0.015
1.223	-5E-05	0
1.224	-5E-05	0
1.225	-5E-05	0
1.226	0	0
1.227	-5E-05	0.015
1.228	-5E-05	0.015
1.229	0	0
1.23	0	0.015
1.231	0	0
1.232	-5E-05	-0.015
1.233	0	0
1.234	0	0.015
1.235	0	0
1.236	0	0
1.237	0	-0.015
1.238	0	0
1.239	-5E-05	0.015
1.24	-5E-05	0
1.241	0	0.015
1.242	0	0
1.243	0	0
1.244	0	0
1.245	0	0.015
1.246	0	0
1.247	0	-0.015
1.248	0	0
1.249	-5E-05	0
1.25	-5E-05	0
1.251	0	0
1.252	-5E-05	-0.015
1.253	-5E-05	0.015
1.254	0	0
1.255	0	0
1.256	0	-0.015
1.257	-5E-05	0
1.258	0	0
1.259	-5E-05	0
1.26	0	0
1.261	0	0
1.262	0	0
1.263	0	-0.015
1.264	0	0
1.265	0	0.015
1.266	0	0.015
1.267	-5E-05	0
1.268	0	0
1.269	0	0
1.27	-5E-05	0
1.271	0	0.015
1.272	0	0
1.273	0	0
1.274	0	0
1.275	-5E-05	-0.015
1.276	0	0.015
1.277	0	0
1.278	0	-0.015
1.279	0	0
1.28	0	0
1.281	0	0
1.282	0	0
1.283	0	0
1.284	-5E-05	0
1.285	0	0.015
1.286	-5E-05	0
1.287	0	0.015
1.288	-5E-05	0.015
1.289	0	0
1.29	0	-0.015
1.291	0	0.015
1.292	-5E-05	0
1.293	-5E-05	0.015
1.294	0	0
1.295	0	0
1.296	0	0.015
1.297	0	0.015
1.298	0	-0.015
1.299	-5E-05	0
1.3	0	0
1.301	0	0
1.302	0	0.015
1.303	0	0.015
1.304	0	-0.015
1.305	-5E-05	0
1.306	0	0
1.307	0	-0.015
1.308	-5E-05	0
1.309	0	0
1.31	0	0
1.311	0	0
1.312	0	0.015
1.313	-5E-05	0
1.314	0	0.015
1.315	0	0
1.316	0	0.015
1.317	-5E-05	0.015
1.318	-5E-05	0
1.319	0	0
1.32	0	0
1.321	-5E-05	0
1.322	-5E-05	0.015
1.323	-5E-05	0
1.324	0	0
1.325	0	0.015
1.326	-5E-05	0
1.327	-5E-05	0
1.328	0	0.015
1.329	-5E-05	0
1.33	0	0
1.331	-5E-05	0.015
1.332	0	0
1.333	0	0
1.334	0	0
1.335	0	0
1.336	-5E-05	0
1.337	0	0
1.338	0	0
1.339	-5E-05	0
1.34	0	0.03
1.341	0	0
1.342	0	0.015
1.343	0	0
1.344	-5E-05	0
1.345	0	-0.015
1.346	0	0
1.347	0	-0.015
1.348	-5E-05	0.015
1.349	-5E-05	0
1.35	-5E-05	-0.03
1.351	0	-0.015
1.352	-5E-05	0
1.353	0	-0.015
1.354	-5E-05	0
1.355	0	0
1.356	0	-0.015
1.357	0	0
1.358	0	-0.015
1.359	-5E-05	0
1.36	0	0
1.361	0	-0.015
1.362	-5E-05	-0.015
1.363	0	0
1.364	0	-0.015
1.365	-5E-05	0
1.366	0	0
1.367	0	-0.015
1.368	0	-0.015
1.369	0	0
1.37	-5E-05	-0.015
1.371	0	0
1.372	0	-0.015
1.373	0	-0.015
1.374	-5E-05	0
1.375	0	0
1.376	0	-0.015
1.377	-5E-05	0.015
1.378	-5E-05	-0.015
1.379	-5E-05	-0.015
1.38	0	0
1.381	0	0
1.382	0	0
1.383	0	0.015
1.384	-5E-05	-0.015
1.385	0	0
1.386	0	0.015
1.387	0	0
1.388	0	0
1.389	0	0
1.39	0	0
1.391	0	0.015
1.392	-5E-05	0
1.393	-5E-05	0
1.394	0	0.015
1.395	0	0.015
1.396	-5E-05	0
1.397	-5E-05	0.015
1.398	0	0
1.399	0	0
1.4	0	0.015
1.401	0	0.015
1.402	-5E-05	0
1.403	0	0
1.404	0	0
1.405	-5E-05	0.015
1.406	0	0.015
1.407	-5E-05	0.015
1.408	0	0
1.409	5E-05	0.015
1.41	0	0.015
1.411	-5E-05	0.015
1.412	0	0
1.413	0	-0.015
1.414	-5E-05	0
1.415	-5E-05	0.015
1.416	-5E-05	0.015
1.417	-5E-05	0.015
1.418	0	0
1.419	0	0
1.42	0	0.015
1.421	-5E-05	0.015
1.422	0	0
1.423	0	0
1.424	-5E-05	-0.015
1.425	-5E-05	0
1.426	0	0.015
1.427	0	0
1.428	0	0
1.429	0	0
1.43	0	-0.015
1.431	0	0.015
1.432	0	0
1.433	0	0
1.434	-5E-05	0
1.435	0	0
1.436	0	0
1.437	0	0.015
1.438	0	0.015
1.439	-5E-05	0
1.44	0	0
1.441	-5E-05	0
1.442	0	0
1.443	-5E-05	0
1.444	0	0
1.445	0	0
1.446	-5E-05	0.015
1.447	-5E-05	0
1.448	-5E-05	0
1.449	-5E-05	0
1.45	-5E-05	0
1.451	-5E-05	0
1.452	0	0
1.453	-5E-05	-0.015
1.454	-5E-05	0
1.455	0	0
1.456	0	0
1.457	0	0
1.458	-5E-05	-0.015
1.459	0	-0.015
1.46	0	0
1.461	-5E-05	0
1.462	0	0
1.463	-5E-05	0
1.464	-5E-05	0
1.465	0	0
1.466	0	0
1.467	0	0.015
1.468	0	0
1.469	0	0
1.47	0	0
1.471	0	0
1.472	0	0.015
1.473	-5E-05	0
1.474	0	0
1.475	0	0
1.476	0	0
1.477	0	0.015
1.478	0	0
1.479	0	0
1.48	0	0
1.481	-5E-05	0
1.482	0	0
1.483	0	0.015
1.484	0	0.015
1.485	0	0
1.486	-5E-05	0
1.487	0	0
1.488	0	0
1.489	0	0
1.49	0	0
1.491	-5E-05	0
1.492	0	0
1.493	0	0
1.494	-5E-05	0.015
1.495	0	0.015
1.496	0	0
1.497	0	0
1.498	0	0.015
1.499	0	0
1.5	0	0
1.501	0	0
1.502	0	-0.015
1.503	-5E-05	0.03
1.504	-5E-05	0.03
1.505	0	0.06
1.506	0	0.075
1.507	0	0.09
1.508	0	0.12
1.509	5E-05	0.15
1.51	5E-05	0.18
1.511	0.0001	0.18
1.512	0.0002	0.225
1.513	0.0002	0.24
1.514	0.00025	0.27
1.515	0.00025	0.285
1.516	0.00025	0.315
1.517	0.0003	0.345
1.518	0.00025	0.375
1.519	0.0003	0.405
1.52	0.0003	0.435
1.521	0.0003	0.465
1.522	0.0003	0.495
1.523	0.0003	0.525
1.524	0.00035	0.57
1.525	0.0004	0.6
1.526	0.00035	0.63
1.527	0.00035	0.675
1.528	0.0004	0.705
1.529	0.0004	0.75
1.53	0.0004	0.795
1.531	0.00035	0.84
1.532	0.00045	0.87
1.533	0.00045	0.915
1.534	0.00045	0.96
1.535	0.00045	1.02
1.536	0.00045	1.05
1.537	0.0005	1.11
1.538	0.0005	1.155
1.539	0.0005	1.2
1.54	0.0005	1.245
1.541	0.00055	1.305
1.542	0.00055	1.35
1.543	0.00055	1.41
1.544	0.0006	1.47
1.545	0.0006	1.515
1.546	0.0006	1.59
1.547	0.0006	1.635
1.548	0.00065	1.695
1.549	0.00065	1.755
1.55	0.0007	1.815
1.551	0.0008	1.875
1.552	0.0009	1.935
1.553	0.00105	1.995
1.554	0.00125	2.055
1.555	0.00155	2.13
1.556	0.0018	2.205
1.557	0.00215	2.25
1.558	0.00255	2.31
1.559	0.0029	2.37
1.56	0.00335	2.43
1.561	0.0038	2.49
1.562	0.0042	2.55
1.563	0.0047	2.61
1.564	0.0051	2.655
1.565	0.00555	2.7
1.566	0.0057	2.76
1.567	0.0059	2.82
1.568	0.0061	2.85
1.569	0.0063	2.91
1.57	0.00655	2.955
1.571	0.0068	3
1.572	0.00695	3.06
1.573	0.00715	3.105
1.574	0.0074	3.15
1.575	0.00765	3.21
1.576	0.0078	3.255
1.577	0.00795	3.3
1.578	0.0082	3.345
1.579	0.0084	3.39
1.58	0.0086	3.435
1.581	0.0088	3.495
1.582	0.00905	3.525
1.583	0.00925	3.57
1.584	0.0094	3.645
1.585	0.00965	3.66
1.586	0.00985	3.705
1.587	0.0101	3.765
1.588	0.01025	3.81
1.589	0.01045	3.855
1.59	0.0107	3.9
1.591	0.01085	3.945
1.592	0.01105	3.99
1.593	0.01125	4.035
1.594	0.01145	4.08
1.595	0.0116	4.125
1.596	0.0118	4.155
1.597	0.01195	4.185
1.598	0.01215	4.245
1.599	0.01235	4.29
1.6	0.0125	4.32
1.601	0.0127	4.35
1.602	0.01285	4.395
1.603	0.01305	4.425
1.604	0.0132	4.485
1.605	0.0134	4.53
1.606	0.0136	4.545
1.607	0.0138	4.605
1.608	0.01395	4.635
1.609	0.0142	4.68
1.61	0.0143	4.725
1.611	0.0145	4.77
1.612	0.0147	4.8
1.613	0.01485	4.845
1.614	0.01505	4.89
1.615	0.01525	4.92
1.616	0.01545	4.965
1.617	0.0156	4.995
1.618	0.01575	5.055
1.619	0.016	5.1
1.62	0.01625	5.13
1.621	0.01635	5.175
1.622	0.01655	5.235
1.623	0.0168	5.265
1.624	0.01705	5.31
1.625	0.01725	5.355
1.626	0.01745	5.4
1.627	0.0177	5.46
1.628	0.0179	5.505
1.629	0.0181	5.55
1.63	0.0183	5.595
1.631	0.0186	5.64
1.632	0.01875	5.7
1.633	0.019	5.745
1.634	0.01925	5.82
1.635	0.0195	5.85
1.636	0.01975	5.91
1.637	0.02	5.955
1.638	0.0203	6.015
1.639	0.0206	6.075
1.64	0.0208	6.135
1.641	0.0211	6.195
1.642	0.02145	6.255
1.643	0.0217	6.345
1.644	0.02195	6.39
1.645	0.0223	6.45
1.646	0.0226	6.51
1.647	0.02295	6.585
1.648	0.02325	6.645
1.649	0.02355	6.735
1.65	0.0239	6.795
1.651	0.0242	6.87
1.652	0.02455	6.93
1.653	0.0249	7.005
1.654	0.02525	7.095
1.655	0.02555	7.155
1.656	0.0259	7.215
1.657	0.02625	7.29
1.658	0.02655	7.365
1.659	0.02685	7.44
1.66	0.0272	7.53
1.661	0.02745	7.575
1.662	0.0278	7.65
1.663	0.0281	7.725
1.664	0.0284	7.785
1.665	0.0287	7.845
1.666	0.02905	7.92
1.667	0.02935	7.98
1.668	0.02965	8.055
1.669	0.02995	8.115
1.67	0.03025	8.175
1.671	0.03055	8.265
1.672	0.0309	8.325
1.673	0.03115	8.385
1.674	0.0314	8.445
1.675	0.03175	8.505
1.676	0.032	8.565
1.677	0.03225	8.64
1.678	0.03255	8.685
1.679	0.03275	8.745
1.68	0.0331	8.805
1.681	0.03335	8.865
1.682	0.0336	8.925
1.683	0.0338	8.985
1.684	0.0341	9.03
1.685	0.03405	9.09
1.686	0.03345	9.15
1.687	0.0334	9.195
1.688	0.03335	9.27
1.689	0.0334	9.345
1.69	0.03335	9.39
1.691	0.0334	9.45
1.692	0.03335	9.525
1.693	0.0334	9.585
1.694	0.0334	9.645
1.695	0.03335	9.705
1.696	0.0334	9.765
1.697	0.03345	9.825
1.698	0.0334	9.9
1.699	0.03345	9.975
1.7	0.03345	10.02
1.701	0.03345	10.095
1.702	0.03345	10.17
1.703	0.03345	10.215
1.704	0.0335	10.305
1.705	0.03345	10.38
1.706	0.0335	10.44
1.707	0.0335	10.5
1.708	0.0335	10.575
1.709	0.0335	10.665
1.71	0.03355	10.725
1.711	0.03355	10.8
1.712	0.0335	10.875
1.713	0.03355	10.965
1.714	0.0336	11.04
1.715	0.03355	11.1
1.716	0.0336	11.19
1.717	0.0336	11.265
1.718	0.0336	11.355
1.719	0.0337	11.43
1.72	0.0337	11.52
1.721	0.0337	11.61
1.722	0.03375	11.715
1.723	0.0338	11.805
1.724	0.0338	11.895
1.725	0.03385	11.985
1.726	0.03385	12.09
1.727	0.0339	12.21
1.728	0.0339	12.33
1.729	0.03395	12.42
1.73	0.03395	12.525
1.731	0.03405	12.66
1.732	0.0341	12.765
1.733	0.03405	12.9
1.734	0.0341	13.035
1.735	0.03415	13.155
1.736	0.03415	13.275
1.737	0.03425	13.425
1.738	0.0343	13.56
1.739	0.0343	13.71
1.74	0.0344	13.845
1.741	0.0343	13.995
1.742	0.0344	14.145
1.743	0.0344	14.295
1.744	0.03445	14.46
1.745	0.03445	14.595
1.746	0.0345	14.76
1.747	0.0345	14.925
1.748	0.03455	15.075
1.749	0.0346	15.24
1.75	0.0346	15.405
1.751	0.0346	15.57
1.752	0.0347	15.765
1.753	0.0347	15.915
1.754	0.0347	16.08
1.755	0.0334	16.125
1.756	0.0332	16.155
1.757	0.0331	16.17
1.758	0.0331	16.185
1.759	0.03305	16.185
1.76	0.033	16.185
1.761	0.03295	16.185
1.762	0.033	16.185
1.763	0.033	16.185
1.764	0.03305	16.185
1.765	0.033	16.185
1.766	0.03295	16.17
1.767	0.033	16.2
1.768	0.03295	16.185
1.769	0.033	16.185
1.77	0.03295	16.185
1.771	0.03295	16.17
1.772	0.03305	16.185
1.773	0.0331	16.185
1.774	0.033	16.17
1.775	0.03295	16.17
1.776	0.03305	16.185
1.777	0.03295	16.185
1.778	0.033	16.185
1.779	0.03305	16.17
1.78	0.033	16.17
1.781	0.033	16.17
1.782	0.033	16.185
1.783	0.033	16.2
1.784	0.03295	16.155
1.785	0.03305	16.17
1.786	0.033	16.17
1.787	0.033	16.17
1.788	0.03305	16.185
1.789	0.033	16.17
1.79	0.033	16.17
1.791	0.03305	16.17
1.792	0.03305	16.17
1.793	0.03295	16.17
1.794	0.033	16.185
1.795	0.033	16.17
1.796	0.033	16.17
1.797	0.033	16.185
1.798	0.03295	16.17
1.799	0.03305	16.17
1.8	0.03305	16.17
1.801	0.03295	16.17
1.802	0.033	16.17
1.803	0.03295	16.17
1.804	0.033	16.17
1.805	0.033	16.17
1.806	0.033	16.185
1.807	0.033	16.185
1.808	0.033	16.17
1.809	0.03305	16.17
1.81	0.033	16.17
1.811	0.033	16.17
1.812	0.03295	16.185
1.813	0.033	16.17
1.814	0.03295	16.185
1.815	0.03295	16.185
1.816	0.033	16.17
1.817	0.03295	16.17
1.818	0.03295	16.185
1.819	0.033	16.185
1.82	0.033	16.17
1.821	0.03295	16.185
1.822	0.033	16.185
1.823	0.033	16.185
1.824	0.03295	16.185
1.825	0.033	16.17
1.826	0.033	16.185
1.827	0.033	16.185
1.828	0.03305	16.185
1.829	0.03305	16.17
1.83	0.033	16.185
1.831	0.03295	16.185
1.832	0.033	16.17
1.833	0.03295	16.185
1.834	0.033	16.185
1.835	0.03305	16.185
1.836	0.033	16.185
1.837	0.033	16.2
1.838	0.033	16.17
1.839	0.033	16.185
1.84	0.033	16.185
1.841	0.03305	16.185
1.842	0.03295	16.2
1.843	0.03295	16.185
1.844	0.033	16.185
1.845	0.03295	16.185
1.846	0.0329	16.17
1.847	0.03305	16.17
1.848	0.03295	16.185
1.849	0.0329	16.185
1.85	0.033	16.17
1.851	0.0329	16.185
1.852	0.03295	16.185
1.853	0.033	16.185
1.854	0.03295	16.185
1.855	0.03295	16.185
1.856	0.03295	16.185
1.857	0.033	16.185
1.858	0.033	16.185
1.859	0.033	16.17
1.86	0.03295	16.185
1.861	0.03295	16.185
1.862	0.033	16.185
1.863	0.03295	16.185
1.864	0.033	16.185
1.865	0.033	16.17
1.866	0.033	16.2
1.867	0.03295	16.185
1.868	0.03295	16.185
1.869	0.033	16.2
1.87	0.03295	16.17
1.871	0.033	16.17
1.872	0.03295	16.185
1.873	0.03295	16.185
1.874	0.033	16.17
1.875	0.033	16.185
1.876	0.033	16.17
1.877	0.03295	16.17
1.878	0.03295	16.185
1.879	0.03295	16.185
1.88	0.03295	16.17
1.881	0.03295	16.185
1.882	0.033	16.185
1.883	0.03295	16.17
1.884	0.033	16.185
1.885	0.033	16.185
1.886	0.033	16.17
1.887	0.03295	16.185
1.888	0.033	16.185
1.889	0.033	16.17
1.89	0.03295	16.185
1.891	0.033	16.185
1.892	0.033	16.17
1.893	0.033	16.185
1.894	0.03295	16.17
1.895	0.03305	16.17
1.896	0.03305	16.185
1.897	0.03295	16.17
1.898	0.033	16.17
1.899	0.033	16.185
1.9	0.033	16.185
1.901	0.033	16.185
1.902	0.03295	16.185
1.903	0.03295	16.185
1.904	0.033	16.17
1.905	0.033	16.185
1.906	0.03295	16.185
1.907	0.03295	16.17
1.908	0.03295	16.2
1.909	0.033	16.185
1.91	0.03295	16.17
1.911	0.03295	16.185
1.912	0.03295	16.185
1.913	0.033	16.17
1.914	0.03295	16.185
1.915	0.03295	16.185
1.916	0.03305	16.17
1.917	0.03295	16.185
1.918	0.0329	16.185
1.919	0.03295	16.17
1.92	0.03295	16.185
1.921	0.0329	16.185
1.922	0.03295	16.17
1.923	0.033	16.17
1.924	0.03295	16.17
1.925	0.033	16.17
1.926	0.033	16.185
1.927	0.03295	16.185
1.928	0.03295	16.17
1.929	0.03295	16.17
1.93	0.0329	16.17
1.931	0.033	16.17
1.932	0.03295	16.185
1.933	0.03295	16.185
1.934	0.0329	16.17
1.935	0.03295	16.17
1.936	0.0329	16.185
1.937	0.03295	16.17
1.938	0.03295	16.185
1.939	0.0329	16.185
1.94	0.03295	16.17
1.941	0.033	16.185
1.942	0.03295	16.17
1.943	0.03295	16.17
1.944	0.03295	16.2
1.945	0.03295	16.185
1.946	0.03295	16.17
1.947	0.03295	16.17
1.948	0.03295	16.17
1.949	0.033	16.17
1.95	0.033	16.185
1.951	0.0329	16.17
1.952	0.033	16.17
1.953	0.03295	16.185
1.954	0.03295	16.185
1.955	0.033	16.17
1.956	0.033	16.185
1.957	0.033	16.185
1.958	0.03305	16.17
1.959	0.03295	16.185
1.96	0.03295	16.185
1.961	0.03305	16.17
1.962	0.033	16.185
1.963	0.03295	16.185
1.964	0.033	16.17
1.965	0.03295	16.185
1.966	0.0329	16.185
1.967	0.033	16.17
1.968	0.033	16.185
1.969	0.0329	16.185
1.97	0.033	16.17
1.971	0.033	16.17
1.972	0.03295	16.185
1.973	0.03305	16.17
1.974	0.033	16.185
1.975	0.033	16.185
1.976	0.033	16.185
1.977	0.03295	16.185
1.978	0.03295	16.185
1.979	0.033	16.17
1.98	0.03295	16.185
1.981	0.03295	16.2
1.982	0.033	16.185
1.983	0.03295	16.185
1.984	0.03295	16.185
1.985	0.03295	16.17
1.986	0.03295	16.185
1.987	0.033	16.185
1.988	0.03295	16.185
1.989	0.03295	16.185
1.99	0.033	16.185
1.991	0.033	16.17
1.992	0.03295	16.185
1.993	0.03295	16.185
1.994	0.033	16.17
1.995	0.03295	16.185
1.996	0.0329	16.185
1.997	0.03295	16.17
1.998	0.0329	16.185
1.999	0.03295	16.185
2	0.033	16.17
2.001	0.0329	16.185
2.002	0.03295	16.185
2.003	0.03295	16.17
2.004	0.03295	16.185
2.005	0.033	16.185
2.006	0.033	16.17
2.007	0.03295	16.185
2.008	0.03295	16.185
2.009	0.033	16.185
2.01	0.03295	16.185
2.011	0.03305	16.185
2.012	0.03305	16.185
2.013	0.033	16.185
2.014	0.03295	16.17
2.015	0.03295	16.185
2.016	0.033	16.185
2.017	0.03295	16.185
2.018	0.033	16.185
2.019	0.033	16.185
2.02	0.033	16.185
2.021	0.033	16.17
2.022	0.03295	16.185
2.023	0.033	16.185
2.024	0.03305	16.17
2.025	0.033	16.17
2.026	0.033	16.185
2.027	0.033	16.17
2.028	0.03305	16.185
2.029	0.033	16.185
2.03	0.03295	16.17
2.031	0.033	16.185
2.032	0.03295	16.185
2.033	0.033	16.185
2.034	0.033	16.185
2.035	0.033	16.185
2.036	0.0329	16.17
2.037	0.03295	16.185
2.038	0.033	16.185
2.039	0.033	16.185
2.04	0.03295	16.2
2.041	0.03295	16.185
2.042	0.03295	16.17
2.043	0.03305	16.185
2.044	0.033	16.185
2.045	0.03305	16.185
2.046	0.03295	16.2
2.047	0.03295	16.185
2.048	0.03295	16.17
2.049	0.03295	16.185
2.05	0.033	16.185
2.051	0.033	16.185
2.052	0.033	16.2
2.053	0.033	16.185
2.054	0.03295	16.185
2.055	0.033	16.185
2.056	0.033	16.185
2.057	0.033	16.17
2.058	0.033	16.2
2.059	0.033	16.185
2.06	0.0329	16.17
2.061	0.033	16.185
2.062	0.03295	16.185
2.063	0.03305	16.185
2.064	0.03295	16.185
2.065	0.0329	16.185
2.066	0.033	16.185
2.067	0.033	16.2
2.068	0.033	16.185
2.069	0.033	16.185
2.07	0.033	16.185
2.071	0.0329	16.185
2.072	0.033	16.185
2.073	0.033	16.17
2.074	0.033	16.185
2.075	0.033	16.17
2.076	0.03295	16.185
2.077	0.03295	16.185
2.078	0.033	16.17
2.079	0.03295	16.185
2.08	0.03305	16.185
2.081	0.033	16.185
2.082	0.03295	16.185
2.083	0.033	16.2
2.084	0.03295	16.185
2.085	0.03305	16.2
2.086	0.0329	16.185
2.087	0.03295	16.185
2.088	0.03305	16.185
2.089	0.03295	16.185
2.09	0.03295	16.185
2.091	0.033	16.185
2.092	0.03295	16.185
2.093	0.03295	16.17
2.094	0.03295	16.185
2.095	0.033	16.185
2.096	0.03295	16.17
2.097	0.033	16.17
2.098	0.03295	16.17
2.099	0.0329	16.17
2.1	0.033	16.185
2.101	0.033	16.185
2.102	0.03295	16.17
2.103	0.03295	16.185
2.104	0.033	16.185
2.105	0.033	16.17
2.106	0.03295	16.185
2.107	0.03295	16.185
2.108	0.033	16.17
2.109	0.03295	16.17
2.11	0.033	16.185
2.111	0.033	16.17
2.112	0.033	16.185
2.113	0.03295	16.185
2.114	0.033	16.17
2.115	0.03295	16.185
2.116	0.033	16.17
2.117	0.03295	16.17
2.118	0.03295	16.185
2.119	0.033	16.17
2.12	0.033	16.17
2.121	0.0329	16.17
2.122	0.03295	16.185
2.123	0.03295	16.17
2.124	0.033	16.185
2.125	0.03295	16.17
2.126	0.0329	16.185
2.127	0.033	16.17
2.128	0.03295	16.185
2.129	0.03295	16.17
2.13	0.03295	16.185
2.131	0.033	16.17
2.132	0.03295	16.17
2.133	0.033	16.17
2.134	0.03295	16.17
2.135	0.033	16.17
2.136		16.17
2.137		16.185
2.138		16.17
2.139		16.17
2.14		16.17
2.141		16.17
2.142		16.185
2.143		16.17
2.144		16.17
