MIN=0	-30	-0.1
MAX=2.26274169979695	30	0.1
SCALE=0.1	10	0.05
DEC=3	2	4
DEF="Time" t / s	"Voltage" U_B1 / V	"Current" I_A1 / A
0	0.015	-5E-05
0.001	0.015	0
0.002	0	0
0.003	0.03	0
0.004	0.015	0
0.005	0	0
0.006	0.015	0
0.007	0	0
0.008	0.015	0
0.009	0.015	0
0.01	0.015	0
0.011	0.015	-5E-05
0.012	0.015	-5E-05
0.013	0.03	-5E-05
0.014	0	0
0.015	0.015	0
0.016	0.015	0
0.017	0.015	0
0.018	0.015	-5E-05
0.019	0	0
0.02	0.03	0
0.021	0	0
0.022	0.03	-5E-05
0.023	0.015	0
0.024	0	-5E-05
0.025	0.015	5E-05
0.026	0	-5E-05
0.027	0.03	0
0.028	0.015	-5E-05
0.029	0.015	0
0.03	0	0
0.031	0.015	-5E-05
0.032	0.015	-5E-05
0.033	0	0
0.034	0	0
0.035	0	0
0.036	0.015	0
0.037	0.03	-5E-05
0.038	0.015	0
0.039	-0.015	-5E-05
0.04	-0.015	0
0.041	0.015	-5E-05
0.042	0	0
0.043	0	-5E-05
0.044	0	0
0.045	0	0
0.046	0	0
0.047	-0.015	-5E-05
0.048	0	0
0.049	0	-5E-05
0.05	0	0
0.051	0	0
0.052	0	0
0.053	0	-5E-05
0.054	0	0
0.055	0.015	-5E-05
0.056	0	-5E-05
0.057	-0.015	-5E-05
0.058	0	0
0.059	0	0
0.06	0	-5E-05
0.061	0	-5E-05
0.062	0	-5E-05
0.063	0	0
0.064	-0.015	-5E-05
0.065	0	0
0.066	0	0
0.067	0	0
0.068	0	-5E-05
0.069	0	0
0.07	0	-5E-05
0.071	-0.015	0
0.072	0	0
0.073	-0.015	-5E-05
0.074	0	-5E-05
0.075	0	0
0.076	0	0
0.077	0.015	0
0.078	0	-5E-05
0.079	0	0
0.08	0	0
0.081	0	-5E-05
0.082	0	0
0.083	0	0
0.084	0	0
0.085	0	0
0.086	0	0
0.087	0.015	-5E-05
0.088	0	0
0.089	0	-5E-05
0.09	0	-5E-05
0.091	0	-5E-05
0.092	0	0
0.093	0	-5E-05
0.094	0.015	0
0.095	0	-5E-05
0.096	0.015	0
0.097	0	0
0.098	0	0
0.099	0	0
0.1	0	0
0.101	0	0
0.102	0	0
0.103	0.015	0
0.104	0	0
0.105	0.015	-5E-05
0.106	0.015	-5E-05
0.107	0	0
0.108	0	0
0.109	0	0
0.11	0	0
0.111	0	0
0.112	0.015	-5E-05
0.113	0.015	0
0.114	0	0
0.115	0.015	-5E-05
0.116	0	0
0.117	0	0
0.118	0	-5E-05
0.119	0	0
0.12	0.015	-5E-05
0.121	0	0
0.122	0	0
0.123	0	0
0.124	0	-5E-05
0.125	0	0
0.126	0	0
0.127	0.015	-5E-05
0.128	0	0
0.129	0	-5E-05
0.13	0	-5E-05
0.131	0	0
0.132	0.015	0
0.133	0	0
0.134	0	0
0.135	0	0
0.136	0	-5E-05
0.137	0.015	-5E-05
0.138	0	5E-05
0.139	0	0
0.14	0	0
0.141	0	-5E-05
0.142	0	0
0.143	0	-5E-05
0.144	0.015	0
0.145	0.015	0
0.146	0	0
0.147	0	0
0.148	0	0
0.149	0	0
0.15	0	0
0.151	0	0
0.152	0	-5E-05
0.153	0	0
0.154	0	-5E-05
0.155	0.015	-5E-05
0.156	0	0
0.157	0	0
0.158	0	-5E-05
0.159	0	0
0.16	0	0
0.161	0	0
0.162	0	-5E-05
0.163	0	0
0.164	0	0
0.165	0	0
0.166	0	0
0.167	0	0
0.168	0	-5E-05
0.169	0.015	0
0.17	0	0
0.171	0	0
0.172	0	0
0.173	0	-5E-05
0.174	0	-5E-05
0.175	0	0
0.176	0	0
0.177	0	-5E-05
0.178	0	0
0.179	0	-5E-05
0.18	0	-5E-05
0.181	-0.015	0
0.182	0	0
0.183	0	0
0.184	0	0
0.185	0	0
0.186	0	0
0.187	0	-5E-05
0.188	-0.015	0
0.189	0	-5E-05
0.19	-0.015	0
0.191	0	-5E-05
0.192	0	0
0.193	0	-5E-05
0.194	0	0
0.195	0	0
0.196	0	-5E-05
0.197	0	-5E-05
0.198	0	-5E-05
0.199	0	0
0.2	0	0
0.201	0	0
0.202	0	0
0.203	0	0
0.204	0.015	0
0.205	0	-5E-05
0.206	0	0
0.207	0	0
0.208	0	0
0.209	0	0
0.21	0	-5E-05
0.211	0	0
0.212	0	-5E-05
0.213	0	0
0.214	0.015	-5E-05
0.215	0	-5E-05
0.216	0	0
0.217	0	-5E-05
0.218	0	0
0.219	0	-5E-05
0.22	0	0
0.221	0	0
0.222	0	0
0.223	0	-5E-05
0.224	0	0
0.225	0	0
0.226	0	-5E-05
0.227	0	-5E-05
0.228	0	0
0.229	0.015	-5E-05
0.23	0	-5E-05
0.231	0	0
0.232	0	0
0.233	0	0
0.234	0	0
0.235	0	0
0.236	0.015	0
0.237	0	0
0.238	0	0
0.239	0.015	-5E-05
0.24	0	0
0.241	0	0
0.242	0	-5E-05
0.243	0	0
0.244	0.015	0
0.245	0	0
0.246	0	0
0.247	0	0
0.248	0	-5E-05
0.249	0	0
0.25	0	0
0.251	0	0
0.252	0	0
0.253	0.015	0
0.254	0	-5E-05
0.255	0	-5E-05
0.256	0	0
0.257	0	0
0.258	0.015	0
0.259	0	-5E-05
0.26	0	0
0.261	0	-5E-05
0.262	0	0
0.263	0.015	-5E-05
0.264	0	-5E-05
0.265	0	0
0.266	0	0
0.267	0	-5E-05
0.268	0	0
0.269	0	0
0.27	0.015	0
0.271	0	0
0.272	0	0
0.273	0	-5E-05
0.274	0	-5E-05
0.275	0	0
0.276	0	0
0.277	0	-5E-05
0.278	0	0
0.279	0.015	0
0.28	0	-5E-05
0.281	0.015	-5E-05
0.282	0	0
0.283	0	0
0.284	0	0
0.285	0	0
0.286	0.015	0
0.287	0	0
0.288	0	-5E-05
0.289	0	-5E-05
0.29	0	0
0.291	0	0
0.292	0	-5E-05
0.293	0	0
0.294	0.015	-5E-05
0.295	0	0
0.296	0.015	-5E-05
0.297	0	0
0.298	0	0
0.299	0	-5E-05
0.3	0	-5E-05
0.301	0	0
0.302	0	0
0.303	0.015	0
0.304	0	-5E-05
0.305	0	0
0.306	0	-5E-05
0.307	0	-5E-05
0.308	0	0
0.309	0	0
0.31	0.015	0
0.311	0	-5E-05
0.312	0	0
0.313	0.015	-5E-05
0.314	0	-5E-05
0.315	0	0
0.316	0	0
0.317	0	-5E-05
0.318	0	5E-05
0.319	0	0
0.32	0	0
0.321	0	-5E-05
0.322	0.015	0
0.323	0	-5E-05
0.324	0	-5E-05
0.325	0	0
0.326	0	0
0.327	0	0
0.328	0	0
0.329	0	0
0.33	0	-5E-05
0.331	0	0
0.332	0.015	0
0.333	0	0
0.334	0	-5E-05
0.335	0	0
0.336	0	-5E-05
0.337	0.015	0
0.338	0	-5E-05
0.339	0.015	0
0.34	0.015	-5E-05
0.341	0	0
0.342	0	-5E-05
0.343	0	0
0.344	0.015	0
0.345	0	0
0.346	0.015	-5E-05
0.347	0.015	0
0.348	0	0
0.349	0.015	-5E-05
0.35	0	0
0.351	0.015	0
0.352	0	0
0.353	0.015	0
0.354	0.015	-5E-05
0.355	0.015	-5E-05
0.356	0.015	0
0.357	0	0
0.358	0.015	0
0.359	0	0
0.36	0.015	0
0.361	0.015	0
0.362	0.015	0
0.363	0.015	-5E-05
0.364	0	0
0.365	0.015	-5E-05
0.366	0	0
0.367	0.015	0
0.368	0.015	0
0.369	0	0
0.37	0.015	0
0.371	0	-5E-05
0.372	0.015	0
0.373	0	0
0.374	0	-5E-05
0.375	-0.015	0
0.376	0	0
0.377	0.015	0
0.378	0	0
0.379	0	0
0.38	0	-5E-05
0.381	-0.015	0
0.382	0	-5E-05
0.383	0	0
0.384	0	0
0.385	0	0
0.386	0	-5E-05
0.387	-0.015	0
0.388	0	-5E-05
0.389	0	0
0.39	-0.015	0
0.391	-0.015	-5E-05
0.392	-0.015	-5E-05
0.393	-0.015	0
0.394	0.015	0
0.395	-0.015	0
0.396	-0.015	-5E-05
0.397	-0.015	0
0.398	0	0
0.399	0	-5E-05
0.4	-0.015	0
0.401	-0.015	-5E-05
0.402	-0.015	0
0.403	0	0
0.404	0	0
0.405	0	0
0.406	-0.015	0
0.407	0	0
0.408	-0.015	0
0.409	-0.015	-5E-05
0.41	-0.015	0
0.411	0	-5E-05
0.412	-0.015	-5E-05
0.413	0	-5E-05
0.414	-0.015	0
0.415	-0.015	-5E-05
0.416	0	0
0.417	0	0
0.418	0	0
0.419	0	0
0.42	-0.015	0
0.421	-0.015	0
0.422	0	0
0.423	0	-5E-05
0.424	-0.015	-5E-05
0.425	-0.015	-5E-05
0.426	0	0
0.427	0.015	0
0.428	0	0
0.429	0	-5E-05
0.43	0	-5E-05
0.431	0.015	0
0.432	0.015	0
0.433	0	0
0.434	0.015	-5E-05
0.435	0.015	0
0.436	0	0
0.437	0.015	-5E-05
0.438	0	0
0.439	0.015	0
0.44	0	-5E-05
0.441	0.015	-5E-05
0.442	0	-5E-05
0.443	0	-5E-05
0.444	0.015	0
0.445	0.015	0
0.446	0	-5E-05
0.447	0	0
0.448	0.015	0
0.449	0	0
0.45	0	0
0.451	0	0
0.452	0.015	0
0.453	0.015	0
0.454	0	0
0.455	0	0
0.456	0.015	-5E-05
0.457	0.015	0
0.458	0.015	0
0.459	0	-5E-05
0.46	0	-5E-05
0.461	0	0
0.462	0.015	0
0.463	0.015	0
0.464	0	-5E-05
0.465	0	-5E-05
0.466	-0.015	0
0.467	0	0
0.468	0	0
0.469	0.015	0
0.47	0.015	0
0.471	-0.015	0
0.472	0.015	-5E-05
0.473	0.015	0
0.474	0	0
0.475	0	0
0.476	0	0
0.477	0.015	0
0.478	0.015	0
0.479	-0.015	-5E-05
0.48	-0.015	-5E-05
0.481	0	-5E-05
0.482	0	0
0.483	0	0
0.484	0	0
0.485	0	-5E-05
0.486	0.015	-5E-05
0.487	0.015	-5E-05
0.488	-0.015	0
0.489	0	0
0.49	0	-5E-05
0.491	0	-5E-05
0.492	0	0
0.493	-0.015	-5E-05
0.494	0.015	0
0.495	0	-5E-05
0.496	0	0
0.497	0	-5E-05
0.498	-0.015	0
0.499	0	0
0.5	0	0
0.501	0.015	0
0.502	0.015	0
0.503	0	-5E-05
0.504	-0.015	0
0.505	0.015	-5E-05
0.506	0	0
0.507	-0.015	0
0.508	0.015	0
0.509	0	0
0.51	0	-5E-05
0.511	0	0
0.512	0.015	-5E-05
0.513	0	0
0.514	-0.015	0
0.515	0	-5E-05
0.516	0	0
0.517	0	0
0.518	0	-5E-05
0.519	0	0
0.52	0.015	-5E-05
0.521	0	0
0.522	0	0
0.523	0	0
0.524	0	-5E-05
0.525	0	0
0.526	-0.015	-5E-05
0.527	0.015	0
0.528	0	-5E-05
0.529	0	0
0.53	0	-5E-05
0.531	0	0
0.532	0.015	0
0.533	0	0
0.534	0	0
0.535	0	0
0.536	0.015	0
0.537	0.015	-5E-05
0.538	0.03	-0.0001
0.539	0.015	0
0.54	-0.015	-5E-05
0.541	0	-5E-05
0.542	0	0
0.543	0	-5E-05
0.544	0.015	0
0.545	0	0
0.546	0	0
0.547	0	0
0.548	0	0
0.549	0	-5E-05
0.55	0	0
0.551	0.015	-5E-05
0.552	0	0
0.553	0	-5E-05
0.554	-0.015	0
0.555	0	0
0.556	0	-5E-05
0.557	-0.015	-5E-05
0.558	0	0
0.559	0	0
0.56	0.015	0
0.561	0	-5E-05
0.562	0	-5E-05
0.563	0	-5E-05
0.564	0	0
0.565	0	-5E-05
0.566	0	-5E-05
0.567	0	0
0.568	0	-5E-05
0.569	0	-5E-05
0.57	0.015	0
0.571	0	-5E-05
0.572	0	0
0.573	0.015	-5E-05
0.574	0	-5E-05
0.575	0	0
0.576	0	-5E-05
0.577	0.015	0
0.578	0	0
0.579	0	0
0.58	0.015	0
0.581	0	-5E-05
0.582	0.015	0
0.583	0	0
0.584	0.015	0
0.585	0	0
0.586	0	-5E-05
0.587	0	0
0.588	0	0
0.589	0	0
0.59	-0.015	-5E-05
0.591	0	0
0.592	0	-5E-05
0.593	0	-5E-05
0.594	0.015	0
0.595	0	0
0.596	0.015	-5E-05
0.597	0	0
0.598	0	-5E-05
0.599	0.015	0
0.6	0	0
0.601	0.015	0
0.602	0	0
0.603	0.015	0
0.604	0	0
0.605	0	0
0.606	0	-5E-05
0.607	0	0
0.608	0.015	0
0.609	0	-5E-05
0.61	0	-5E-05
0.611	0	-5E-05
0.612	0	-5E-05
0.613	-0.015	0
0.614	-0.015	0
0.615	0	-5E-05
0.616	0	0
0.617	0	-5E-05
0.618	0	-5E-05
0.619	0	0
0.62	0	0
0.621	0	0
0.622	0	0
0.623	0	-5E-05
0.624	0	0
0.625	0	0
0.626	0	0
0.627	0.015	-5E-05
0.628	0	0
0.629	0	0
0.63	0	0
0.631	0	0
0.632	0	0
0.633	0	0
0.634	0.015	-5E-05
0.635	0	-5E-05
0.636	0.015	-5E-05
0.637	0.015	0
0.638	0	5E-05
0.639	0.015	0
0.64	0.015	-5E-05
0.641	0	0
0.642	0	0
0.643	0	-5E-05
0.644	0	0
0.645	0	0
0.646	0	0
0.647	0	0
0.648	0	-5E-05
0.649	0	0
0.65	0	0
0.651	0.015	0
0.652	0	0
0.653	0	0
0.654	0.015	0
0.655	0	0
0.656	0	0
0.657	0	0
0.658	0	0
0.659	0	-5E-05
0.66	0.015	-5E-05
0.661	0	0
0.662	-0.015	-5E-05
0.663	0	0
0.664	0	0
0.665	0	-5E-05
0.666	0	0
0.667	0.015	0
0.668	0.015	0
0.669	0	-5E-05
0.67	0.015	0
0.671	0	0
0.672	-0.015	0
0.673	0	-5E-05
0.674	0	0
0.675	0	0
0.676	0	0
0.677	0	-5E-05
0.678	0	-5E-05
0.679	0.015	-5E-05
0.68	0	-5E-05
0.681	0	-5E-05
0.682	0.015	0
0.683	0	0
0.684	0	-5E-05
0.685	0	0
0.686	0	0
0.687	-0.015	-5E-05
0.688	0	0
0.689	0	-5E-05
0.69	0	0
0.691	0	0
0.692	0	-5E-05
0.693	0	-5E-05
0.694	0.015	0
0.695	0	0
0.696	0	0
0.697	0	0
0.698	0	-5E-05
0.699	0	0
0.7	0	0
0.701	0.015	-5E-05
0.702	0	0
0.703	0.015	0
0.704	-0.015	0
0.705	0	0
0.706	0	-5E-05
0.707	0	0
0.708	0	0
0.709	0	0
0.71	0.015	-5E-05
0.711	0	0
0.712	0	-5E-05
0.713	0	0
0.714	0	0
0.715	0.015	0
0.716	-0.015	0
0.717	0	0
0.718	0	0
0.719	0	-5E-05
0.72	0	0
0.721	0	0
0.722	0	0
0.723	0	-5E-05
0.724	0	0
0.725	0	-5E-05
0.726	0.015	0
0.727	0.015	0
0.728	0	0
0.729	0.015	-5E-05
0.73	0	0
0.731	0	-5E-05
0.732	0	0
0.733	0	5E-05
0.734	0	-5E-05
0.735	0	-5E-05
0.736	0	-5E-05
0.737	0	-5E-05
0.738	-0.015	0
0.739	0	0
0.74	0	-5E-05
0.741	0	5E-05
0.742	0.015	-5E-05
0.743	0.015	-5E-05
0.744	0	-5E-05
0.745	0	0
0.746	0.015	-5E-05
0.747	0	0
0.748	0	-5E-05
0.749	0	0
0.75	0	0
0.751	0.015	0
0.752	0	0
0.753	0.015	0
0.754	0	0
0.755	0	0
0.756	0	-5E-05
0.757	0	0
0.758	0.015	0
0.759	0	-5E-05
0.76	0	0
0.761	0.015	-5E-05
0.762	0	-5E-05
0.763	0.015	0
0.764	0	0
0.765	0	-5E-05
0.766	0	-5E-05
0.767	0	0
0.768	0	-5E-05
0.769	0	0
0.77	0.015	0
0.771	0	-5E-05
0.772	0	-5E-05
0.773	0	0
0.774	0	-5E-05
0.775	0	0
0.776	0	0
0.777	0.015	0
0.778	0	-5E-05
0.779	0	0
0.78	0	0
0.781	0	0
0.782	0.015	-5E-05
0.783	0	0
0.784	0.015	0
0.785	0	0
0.786	0.015	-5E-05
0.787	0.015	-5E-05
0.788	0.015	0
0.789	0.015	0
0.79	-0.015	-5E-05
0.791	0.015	-5E-05
0.792	0	0
0.793	0.015	0
0.794	0.015	0
0.795	0	-5E-05
0.796	0.015	0
0.797	0	-5E-05
0.798	0	0
0.799	-0.015	-5E-05
0.8	-0.015	0
0.801	0	0
0.802	0	0
0.803	0.015	-5E-05
0.804	0.015	0
0.805	0	0
0.806	-0.015	-5E-05
0.807	0	0
0.808	0	0
0.809	0	0
0.81	0	0
0.811	-0.015	-5E-05
0.812	0	-5E-05
0.813	0	0
0.814	0	-5E-05
0.815	0	0
0.816	-0.015	-5E-05
0.817	-0.015	0
0.818	0	-5E-05
0.819	0	0
0.82	0	-5E-05
0.821	0	0
0.822	-0.015	0
0.823	0	0
0.824	-0.015	0
0.825	-0.015	0
0.826	-0.015	0
0.827	0	0
0.828	-0.015	-5E-05
0.829	0	-5E-05
0.83	0	0
0.831	-0.015	-5E-05
0.832	0.015	5E-05
0.833	-0.015	-5E-05
0.834	-0.015	0
0.835	0	0
0.836	0	0
0.837	0.015	-5E-05
0.838	0	-5E-05
0.839	-0.03	0
0.84	-0.015	0
0.841	0	-5E-05
0.842	0	-5E-05
0.843	0	0
0.844	0	0
0.845	-0.015	0
0.846	0	0
0.847	0	0
0.848	0.015	-5E-05
0.849	0	0
0.85	0	-5E-05
0.851	0	0
0.852	0	0
0.853	0.03	-5E-05
0.854	0	0
0.855	0.015	0
0.856	0.015	-5E-05
0.857	0	0
0.858	0.015	0
0.859	0	0
0.86	0	0
0.861	0	0
0.862	0.015	-5E-05
0.863	0.015	0
0.864	0	0
0.865	0.015	-5E-05
0.866	0	0
0.867	0	-5E-05
0.868	0	0
0.869	0.015	0
0.87	0.03	0
0.871	0	0
0.872	0.015	0
0.873	0	0
0.874	0	-5E-05
0.875	0	0
0.876	0.015	0
0.877	0.015	0
0.878	0	-5E-05
0.879	0.015	-5E-05
0.88	0.015	0
0.881	0	-5E-05
0.882	0	0
0.883	0	0
0.884	0	-5E-05
0.885	-0.015	0
0.886	0.015	0
0.887	0	0
0.888	0	-5E-05
0.889	0	0
0.89	0	0
0.891	0	0
0.892	0	0
0.893	0	-5E-05
0.894	0.015	-5E-05
0.895	0	0
0.896	0	-5E-05
0.897	0	0
0.898	0	0
0.899	0	0
0.9	0	0
0.901	0	0
0.902	0	0
0.903	0	-5E-05
0.904	0	0
0.905	0	-5E-05
0.906	0	0
0.907	-0.015	0
0.908	0	0
0.909	0	0
0.91	0	-5E-05
0.911	0	0
0.912	0	0
0.913	0	-5E-05
0.914	0	-5E-05
0.915	0	0
0.916	0	0
0.917	0	0
0.918	-0.015	-5E-05
0.919	0	-5E-05
0.92	0	-5E-05
0.921	-0.015	-5E-05
0.922	0.015	-5E-05
0.923	-0.015	0
0.924	0	-5E-05
0.925	0	0
0.926	0	-5E-05
0.927	0	-5E-05
0.928	-0.015	0
0.929	0	0
0.93	0	-5E-05
0.931	0	-5E-05
0.932	0	0
0.933	0	-5E-05
0.934	0	0
0.935	0	-5E-05
0.936	0	0
0.937	0	-5E-05
0.938	0	0
0.939	0.015	0
0.94	0	0
0.941	0.015	-5E-05
0.942	0	0
0.943	0	0
0.944	0	-5E-05
0.945	0	5E-05
0.946	0.015	-5E-05
0.947	0	-5E-05
0.948	0.015	0
0.949	0	0
0.95	0	-5E-05
0.951	0	5E-05
0.952	0	-5E-05
0.953	0	0
0.954	0	0
0.955	0.015	0
0.956	0.03	-5E-05
0.957	0.045	0
0.958	0.06	0
0.959	0.105	0
0.96	0.15	-5E-05
0.961	0.165	0
0.962	0.225	5E-05
0.963	0.27	0.00015
0.964	0.315	0.00035
0.965	0.36	0.00045
0.966	0.405	0.0005
0.967	0.465	0.00055
0.968	0.51	0.00055
0.969	0.57	0.0006
0.97	0.63	0.00065
0.971	0.69	0.0006
0.972	0.765	0.00065
0.973	0.825	0.00065
0.974	0.885	0.00065
0.975	0.96	0.00065
0.976	1.02	0.0007
0.977	1.095	0.0007
0.978	1.155	0.0007
0.979	1.23	0.00075
0.98	1.32	0.00075
0.981	1.395	0.0008
0.982	1.47	0.0008
0.983	1.545	0.00085
0.984	1.635	0.0009
0.985	1.71	0.0009
0.986	1.815	0.00105
0.987	1.89	0.00115
0.988	1.995	0.00135
0.989	2.085	0.00165
0.99	2.175	0.00205
0.991	2.28	0.00255
0.992	2.37	0.00315
0.993	2.46	0.00385
0.994	2.55	0.00455
0.995	2.625	0.0053
0.996	2.73	0.0061
0.997	2.805	0.0062
0.998	2.91	0.00665
0.999	3	0.007
1	3.09	0.0074
1.001	3.195	0.00785
1.002	3.27	0.00825
1.003	3.375	0.00865
1.004	3.465	0.0091
1.005	3.57	0.0095
1.006	3.675	0.00995
1.007	3.75	0.0104
1.008	3.855	0.01085
1.009	3.96	0.0113
1.01	4.05	0.0117
1.011	4.155	0.0122
1.012	4.23	0.01265
1.013	4.365	0.0132
1.014	4.455	0.01365
1.015	4.575	0.01415
1.016	4.665	0.01465
1.017	4.785	0.01515
1.018	4.905	0.01565
1.019	5.025	0.0162
1.02	5.145	0.0168
1.021	5.265	0.01735
1.022	5.385	0.01795
1.023	5.52	0.0185
1.024	5.625	0.01905
1.025	5.76	0.01965
1.026	5.865	0.0202
1.027	6.015	0.02075
1.028	6.135	0.0213
1.029	6.27	0.0219
1.03	6.375	0.0225
1.031	6.51	0.023
1.032	6.645	0.02365
1.033	6.75	0.02425
1.034	6.885	0.0248
1.035	7.02	0.02545
1.036	7.155	0.0261
1.037	7.305	0.0267
1.038	7.425	0.02735
1.039	7.56	0.02805
1.04	7.71	0.02875
1.041	7.86	0.02945
1.042	8.01	0.0301
1.043	8.145	0.0308
1.044	8.325	0.0316
1.045	8.49	0.03235
1.046	8.64	0.03305
1.047	8.805	0.0337
1.048	8.955	0.0345
1.049	9.12	0.0353
1.05	9.285	0.03605
1.051	9.435	0.03445
1.052	9.615	0.03455
1.053	9.795	0.0346
1.054	9.99	0.0347
1.055	10.17	0.03475
1.056	10.38	0.03475
1.057	10.575	0.0348
1.058	10.77	0.0348
1.059	10.98	0.03485
1.06	11.175	0.03485
1.061	11.385	0.0349
1.062	11.58	0.0349
1.063	11.805	0.03495
1.064	12.015	0.03505
1.065	12.225	0.03505
1.066	12.45	0.03505
1.067	12.675	0.0351
1.068	12.9	0.03515
1.069	13.14	0.03515
1.07	13.365	0.03525
1.071	13.605	0.0353
1.072	13.83	0.0353
1.073	14.1	0.03535
1.074	14.325	0.03535
1.075	14.58	0.0355
1.076	14.835	0.0355
1.077	15.09	0.0355
1.078	15.375	0.03555
1.079	15.63	0.0356
1.08	15.885	0.0357
1.081	16.035	0.03385
1.082	16.095	0.0335
1.083	16.14	0.0333
1.084	16.14	0.0332
1.085	16.155	0.0331
1.086	16.17	0.03305
1.087	16.17	0.03305
1.088	16.17	0.03305
1.089	16.17	0.03295
1.09	16.185	0.03305
1.091	16.185	0.03305
1.092	16.17	0.033
1.093	16.17	0.033
1.094	16.17	0.03295
1.095	16.17	0.033
1.096	16.185	0.03295
1.097	16.17	0.03305
1.098	16.185	0.03305
1.099	16.2	0.033
1.1	16.185	0.03295
1.101	16.2	0.03305
1.102	16.185	0.03305
1.103	16.185	0.033
1.104	16.17	0.03295
1.105	16.185	0.033
1.106	16.185	0.03305
1.107	16.17	0.03295
1.108	16.185	0.033
1.109	16.185	0.033
1.11	16.185	0.033
1.111	16.185	0.03295
1.112	16.185	0.033
1.113	16.17	0.03295
1.114	16.185	0.03305
1.115	16.185	0.03295
1.116	16.185	0.03305
1.117	16.17	0.03295
1.118	16.185	0.03305
1.119	16.17	0.03295
1.12	16.2	0.033
1.121	16.185	0.033
1.122	16.185	0.033
1.123	16.185	0.0329
1.124	16.17	0.0329
1.125	16.185	0.03295
1.126	16.185	0.0329
1.127	16.17	0.033
1.128	16.185	0.033
1.129	16.185	0.033
1.13	16.185	0.033
1.131	16.185	0.0329
1.132	16.185	0.033
1.133	16.185	0.0329
1.134	16.185	0.03295
1.135	16.185	0.033
1.136	16.185	0.033
1.137	16.185	0.03295
1.138	16.185	0.033
1.139	16.17	0.033
1.14	16.185	0.033
1.141	16.185	0.033
1.142	16.185	0.03295
1.143	16.185	0.03295
1.144	16.185	0.03295
1.145	16.185	0.03295
1.146	16.17	0.033
1.147	16.155	0.03295
1.148	16.185	0.03305
1.149	16.17	0.033
1.15	16.185	0.03295
1.151	16.17	0.0329
1.152	16.185	0.033
1.153	16.185	0.03295
1.154	16.185	0.033
1.155	16.185	0.03295
1.156	16.17	0.0329
1.157	16.17	0.033
1.158	16.17	0.03295
1.159	16.17	0.03295
1.16	16.185	0.03305
1.161	16.17	0.033
1.162	16.17	0.033
1.163	16.17	0.033
1.164	16.17	0.0329
1.165	16.185	0.033
1.166	16.185	0.03295
1.167	16.185	0.03295
1.168	16.17	0.03295
1.169	16.17	0.03295
1.17	16.185	0.03305
1.171	16.17	0.03295
1.172	16.185	0.0329
1.173	16.17	0.03295
1.174	16.17	0.03295
1.175	16.185	0.033
1.176	16.17	0.033
1.177	16.185	0.03295
1.178	16.17	0.03295
1.179	16.185	0.0329
1.18	16.17	0.03295
1.181	16.17	0.03295
1.182	16.17	0.033
1.183	16.17	0.033
1.184	16.17	0.0329
1.185	16.185	0.03295
1.186	16.17	0.033
1.187	16.185	0.033
1.188	16.185	0.03295
1.189	16.17	0.0329
1.19	16.185	0.033
1.191	16.17	0.033
1.192	16.185	0.033
1.193	16.185	0.03295
1.194	16.185	0.03295
1.195	16.185	0.033
1.196	16.17	0.033
1.197	16.185	0.03295
1.198	16.185	0.03295
1.199	16.185	0.03295
1.2	16.185	0.033
1.201	16.185	0.03295
1.202	16.185	0.033
1.203	16.185	0.033
1.204	16.185	0.033
1.205	16.185	0.03295
1.206	16.185	0.033
1.207	16.185	0.033
1.208	16.185	0.03295
1.209	16.2	0.03295
1.21	16.185	0.03295
1.211	16.185	0.033
1.212	16.185	0.03295
1.213	16.185	0.03295
1.214	16.185	0.03295
1.215	16.185	0.033
1.216	16.185	0.033
1.217	16.185	0.033
1.218	16.185	0.033
1.219	16.185	0.03295
1.22	16.185	0.033
1.221	16.185	0.033
1.222	16.185	0.033
1.223	16.185	0.03295
1.224	16.185	0.033
1.225	16.185	0.03295
1.226	16.185	0.03295
1.227	16.185	0.033
1.228	16.185	0.033
1.229	16.2	0.033
1.23	16.185	0.03295
1.231	16.17	0.03295
1.232	16.185	0.03295
1.233	16.17	0.03295
1.234	16.185	0.03305
1.235	16.185	0.03295
1.236	16.185	0.033
1.237	16.185	0.033
1.238	16.185	0.033
1.239	16.2	0.033
1.24	16.185	0.0329
1.241	16.185	0.0329
1.242	16.185	0.033
1.243	16.17	0.033
1.244	16.2	0.03295
1.245	16.17	0.033
1.246	16.17	0.03295
1.247	16.185	0.03305
1.248	16.17	0.03305
1.249	16.185	0.033
1.25	16.185	0.033
1.251	16.185	0.03295
1.252	16.185	0.033
1.253	16.17	0.033
1.254	16.185	0.033
1.255	16.17	0.03295
1.256	16.185	0.033
1.257	16.17	0.0329
1.258	16.17	0.03305
1.259	16.185	0.033
1.26	16.17	0.03295
1.261	16.185	0.03295
1.262	16.185	0.0329
1.263	16.185	0.033
1.264	16.17	0.033
1.265	16.17	0.03295
1.266	16.185	0.033
1.267	16.185	0.033
1.268	16.17	0.03295
1.269	16.185	0.033
1.27	16.17	0.03305
1.271	16.185	0.033
1.272	16.185	0.03295
1.273	16.185	0.03295
1.274	16.185	0.03295
1.275	16.185	0.03295
1.276	16.185	0.033
1.277	16.185	0.033
1.278	16.185	0.03295
1.279	16.185	0.033
1.28	16.17	0.033
1.281	16.185	0.03295
1.282	16.185	0.03305
1.283	16.185	0.03295
1.284	16.185	0.0329
1.285	16.17	0.033
1.286	16.185	0.03295
1.287	16.185	0.03295
1.288	16.185	0.03295
1.289	16.185	0.033
1.29	16.185	0.033
1.291	16.185	0.03305
1.292	16.185	0.033
1.293	16.185	0.033
1.294	16.185	0.03295
1.295	16.185	0.033
1.296	16.2	0.03305
1.297	16.17	0.03295
1.298	16.2	0.033
1.299	16.17	0.033
1.3	16.185	0.033
1.301	16.185	0.033
1.302	16.17	0.033
1.303	16.185	0.03295
1.304	16.185	0.03295
1.305	16.185	0.03295
1.306	16.185	0.033
1.307	16.17	0.03295
1.308	16.185	0.033
1.309	16.17	0.03295
1.31	16.17	0.033
1.311	16.185	0.033
1.312	16.185	0.033
1.313	16.185	0.033
1.314	16.185	0.033
1.315	16.185	0.033
1.316	16.185	0.03295
1.317	16.185	0.033
1.318	16.185	0.03295
1.319	16.185	0.03295
1.32	16.17	0.033
1.321	16.185	0.033
1.322	16.185	0.03295
1.323	16.185	0.03295
1.324	16.185	0.033
1.325	16.185	0.03295
1.326	16.185	0.03295
1.327	16.185	0.03295
1.328	16.185	0.033
1.329	16.17	0.03295
1.33	16.185	0.03295
1.331	16.17	0.033
1.332	16.17	0.03295
1.333	16.185	0.0329
1.334	16.17	0.033
1.335	16.185	0.033
1.336	16.185	0.03305
1.337	16.17	0.033
1.338	16.185	0.03295
1.339	16.185	0.033
1.34	16.17	0.033
1.341	16.185	0.033
1.342	16.17	0.033
1.343	16.185	0.033
1.344	16.17	0.03295
1.345	16.17	0.033
1.346	16.185	0.03295
1.347	16.185	0.0329
1.348	16.2	0.033
1.349	16.185	0.03285
1.35	16.185	0.033
1.351	16.185	0.03295
1.352	16.17	0.033
1.353	16.185	0.03295
1.354	16.17	0.03295
1.355	16.185	0.033
1.356	16.17	0.033
1.357	16.17	0.033
1.358	16.185	0.03295
1.359	16.17	0.033
1.36	16.185	0.033
1.361	16.17	0.033
1.362	16.185	0.03295
1.363	16.185	0.03295
1.364	16.17	0.03295
1.365	16.17	0.03295
1.366	16.185	0.033
1.367	16.17	0.03295
1.368	16.185	0.033
1.369	16.185	0.033
1.37	16.185	0.033
1.371	16.17	0.03295
1.372	16.17	0.033
1.373	16.17	0.033
1.374	16.17	0.03295
1.375	16.17	0.03295
1.376	16.17	0.033
1.377	16.185	0.03305
1.378	16.17	0.033
1.379	16.17	0.03295
1.38	16.185	0.033
1.381	16.185	0.0329
1.382	16.185	0.03295
1.383	16.17	0.03295
1.384	16.17	0.03295
1.385	16.185	0.03295
1.386	16.17	0.03295
1.387	16.17	0.0329
1.388	16.17	0.03305
1.389	16.17	0.033
1.39	16.185	0.03295
1.391	16.185	0.03295
1.392	16.185	0.03295
1.393	16.185	0.03295
1.394	16.185	0.03305
1.395	16.17	0.033
1.396	16.17	0.03295
1.397	16.17	0.03295
1.398	16.17	0.033
1.399	16.17	0.03295
1.4	16.185	0.0329
1.401	16.17	0.03295
1.402	16.185	0.033
1.403	16.17	0.0329
1.404	16.185	0.0329
1.405	16.185	0.033
1.406	16.17	0.03305
1.407	16.17	0.03295
1.408	16.17	0.03295
1.409	16.185	0.0329
1.41	16.17	0.033
1.411	16.17	0.03305
1.412	16.185	0.03295
1.413	16.17	0.033
1.414	16.185	0.033
1.415	16.185	0.033
1.416	16.17	0.033
1.417	16.185	0.033
1.418	16.185	0.0329
1.419	16.185	0.03295
1.42	16.17	0.033
1.421	16.185	0.03295
1.422	16.185	0.033
1.423	16.185	0.03295
1.424	16.185	0.03305
1.425	16.185	0.033
1.426	16.185	0.033
1.427	16.2	0.03295
1.428	16.185	0.03295
1.429	16.185	0.033
1.43	16.185	0.0329
1.431	16.185	0.033
1.432	16.185	0.033
1.433	16.17	0.03295
1.434	16.185	0.03295
1.435	16.185	0.03295
1.436	16.185	0.033
1.437	16.185	0.03295
1.438	16.185	0.0329
1.439	16.185	0.03295
1.44	16.185	0.03295
1.441	16.185	0.0329
1.442	16.185	0.0329
1.443	16.185	0.033
1.444	16.185	0.033
1.445	16.185	0.03295
1.446	16.185	0.033
1.447	16.185	0.03295
1.448	16.17	0.03295
1.449	16.185	0.033
1.45	16.185	0.03295
1.451	16.185	0.033
1.452	16.185	0.03295
1.453	16.17	0.033
1.454	16.185	0.03295
1.455	16.2	0.033
1.456	16.185	0.033
1.457	16.2	0.033
1.458	16.17	0.0329
1.459	16.185	0.0329
1.46	16.185	0.03295
1.461	16.185	0.03295
1.462	16.185	0.03295
1.463	16.185	0.033
1.464	16.2	0.03295
1.465	16.17	0.03295
1.466	16.185	0.03295
1.467	16.185	0.033
1.468	16.185	0.033
1.469	16.2	0.0329
1.47	16.17	0.033
1.471	16.185	0.033
1.472	16.185	0.03305
1.473	16.185	0.03295
1.474	16.185	0.03295
1.475	16.17	0.033
1.476	16.185	0.03295
1.477	16.185	0.03295
1.478	16.185	0.0329
1.479	16.185	0.03295
1.48	16.17	0.03295
1.481	16.2	0.03295
1.482	16.17	0.03295
1.483	16.17	0.03295
1.484	16.17	0.03295
1.485	16.17	0.03295
1.486	16.185	0.03305
1.487	16.185	0.03295
1.488	16.17	0.033
1.489	16.185	0.03295
1.49	16.185	0.033
1.491	16.17	0.03295
1.492	16.17	0.03305
1.493	16.17	0.03295
1.494	16.185	0.0329
1.495	16.17	0.03295
1.496	16.17	0.03295
1.497	16.185	0.03295
1.498	16.185	0.0329
1.499	16.2	0.033
1.5	16.185	0.0329
1.501	16.185	0.03295
1.502	16.17	0.03295
1.503	16.17	0.0329
1.504	16.17	0.033
1.505	16.17	0.03295
1.506	16.185	0.033
1.507	16.17	0.033
1.508	16.185	0.03295
1.509	16.185	0.03305
1.51	16.185	0.03295
1.511	16.185	0.0329
1.512	16.17	0.03285
1.513	16.185	0.0329
1.514	16.185	0.03295
1.515	16.185	0.03295
1.516	16.185	0.033
1.517	16.17	0.033
1.518	16.185	0.033
1.519	16.185	0.03305
1.52	16.17	0.03295
1.521	16.185	0.03305
1.522	16.185	0.03295
1.523	16.185	0.033
1.524	16.185	0.0329
1.525	16.185	0.03295
1.526	16.17	0.03305
1.527	16.17	0.0329
1.528	16.185	0.03295
1.529	16.185	0.0329
1.53	16.185	0.03295
1.531	16.185	0.03295
1.532	16.185	0.03295
1.533	16.185	0.03295
1.534	16.17	0.033
1.535	16.2	0.033
1.536	16.185	0.033
1.537	16.185	0.033
1.538	16.185	0.033
1.539	16.185	0.033
1.54	16.17	0.033
1.541	16.185	0.03295
1.542	16.185	0.033
1.543	16.185	0.033
1.544	16.185	0.03295
1.545	16.185	0.03295
1.546	16.185	0.03295
1.547	16.17	0.03295
1.548	16.185	0.033
1.549	16.185	0.03295
1.55	16.17	0.03295
1.551	16.185	0.03295
1.552	16.185	0.03295
1.553	16.185	0.03295
1.554	16.17	0.03295
1.555	16.185	0.03295
1.556	16.17	0.03305
1.557	16.17	0.03295
1.558	16.17	0.03295
1.559	16.17	0.03295
1.56	16.185	0.03295
1.561	16.185	0.03305
1.562	16.185	0.03295
1.563	16.185	0.03295
1.564	16.185	0.0329
1.565	16.185	0.033
1.566	16.185	0.033
1.567	16.185	0.03295
1.568	16.185	0.033
1.569	16.185	0.03295
1.57	16.185	0.033
1.571	16.17	0.03295
1.572	16.17	0.03295
1.573	16.185	0.033
1.574	16.185	0.03295
1.575	16.185	0.03295
1.576	16.185	0.03295
1.577	16.17	0.033
1.578	16.2	0.033
1.579	16.17	0.03295
1.58	16.185	0.0329
1.581	16.17	0.0329
1.582	16.17	0.033
1.583	16.185	0.033
1.584	16.17	0.0329
1.585	16.185	0.03295
1.586	16.185	0.033
1.587	16.185	0.0329
1.588	16.185	0.03295
1.589	16.17	0.03295
1.59	16.17	0.033
1.591	16.17	0.0329
1.592	16.17	0.03295
1.593	16.17	0.033
1.594	16.17	0.033
1.595	16.185	0.033
1.596	16.185	0.03295
1.597	16.17	0.03295
1.598	16.185	0.033
1.599	16.17	0.033
1.6	16.17	0.033
1.601	16.17	0.033
1.602	16.17	0.03295
1.603	16.185	0.03295
1.604	16.17	0.03295
1.605	16.185	0.033
1.606	16.17	0.03295
1.607	16.185	0.03295
1.608	16.185	0.03295
1.609	16.17	0.03295
1.61	16.185	0.0329
1.611	16.17	0.03295
1.612	16.185	
1.613	16.185	
1.614	16.185	
1.615	16.185	
1.616	16.185	
1.617	16.185	
1.618	16.185	
1.619	16.2	
1.62	16.185	
