MIN=0	-0.3	-0.1
MAX=2.26274169979695	0.3	0.1
SCALE=0.1	0.1	0.05
DEC=3	4	4
DEF="Time" t / s	"Voltage" U_B1 / V	"Current" I_A1 / A
0	-0.00075	0
0.001	-0.00015	0
0.002	0	-5E-05
0.003	-0.00075	0
0.004	-0.00045	-5E-05
0.005	-0.00075	-5E-05
0.006	-0.0006	-5E-05
0.007	-0.00105	-5E-05
0.008	-0.0012	-5E-05
0.009	-0.0006	0
0.01	-0.00105	0
0.011	-0.00075	0
0.012	-0.00015	0
0.013	-0.0009	0
0.014	-0.00075	0
0.015	0.00015	-5E-05
0.016	-0.00075	0
0.017	0	-5E-05
0.018	-0.0003	0
0.019	-0.0003	0
0.02	-0.0003	-5E-05
0.021	-0.0003	0
0.022	-0.00015	0
0.023	-0.0003	0
0.024	-0.00015	0
0.025	-0.00045	-5E-05
0.026	-0.0006	0
0.027	-0.0009	-5E-05
0.028	-0.00075	0
0.029	-0.0006	0
0.03	-0.0003	-5E-05
0.031	-0.00075	0
0.032	0.00045	0
0.033	-0.00015	0
0.034	-0.00105	0
0.035	0	0
0.036	-0.00075	0
0.037	-0.0006	-5E-05
0.038	-0.00045	-5E-05
0.039	-0.0006	0
0.04	-0.0003	0
0.041	0	0
0.042	-0.00105	0
0.043	-0.0003	-5E-05
0.044	-0.0006	0
0.045	-0.0012	0
0.046	-0.00045	0
0.047	-0.0006	-5E-05
0.048	-0.00075	-5E-05
0.049	-0.0009	0
0.05	-0.00015	0
0.051	-0.0006	0
0.052	-0.0003	0
0.053	-0.0003	0
0.054	-0.0003	0
0.055	-0.00045	0
0.056	-0.00075	0
0.057	-0.00135	0
0.058	-0.00045	0
0.059	-0.0009	0
0.06	-0.00165	-5E-05
0.061	-0.0006	0
0.062	-0.00105	0
0.063	-0.00075	0
0.064	-0.00075	-5E-05
0.065	-0.0009	-5E-05
0.066	-0.0006	0
0.067	-0.00075	0
0.068	-0.0003	0
0.069	-0.0006	0
0.07	-0.0006	-5E-05
0.071	-0.00045	0
0.072	-0.0006	-5E-05
0.073	-0.0012	-5E-05
0.074	-0.00075	-5E-05
0.075	-0.0009	0
0.076	-0.00075	0
0.077	-0.00075	-5E-05
0.078	-0.00105	-5E-05
0.079	-0.0003	0
0.08	-0.00075	0
0.081	-0.0009	0
0.082	-0.0006	-5E-05
0.083	-0.0009	-5E-05
0.084	-0.00045	0
0.085	-0.00015	-5E-05
0.086	-0.00075	0
0.087	-0.0006	-5E-05
0.088	-0.0009	0
0.089	-0.0006	0
0.09	-0.0009	-5E-05
0.091	-0.0012	0
0.092	-0.0006	-5E-05
0.093	-0.0012	-5E-05
0.094	-0.0009	-5E-05
0.095	-0.0012	-5E-05
0.096	-0.00105	-5E-05
0.097	-0.00105	0
0.098	-0.00105	0
0.099	-0.00135	0
0.1	-0.00075	-5E-05
0.101	-0.0006	0
0.102	-0.0006	0
0.103	-0.0003	-5E-05
0.104	-0.00075	-5E-05
0.105	-0.00045	-5E-05
0.106	-0.0012	0
0.107	-0.0009	0
0.108	-0.0006	0
0.109	-0.00105	0
0.11	-0.00105	0
0.111	-0.00105	0
0.112	-0.00105	0
0.113	-0.0003	0
0.114	-0.00105	-5E-05
0.115	-0.0012	-5E-05
0.116	-0.00075	-5E-05
0.117	-0.0003	0
0.118	-0.0003	-5E-05
0.119	-0.0009	5E-05
0.12	-0.00075	-5E-05
0.121	-0.00015	0
0.122	-0.00075	-5E-05
0.123	-0.00045	0
0.124	-0.0009	0
0.125	-0.0009	-5E-05
0.126	-0.0003	0
0.127	-0.00105	-5E-05
0.128	-0.00075	0
0.129	-0.0009	0
0.13	-0.00015	-5E-05
0.131	-0.00015	0
0.132	-0.0009	0
0.133	-0.00015	0
0.134	-0.00015	0
0.135	-0.00045	0
0.136	-0.00045	0
0.137	-0.0006	0
0.138	-0.00015	0
0.139	0.0006	0
0.14	-0.00075	-5E-05
0.141	-0.0009	0
0.142	-0.00075	0
0.143	-0.00045	0
0.144	0.00015	0
0.145	-0.00075	0
0.146	-0.0009	0
0.147	-0.00015	-5E-05
0.148	-0.0003	-5E-05
0.149	0	0
0.15	-0.00015	-5E-05
0.151	-0.00015	0
0.152	0.0003	0
0.153	-0.00015	0
0.154	0.00015	0
0.155	0	0
0.156	-0.0003	0
0.157	0.00015	0
0.158	-0.00045	0
0.159	-0.0003	0
0.16	-0.0003	-5E-05
0.161	-0.0003	0
0.162	0.00015	-5E-05
0.163	-0.00015	5E-05
0.164	0	0
0.165	0.00015	0
0.166	-0.00015	0
0.167	0.00015	0
0.168	0.00015	0
0.169	0.00015	0
0.17	0.00015	-5E-05
0.171	-0.00015	0
0.172	0.0006	0
0.173	0.00045	0
0.174	-0.00045	0
0.175	0	0
0.176	-0.00045	0
0.177	-0.00045	0
0.178	-0.00015	0
0.179	-0.00015	0
0.18	0.0003	0
0.181	0.0003	0
0.182	0.00015	-5E-05
0.183	0.00015	0
0.184	-0.0003	0
0.185	0.00045	0
0.186	0.0003	-5E-05
0.187	-0.00045	0
0.188	0.00015	0
0.189	0.0003	-5E-05
0.19	0	0
0.191	-0.0006	-5E-05
0.192	-0.0003	0
0.193	-0.00015	-5E-05
0.194	-0.00015	-5E-05
0.195	-0.00045	-5E-05
0.196	-0.0006	0
0.197	-0.00045	0
0.198	0	0
0.199	-0.0003	0
0.2	-0.00015	-5E-05
0.201	0.0003	0
0.202	-0.00015	-5E-05
0.203	0	0
0.204	0	-5E-05
0.205	-0.0006	0
0.206	-0.00075	-5E-05
0.207	-0.00045	0
0.208	-0.00075	0
0.209	-0.00015	-5E-05
0.21	-0.00075	0
0.211	-0.00015	0
0.212	-0.00045	0
0.213	-0.00045	0
0.214	-0.00015	-5E-05
0.215	-0.00075	0
0.216	0	-5E-05
0.217	-0.00015	-5E-05
0.218	-0.00015	0
0.219	-0.00015	-5E-05
0.22	-0.00015	0
0.221	-0.00015	0
0.222	0	-5E-05
0.223	-0.0006	0
0.224	-0.0003	-5E-05
0.225	-0.0006	0
0.226	-0.0009	0
0.227	-0.00045	-5E-05
0.228	-0.0009	0
0.229	-0.00075	0
0.23	-0.00045	0
0.231	-0.0003	0
0.232	0	0
0.233	-0.00045	0
0.234	-0.00015	-5E-05
0.235	0	0
0.236	-0.00045	0
0.237	-0.0003	-5E-05
0.238	-0.0006	0
0.239	-0.00045	0
0.24	0.00015	5E-05
0.241	-0.00045	0
0.242	-0.00015	0
0.243	-0.00075	0
0.244	-0.0003	0
0.245	-0.00075	0
0.246	-0.0009	-5E-05
0.247	-0.00075	0
0.248	-0.00015	0
0.249	-0.0003	0
0.25	0	0
0.251	-0.0003	0
0.252	0	0
0.253	0.00015	-5E-05
0.254	-0.00045	-5E-05
0.255	-0.00015	-5E-05
0.256	-0.00045	0
0.257	-0.0003	0
0.258	-0.0003	0
0.259	-0.00075	-5E-05
0.26	-0.0006	-5E-05
0.261	-0.0006	0
0.262	-0.00045	0
0.263	-0.0003	-5E-05
0.264	-0.00075	-5E-05
0.265	-0.0003	0
0.266	-0.00015	-5E-05
0.267	-0.0006	-5E-05
0.268	0.00015	0
0.269	0	0
0.27	-0.0003	0
0.271	0	0
0.272	-0.00015	0
0.273	0.0003	0
0.274	-0.00045	-5E-05
0.275	-0.00075	0
0.276	-0.0006	0
0.277	-0.0009	-5E-05
0.278	-0.00045	0
0.279	-0.0003	0
0.28	-0.0009	0
0.281	0	-5E-05
0.282	-0.0003	-5E-05
0.283	-0.00045	0
0.284	0	0
0.285	-0.00045	0
0.286	0	0
0.287	-0.00045	0
0.288	-0.00045	0
0.289	-0.00045	-5E-05
0.29	-0.0003	0
0.291	-0.00045	0
0.292	-0.00045	0
0.293	-0.00075	-5E-05
0.294	-0.0003	-5E-05
0.295	-0.00075	0
0.296	-0.00075	-5E-05
0.297	-0.00075	0
0.298	-0.0009	0
0.299	-0.00015	-5E-05
0.3	-0.0003	0
0.301	-0.00045	0
0.302	0.00015	0
0.303	-0.00045	-5E-05
0.304	-0.00015	0
0.305	-0.00075	0
0.306	-0.00075	-5E-05
0.307	-0.0003	0
0.308	-0.00075	0
0.309	-0.0009	-5E-05
0.31	-0.00075	0
0.311	-0.00105	-5E-05
0.312	-0.0003	-5E-05
0.313	-0.00045	0
0.314	-0.0009	0
0.315	-0.00105	0
0.316	-0.00105	0
0.317	-0.0006	0
0.318	-0.00015	0
0.319	-0.00045	-5E-05
0.32	-0.0003	0
0.321	-0.0009	-5E-05
0.322	-0.00045	-5E-05
0.323	-0.0003	-5E-05
0.324	-0.00105	-5E-05
0.325	-0.00075	0
0.326	-0.00165	-5E-05
0.327	-0.0012	0
0.328	-0.00075	-5E-05
0.329	-0.0009	0
0.33	-0.00075	0
0.331	-0.0006	0
0.332	-0.00105	-5E-05
0.333	-0.00075	-5E-05
0.334	-0.0006	-5E-05
0.335	-0.00075	0
0.336	-0.0006	0
0.337	-0.0009	0
0.338	-0.0006	0
0.339	-0.00075	0
0.34	-0.0012	0
0.341	-0.0009	0
0.342	-0.00075	-5E-05
0.343	-0.0009	-5E-05
0.344	-0.0012	-5E-05
0.345	-0.00105	0
0.346	-0.0006	0
0.347	-0.00075	-5E-05
0.348	-0.00045	0
0.349	-0.00075	-5E-05
0.35	-0.0009	0
0.351	-0.00045	0
0.352	-0.00015	0
0.353	-0.0003	0
0.354	-0.0006	-5E-05
0.355	-0.00165	0
0.356	-0.00015	-5E-05
0.357	-0.00015	-5E-05
0.358	-0.00075	0
0.359	-0.00045	0
0.36	-0.00105	-5E-05
0.361	-0.00075	0
0.362	-0.00015	0
0.363	-0.00045	0
0.364	-0.00015	0
0.365	-0.0006	0
0.366	-0.00045	0
0.367	-0.0003	0
0.368	0	0
0.369	0.00015	-5E-05
0.37	-0.00015	0
0.371	-0.00075	0
0.372	0.0003	0
0.373	-0.00015	0
0.374	0.00015	-5E-05
0.375	-0.0003	0
0.376	-0.00135	0
0.377	-0.00015	0
0.378	-0.00075	-5E-05
0.379	-0.0003	0
0.38	-0.00015	0
0.381	-0.00045	5E-05
0.382	0.0003	0
0.383	0	0
0.384	0.00015	0
0.385	0.00015	-5E-05
0.386	-0.00045	0
0.387	-0.0003	-5E-05
0.388	-0.00015	0
0.389	-0.0003	0
0.39	-0.00015	-5E-05
0.391	-0.00075	0
0.392	-0.0006	0
0.393	-0.00045	0
0.394	-0.0006	0
0.395	-0.00045	0
0.396	-0.0006	0
0.397	-0.00015	0
0.398	-0.0006	0
0.399	-0.0006	-5E-05
0.4	0	-5E-05
0.401	-0.0003	0
0.402	0	0
0.403	0.00015	0
0.404	-0.00045	-5E-05
0.405	-0.00045	-5E-05
0.406	-0.00075	0
0.407	-0.0009	-5E-05
0.408	-0.00015	-5E-05
0.409	-0.00105	0
0.41	-0.00075	-5E-05
0.411	-0.00045	0
0.412	-0.00075	0
0.413	0	-5E-05
0.414	-0.00075	0
0.415	-0.00045	0
0.416	-0.00045	0
0.417	-0.0003	-5E-05
0.418	0.00015	0
0.419	-0.0003	0
0.42	-0.00045	0
0.421	-0.00045	0
0.422	-0.00045	-5E-05
0.423	-0.00015	0
0.424	-0.00015	0
0.425	-0.0006	0
0.426	-0.0006	0
0.427	-0.0006	0
0.428	-0.00105	0
0.429	-0.0003	0
0.43	-0.00135	-5E-05
0.431	0	0
0.432	-0.0003	0
0.433	-0.0003	0
0.434	0	0
0.435	-0.00045	-5E-05
0.436	-0.00015	0
0.437	0	-5E-05
0.438	-0.0006	0
0.439	0.00015	0
0.44	0	-5E-05
0.441	-0.0006	0
0.442	-0.00045	0
0.443	-0.0006	0
0.444	-0.00045	0
0.445	-0.0003	0
0.446	-0.0003	0
0.447	-0.00015	0
0.448	-0.0006	-5E-05
0.449	-0.00015	0
0.45	-0.0003	0
0.451	0	0
0.452	0.00045	0
0.453	-0.00015	0
0.454	0.0003	0
0.455	0	0
0.456	-0.00045	0
0.457	-0.00015	0
0.458	-0.00015	0
0.459	-0.0009	0
0.46	0.00015	0
0.461	-0.0003	-5E-05
0.462	-0.0006	0
0.463	0.00015	-5E-05
0.464	0	0
0.465	0.0006	0
0.466	0	0
0.467	-0.00015	0
0.468	0	0
0.469	-0.00015	0
0.47	0.0003	-5E-05
0.471	0.00015	0
0.472	0.00045	0
0.473	0.00015	0
0.474	-0.00015	0
0.475	0.0003	0
0.476	0	0
0.477	-0.00045	0
0.478	-0.00045	0
0.479	-0.0003	0
0.48	-0.00045	0
0.481	-0.00015	0
0.482	0.0006	0
0.483	0.0009	0
0.484	0.00015	0
0.485	0	0
0.486	0.00045	0
0.487	0	0
0.488	0.0003	-5E-05
0.489	0	0
0.49	0	0
0.491	0.0006	0
0.492	-0.0003	-5E-05
0.493	0.00015	5E-05
0.494	-0.0003	0
0.495	-0.0003	0
0.496	0.0003	-5E-05
0.497	-0.00045	0
0.498	0.0003	0
0.499	0.00015	0
0.5	-0.0003	0
0.501	-0.00015	-5E-05
0.502	0.00015	0
0.503	0.00045	0
0.504	0.00045	0
0.505	-0.00075	0
0.506	-0.00015	-5E-05
0.507	0.00015	0
0.508	-0.00015	0
0.509	-0.0003	0
0.51	-0.00075	0
0.511	-0.0003	-5E-05
0.512	0.0006	0
0.513	0	0
0.514	0.00015	-5E-05
0.515	0.00015	0
0.516	0	0
0.517	0	0
0.518	-0.00075	0
0.519	-0.0003	0
0.52	-0.00015	0
0.521	-0.00015	0
0.522	-0.00015	0
0.523	-0.00045	0
0.524	0	0
0.525	0.00015	0
0.526	-0.00105	-5E-05
0.527	-0.0009	-5E-05
0.528	-0.00105	0
0.529	-0.0003	0
0.53	-0.0003	0
0.531	-0.0009	0
0.532	-0.00105	0
0.533	0	0
0.534	-0.0003	0
0.535	-0.00015	-5E-05
0.536	-0.0012	-5E-05
0.537	-0.00105	-5E-05
0.538	-0.0003	0
0.539	-0.00075	-5E-05
0.54	-0.0006	0
0.541	-0.00105	0
0.542	-0.00045	-5E-05
0.543	-0.00075	0
0.544	-0.00105	-5E-05
0.545	-0.00045	-5E-05
0.546	-0.0006	0
0.547	-0.00045	-5E-05
0.548	-0.0012	0
0.549	-0.0009	-5E-05
0.55	-0.0006	-5E-05
0.551	0.00015	0
0.552	-0.00075	0
0.553	-0.0012	-5E-05
0.554	-0.0009	0
0.555	-0.0003	-5E-05
0.556	-0.00045	0
0.557	-0.00075	0
0.558	-0.0003	-5E-05
0.559	-0.0009	0
0.56	-0.00075	-5E-05
0.561	-0.0009	0
0.562	-0.0012	-5E-05
0.563	-0.00105	0
0.564	-0.00075	0
0.565	-0.0006	-5E-05
0.566	-0.0003	0
0.567	-0.00045	-5E-05
0.568	-0.0006	-5E-05
0.569	-0.00045	0
0.57	-0.0003	0
0.571	-0.00045	-5E-05
0.572	-0.00045	0
0.573	-0.00045	0
0.574	-0.0009	5E-05
0.575	-0.0006	-5E-05
0.576	-0.0003	0
0.577	-0.0009	0
0.578	-0.0006	0
0.579	-0.00045	-5E-05
0.58	-0.00135	-5E-05
0.581	-0.00015	0
0.582	-0.0006	0
0.583	-0.00075	0
0.584	-0.0003	-5E-05
0.585	-0.00015	0
0.586	-0.00075	0
0.587	-0.00045	-5E-05
0.588	-0.0006	0
0.589	0.00015	0
0.59	-0.00045	-5E-05
0.591	-0.0009	-5E-05
0.592	-0.00075	-5E-05
0.593	-0.0006	-5E-05
0.594	-0.0006	0
0.595	-0.0012	0
0.596	-0.00045	0
0.597	-0.00045	-5E-05
0.598	-0.0009	0
0.599	-0.00045	0
0.6	0	0
0.601	-0.00045	0
0.602	0	-5E-05
0.603	-0.00015	-5E-05
0.604	-0.0006	0
0.605	-0.00075	0
0.606	-0.0003	-5E-05
0.607	-0.00015	0
0.608	-0.0009	-5E-05
0.609	-0.00105	0
0.61	-0.00045	0
0.611	-0.0006	0
0.612	-0.0009	0
0.613	-0.00015	0
0.614	-0.0006	-5E-05
0.615	-0.0003	-5E-05
0.616	0	-5E-05
0.617	-0.00015	0
0.618	-0.00015	-5E-05
0.619	-0.0006	-5E-05
0.62	-0.0006	0
0.621	-0.0006	0
0.622	0.00045	0
0.623	-0.00045	0
0.624	-0.00075	0
0.625	-0.0006	0
0.626	-0.0009	0
0.627	-0.00105	0
0.628	-0.0006	-5E-05
0.629	-0.0009	-5E-05
0.63	-0.00075	0
0.631	-0.00015	-5E-05
0.632	-0.0006	0
0.633	-0.0003	0
0.634	-0.0006	-5E-05
0.635	-0.00045	0
0.636	-0.0003	0
0.637	0	0
0.638	0.00015	0
0.639	-0.00045	0
0.64	-0.0009	0
0.641	-0.0006	-5E-05
0.642	-0.00045	5E-05
0.643	-0.00075	0
0.644	-0.0009	0
0.645	-0.0009	0
0.646	-0.0006	0
0.647	-0.00135	0
0.648	-0.0009	0
0.649	-0.0003	0
0.65	-0.0009	0
0.651	-0.0003	0
0.652	0	0
0.653	-0.00045	0
0.654	0.00015	-5E-05
0.655	-0.00105	0
0.656	-0.0006	0
0.657	-0.00135	-5E-05
0.658	-0.00045	-5E-05
0.659	-0.00045	0
0.66	-0.00105	0
0.661	-0.0006	-5E-05
0.662	-0.00045	-5E-05
0.663	-0.0006	-5E-05
0.664	0.0003	0
0.665	-0.00015	0
0.666	-0.00075	0
0.667	-0.00015	0
0.668	-0.00015	0
0.669	0	0
0.67	0	0
0.671	-0.00075	0
0.672	-0.0003	-5E-05
0.673	-0.0009	0
0.674	-0.0009	0
0.675	-0.00015	-5E-05
0.676	-0.00075	0
0.677	-0.00075	0
0.678	-0.0012	0
0.679	-0.0006	-5E-05
0.68	-0.00015	0
0.681	-0.00075	0
0.682	-0.00075	0
0.683	-0.00045	0
0.684	-0.00075	0
0.685	0.00015	-5E-05
0.686	-0.0003	0
0.687	-0.0012	0
0.688	-0.0003	0
0.689	0	0
0.69	0.00015	0
0.691	-0.00075	0
0.692	-0.00075	-5E-05
0.693	-0.0003	0
0.694	-0.00075	-5E-05
0.695	-0.00075	-5E-05
0.696	-0.00045	0
0.697	0	0
0.698	-0.00045	0
0.699	-0.0006	0
0.7	-0.00075	0
0.701	-0.00045	0
0.702	-0.00045	0
0.703	-0.0003	0
0.704	-0.0006	0
0.705	-0.00075	-5E-05
0.706	0	0
0.707	-0.0003	0
0.708	-0.00075	0
0.709	-0.00045	0
0.71	-0.0006	0
0.711	-0.00045	0
0.712	-0.00075	0
0.713	-0.00075	0
0.714	-0.0006	0
0.715	-0.00045	-5E-05
0.716	-0.00015	0
0.717	-0.00015	0
0.718	-0.00045	0
0.719	-0.0006	0
0.72	-0.00045	-5E-05
0.721	-0.00045	0
0.722	-0.00015	0
0.723	-0.0009	0
0.724	-0.00075	0
0.725	-0.0003	0
0.726	-0.00075	-5E-05
0.727	-0.0009	0
0.728	-0.00015	0
0.729	-0.00015	-5E-05
0.73	-0.00135	0
0.731	-0.0003	-5E-05
0.732	0.00015	0
0.733	-0.00075	-5E-05
0.734	-0.0003	0
0.735	-0.0009	0
0.736	-0.00075	-5E-05
0.737	0	0
0.738	-0.0006	-5E-05
0.739	-0.00015	0
0.74	-0.0006	0
0.741	-0.00075	-5E-05
0.742	-0.0003	0
0.743	-0.0009	0
0.744	-0.0012	0
0.745	-0.0006	0
0.746	-0.00105	0
0.747	-0.00075	0
0.748	-0.0009	0
0.749	-0.0006	-5E-05
0.75	-0.0006	-5E-05
0.751	-0.00075	0
0.752	-0.0003	0
0.753	-0.00075	-5E-05
0.754	-0.0012	-5E-05
0.755	-0.0006	0
0.756	-0.0009	0
0.757	-0.00105	0
0.758	-0.00105	0
0.759	-0.0012	0
0.76	-0.0003	-5E-05
0.761	-0.0012	-5E-05
0.762	-0.00075	0
0.763	-0.00075	-5E-05
0.764	-0.0009	-5E-05
0.765	-0.00105	0
0.766	-0.0006	-5E-05
0.767	-0.0003	0
0.768	-0.00015	0
0.769	-0.00105	0
0.77	-0.00105	0
0.771	-0.0003	0
0.772	0.0003	0
0.773	-0.0003	-5E-05
0.774	-0.00075	0
0.775	-0.0012	0
0.776	-0.00075	0
0.777	-0.00045	-5E-05
0.778	-0.0003	5E-05
0.779	-0.0006	0
0.78	-0.0012	0
0.781	0.0003	-5E-05
0.782	-0.00015	0
0.783	0.0006	0
0.784	-0.00015	0
0.785	-0.00075	0
0.786	0.00045	-5E-05
0.787	-0.00045	0
0.788	0.0003	0
0.789	0.00015	0
0.79	0	0
0.791	-0.0003	0
0.792	-0.0003	0
0.793	-0.00015	0
0.794	0	0
0.795	-0.00105	-5E-05
0.796	-0.00075	0
0.797	0	-5E-05
0.798	-0.00015	0
0.799	0.00045	0
0.8	0.00015	0
0.801	0	0
0.802	0.0003	0
0.803	0.00015	0
0.804	0.00015	0
0.805	0.00045	0
0.806	-0.0006	0
0.807	-0.0003	0
0.808	-0.00015	-5E-05
0.809	-0.0003	0
0.81	-0.00015	-5E-05
0.811	0	0
0.812	0.0003	0
0.813	-0.00015	0
0.814	-0.00015	0
0.815	-0.00015	0
0.816	-0.00045	0
0.817	0	0
0.818	0.00015	0
0.819	-0.0003	0
0.82	-0.00015	0
0.821	-0.0003	-5E-05
0.822	-0.00015	0
0.823	0	0
0.824	-0.00075	-5E-05
0.825	-0.00075	-5E-05
0.826	-0.00045	0
0.827	-0.0009	0
0.828	-0.00045	-5E-05
0.829	-0.00045	0
0.83	-0.0009	-5E-05
0.831	-0.00045	0
0.832	0	0
0.833	-0.00045	-5E-05
0.834	-0.0003	-5E-05
0.835	-0.00015	0
0.836	0	0
0.837	-0.0003	0
0.838	0	-5E-05
0.839	-0.00015	5E-05
0.84	-0.00015	0
0.841	-0.0003	-5E-05
0.842	-0.0009	-5E-05
0.843	0	-5E-05
0.844	-0.00075	0
0.845	-0.00075	-5E-05
0.846	-0.00015	0
0.847	-0.0006	0
0.848	-0.0006	-5E-05
0.849	-0.0003	0
0.85	-0.0003	0
0.851	0.00015	0
0.852	-0.00015	0
0.853	-0.00015	-5E-05
0.854	-0.00045	-5E-05
0.855	-0.0009	0
0.856	-0.0003	-5E-05
0.857	-0.00015	0
0.858	-0.0006	0
0.859	-0.0006	-5E-05
0.86	-0.00075	0
0.861	-0.0003	0
0.862	-0.00015	0
0.863	-0.00045	0
0.864	-0.00045	0
0.865	-0.00045	0
0.866	-0.00045	-5E-05
0.867	0.0003	-5E-05
0.868	-0.00015	0
0.869	-0.00015	-5E-05
0.87	-0.00015	0
0.871	-0.0003	0
0.872	0.00015	0
0.873	0	-5E-05
0.874	-0.00015	0
0.875	-0.00045	0
0.876	-0.0006	-5E-05
0.877	-0.0009	-5E-05
0.878	-0.0006	-5E-05
0.879	-0.0006	0
0.88	-0.0006	0
0.881	-0.0003	0
0.882	0	0
0.883	-0.0006	0
0.884	0	0.0001
0.885	0.00015	0.0004
0.886	-0.00045	0.00055
0.887	0	0.0006
0.888	-0.00015	0.0007
0.889	-0.00015	0.00065
0.89	0	0.0007
0.891	-0.0003	0.00075
0.892	-0.0006	0.0008
0.893	-0.0003	0.00075
0.894	-0.0006	0.00085
0.895	-0.00045	0.00085
0.896	0.0003	0.00085
0.897	-0.00045	0.0009
0.898	-0.00045	0.00095
0.899	0	0.00095
0.9	-0.00045	0.001
0.901	0.00015	0.00105
0.902	0.00015	0.0011
0.903	0.0003	0.00115
0.904	-0.00045	0.00125
0.905	-0.00015	0.00145
0.906	-0.00015	0.0018
0.907	-0.00075	0.0022
0.908	-0.00075	0.00295
0.909	-0.00165	0.0037
0.91	-0.00195	0.00455
0.911	-0.0021	0.00555
0.912	-0.00225	0.0063
0.913	-0.0027	0.00665
0.914	-0.0027	0.00715
0.915	-0.00315	0.00775
0.916	-0.00315	0.0084
0.917	-0.00375	0.00895
0.918	-0.00375	0.0096
0.919	-0.00375	0.01025
0.92	-0.00495	0.0109
0.921	-0.0054	0.01155
0.922	-0.0054	0.01215
0.923	-0.0057	0.0128
0.924	-0.0063	0.01345
0.925	-0.0069	0.0141
0.926	-0.00735	0.0147
0.927	-0.0072	0.0154
0.928	-0.0078	0.01605
0.929	-0.0081	0.01665
0.93	-0.0087	0.0173
0.931	-0.00915	0.018
0.932	-0.0087	0.0186
0.933	-0.00915	0.0193
0.934	-0.00945	0.01995
0.935	-0.00975	0.0207
0.936	-0.0105	0.02145
0.937	-0.0105	0.0223
0.938	-0.0108	0.02305
0.939	-0.01125	0.02385
0.94	-0.01125	0.0247
0.941	-0.0126	0.02555
0.942	-0.0126	0.02635
0.943	-0.01305	0.0272
0.944	-0.0141	0.02805
0.945	-0.01395	0.0289
0.946	-0.0144	0.0298
0.947	-0.015	0.03065
0.948	-0.015	0.0316
0.949	-0.01515	0.0324
0.95	-0.0159	0.03335
0.951	-0.01635	0.0342
0.952	-0.01725	0.035
0.953	-0.0168	0.03585
0.954	-0.0174	0.03655
0.955	-0.0165	0.03475
0.956	-0.0165	0.03485
0.957	-0.01695	0.03485
0.958	-0.01665	0.0349
0.959	-0.0168	0.03495
0.96	-0.01695	0.03495
0.961	-0.01665	0.035
0.962	-0.0174	0.0351
0.963	-0.0168	0.0351
0.964	-0.01665	0.03515
0.965	-0.01725	0.03515
0.966	-0.01695	0.03515
0.967	-0.0168	0.03525
0.968	-0.01695	0.03525
0.969	-0.0162	0.0353
0.97	-0.01695	0.03535
0.971	-0.0165	0.0354
0.972	-0.0168	0.03545
0.973	-0.0174	0.0355
0.974	-0.0168	0.0355
0.975	-0.0171	0.0356
0.976	-0.01725	0.03565
0.977	-0.01725	0.0357
0.978	-0.0177	0.0357
0.979	-0.0174	0.0358
0.98	-0.01695	0.03585
0.981	-0.0171	0.03385
0.982	-0.01665	0.03345
0.983	-0.01725	0.0333
0.984	-0.0171	0.0332
0.985	-0.01665	0.0331
0.986	-0.01695	0.03305
0.987	-0.01635	0.033
0.988	-0.01665	0.033
0.989	-0.0168	0.033
0.99	-0.01695	0.033
0.991	-0.0171	0.033
0.992	-0.0174	0.03305
0.993	-0.01665	0.033
0.994	-0.0174	0.03295
0.995	-0.01695	0.03305
0.996	-0.0171	0.03305
0.997	-0.0168	0.03295
0.998	-0.01665	0.033
0.999	-0.01695	0.03295
1	-0.0165	0.033
1.001	-0.0168	0.033
1.002	-0.01635	0.033
1.003	-0.0162	0.0329
1.004	-0.01695	0.033
1.005	-0.01695	0.03295
1.006	-0.0165	0.03295
1.007	-0.01725	0.033
1.008	-0.01695	0.03295
1.009	-0.01665	0.03295
1.01	-0.0168	0.03295
1.011	-0.01665	0.033
1.012	-0.0174	0.03295
1.013	-0.0171	0.03295
1.014	-0.0168	0.033
1.015	-0.01695	0.03295
1.016	-0.01665	0.0329
1.017	-0.01665	0.03295
1.018	-0.01665	0.033
1.019	-0.01635	0.03295
1.02	-0.0165	0.03295
1.021	-0.01605	0.03295
1.022	-0.0168	0.03295
1.023	-0.0171	0.033
1.024	-0.01695	0.03295
1.025	-0.01695	0.03295
1.026	-0.01695	0.033
1.027	-0.01695	0.03295
1.028	-0.0177	0.0329
1.029	-0.0171	0.03295
1.03	-0.01665	0.03295
1.031	-0.01695	0.03295
1.032	-0.01665	0.0329
1.033	-0.0168	0.033
1.034	-0.0168	0.033
1.035	-0.01635	0.0329
1.036	-0.01665	0.033
1.037	-0.01635	0.033
1.038	-0.0165	0.0329
1.039	-0.0171	0.03295
1.04	-0.01695	0.033
1.041	-0.0171	0.033
1.042	-0.0168	0.0329
1.043	-0.01695	0.03295
1.044	-0.01725	0.03295
1.045	-0.01695	0.0329
1.046	-0.01695	0.03295
1.047	-0.0171	0.03295
1.048	-0.01665	0.03295
1.049	-0.0171	0.033
1.05	-0.01635	0.03295
1.051	-0.0165	0.03295
1.052	-0.01665	0.033
1.053	-0.0162	0.03295
1.054	-0.0165	0.03295
1.055	-0.01635	0.033
1.056	-0.0162	0.0329
1.057	-0.0171	0.033
1.058	-0.01665	0.033
1.059	-0.0171	0.03295
1.06	-0.01725	0.03295
1.061	-0.01695	0.03295
1.062	-0.0168	0.033
1.063	-0.01695	0.033
1.064	-0.01635	0.0329
1.065	-0.0168	0.0329
1.066	-0.01665	0.0329
1.067	-0.01665	0.03295
1.068	-0.0165	0.033
1.069	-0.01635	0.03295
1.07	-0.01665	0.0329
1.071	-0.0165	0.0329
1.072	-0.0165	0.03295
1.073	-0.01665	0.03295
1.074	-0.01635	0.0329
1.075	-0.0168	0.03305
1.076	-0.01665	0.033
1.077	-0.0165	0.03305
1.078	-0.01695	0.0329
1.079	-0.01665	0.0329
1.08	-0.0168	0.03295
1.081	-0.0171	0.03295
1.082	-0.0162	0.0329
1.083	-0.0165	0.03295
1.084	-0.0165	0.03295
1.085	-0.0162	0.03295
1.086	-0.01665	0.03295
1.087	-0.01605	0.03295
1.088	-0.01635	0.03295
1.089	-0.0165	0.033
1.09	-0.01665	0.03295
1.091	-0.0168	0.033
1.092	-0.01695	0.03295
1.093	-0.0168	0.03295
1.094	-0.01695	0.03295
1.095	-0.01665	0.03295
1.096	-0.01665	0.0329
1.097	-0.01635	0.03295
1.098	-0.0168	0.033
1.099	-0.01635	0.03295
1.1	-0.0165	0.033
1.101	-0.01635	0.03295
1.102	-0.01635	0.0329
1.103	-0.01605	0.03295
1.104	-0.01605	0.0329
1.105	-0.01665	0.03295
1.106	-0.01635	0.03295
1.107	-0.0165	0.03295
1.108	-0.01605	0.033
1.109	-0.01695	0.033
1.11	-0.01695	0.03295
1.111	-0.01665	0.0329
1.112	-0.0168	0.033
1.113	-0.0162	0.0329
1.114	-0.0165	0.03295
1.115	-0.01665	0.0329
1.116	-0.01635	0.03295
1.117	-0.0159	0.0329
1.118	-0.01605	0.033
1.119	-0.0159	0.03295
1.12	-0.0162	0.03295
1.121	-0.01605	0.033
1.122	-0.0159	0.033
1.123	-0.0162	0.03295
1.124	-0.01575	0.03295
1.125	-0.01635	0.0329
1.126	-0.0168	0.033
1.127	-0.01635	0.0329
1.128	-0.0168	0.0329
1.129	-0.0165	0.033
1.13	-0.0162	0.03295
1.131	-0.01665	0.03295
1.132	-0.01605	0.0329
1.133	-0.0159	0.033
1.134	-0.01605	0.03295
1.135	-0.01575	0.033
1.136	-0.0162	0.033
1.137	-0.0159	0.03295
1.138	-0.0159	0.03295
1.139	-0.01605	0.033
1.14	-0.0159	0.0329
1.141	-0.0165	0.03295
1.142	-0.0162	0.03295
1.143	-0.0165	0.03295
1.144	-0.01635	0.033
1.145	-0.0159	0.0329
1.146	-0.01635	0.033
1.147	-0.0162	0.03295
1.148	-0.0159	0.0329
1.149	-0.01605	0.0329
1.15	-0.0159	0.033
1.151	-0.0162	0.03295
1.152	-0.0168	0.033
1.153	-0.0156	0.0329
1.154	-0.0159	0.03295
1.155	-0.0159	0.033
1.156	-0.0159	0.03295
1.157	-0.0162	0.03295
1.158	-0.0159	0.03295
1.159	-0.01605	0.03295
1.16	-0.0171	0.03295
1.161	-0.01755	0.03295
1.162	-0.01695	0.0329
1.163	-0.0156	0.033
1.164	-0.0162	0.033
1.165	-0.01695	0.0329
1.166	-0.0165	0.03305
1.167	-0.01635	0.03295
1.168	-0.0156	0.033
1.169	-0.0162	0.03295
1.17	-0.01665	0.0329
1.171	-0.0165	0.033
1.172	-0.01635	0.033
1.173	-0.0162	0.033
1.174	-0.01665	0.03295
1.175	-0.01755	0.033
1.176	-0.01695	0.03295
1.177	-0.0174	0.03295
1.178	-0.0177	0.033
1.179	-0.0171	0.03295
1.18	-0.01695	0.03295
1.181	-0.0171	0.03295
1.182	-0.01725	0.0329
1.183	-0.01755	0.03295
1.184	-0.01635	0.033
1.185	-0.01695	0.03295
1.186	-0.0174	0.03295
1.187	-0.01695	0.0329
1.188	-0.01755	0.033
1.189	-0.0168	0.03295
1.19	-0.0168	0.0329
1.191	-0.0174	0.0329
1.192	-0.0174	0.0329
1.193	-0.0177	0.03295
1.194	-0.0174	0.03295
1.195	-0.01725	0.03285
1.196	-0.0177	0.03295
1.197	-0.0177	0.033
1.198	-0.01695	0.03295
1.199	-0.0174	0.03295
1.2	-0.0168	0.03295
1.201	-0.01725	0.0329
1.202	-0.0171	0.03295
1.203	-0.0165	0.03295
1.204	-0.01755	0.03295
1.205	-0.01755	0.03295
1.206	-0.01695	0.03295
1.207	-0.01785	0.03295
1.208	-0.01755	0.0329
1.209	-0.0171	0.03295
1.21	-0.0177	0.03295
1.211	-0.01755	0.03295
1.212	-0.01725	0.03295
1.213	-0.0171	0.033
1.214	-0.0171	0.03295
1.215	-0.01695	0.03295
1.216	-0.01755	0.0329
1.217	-0.01695	0.033
1.218	-0.01665	0.03295
1.219	-0.01635	0.03295
1.22	-0.01695	0.03295
1.221	-0.0171	0.03295
1.222	-0.0168	0.033
1.223	-0.01725	0.03295
1.224	-0.0168	0.03295
1.225	-0.01725	0.03295
1.226	-0.01755	0.03295
1.227	-0.0165	0.03295
1.228	-0.01755	0.03295
1.229	-0.0174	0.03295
1.23	-0.0168	0.03295
1.231	-0.0171	0.0329
1.232	-0.0168	0.0329
1.233	-0.0171	0.03295
1.234	-0.0168	0.0329
1.235	-0.0165	0.033
1.236	-0.01605	0.03295
1.237	-0.01665	0.0329
1.238	-0.01635	0.0329
1.239	-0.01665	0.03295
1.24	-0.01695	0.03295
1.241	-0.01695	0.033
1.242	-0.01695	0.033
1.243	-0.0171	0.03295
1.244	-0.01725	0.03295
1.245	-0.0174	0.03295
1.246	-0.01695	0.03295
1.247	-0.0174	0.0329
1.248	-0.0171	0.03295
1.249	-0.01695	0.033
1.25	-0.0168	0.03295
1.251	-0.0168	0.03295
1.252	-0.01665	0.03295
1.253	-0.01635	0.03295
1.254	-0.0165	0.03295
1.255	-0.01695	0.03295
1.256	-0.0168	0.03295
1.257	-0.01755	0.03295
1.258	-0.01665	0.03295
1.259	-0.01695	0.03295
1.26	-0.01695	0.0329
1.261	-0.0171	0.033
1.262	-0.0177	0.03295
1.263	-0.0168	0.03295
1.264	-0.0171	0.03295
1.265	-0.01695	0.03295
1.266	-0.0174	0.03295
1.267	-0.01635	0.033
1.268	-0.01665	0.033
1.269	-0.01635	0.0329
1.27	-0.01605	0.03295
1.271	-0.01665	0.033
1.272	-0.0168	0.033
1.273	-0.01725	0.0329
1.274	-0.0168	0.0329
1.275	-0.0174	0.03295
1.276	-0.0171	0.03295
1.277	-0.01695	0.03295
1.278	-0.0177	0.03295
1.279	-0.0174	0.0329
1.28	-0.01755	0.03295
1.281	-0.01695	0.03295
1.282	-0.0168	0.0329
1.283	-0.0171	0.0329
1.284	-0.01665	0.03295
1.285	-0.0168	0.03295
1.286	-0.0168	0.03295
1.287	-0.0165	0.0329
1.288	-0.0165	0.03295
1.289	-0.01695	0.033
1.29	-0.01725	0.03295
1.291	-0.01755	0.03295
1.292	-0.0171	0.03295
1.293	-0.0171	0.033
1.294	-0.01725	0.0329
1.295	-0.0171	0.0329
1.296	-0.0174	0.0329
1.297	-0.01725	0.03285
1.298	-0.01665	0.0329
1.299	-0.01785	0.033
1.3	-0.0171	0.0329
1.301	-0.01725	0.0329
1.302	-0.0165	0.033
1.303	-0.01665	0.0329
1.304	-0.0168	0.03295
1.305	-0.0168	0.03295
1.306	-0.01665	0.033
1.307	-0.0171	0.033
1.308	-0.01695	0.0329
1.309	-0.0165	0.0328
1.31	-0.01725	0.033
1.311	-0.0177	0.03295
1.312	-0.01785	0.03295
1.313	-0.0168	0.033
1.314	-0.01725	0.033
1.315	-0.0171	0.03295
1.316	-0.01695	0.033
1.317	-0.0168	0.03295
1.318	-0.01665	0.03295
1.319	-0.01605	0.03295
1.32	-0.01725	0.033
1.321	-0.0168	0.03295
1.322	-0.0168	0.033
1.323	-0.01755	0.03295
1.324	-0.01695	0.03285
1.325	-0.01725	0.0329
1.326	-0.01725	0.03295
1.327	-0.01665	0.03295
1.328	-0.01725	0.03295
1.329	-0.01725	0.03295
1.33	-0.0168	0.0329
1.331	-0.0171	0.033
1.332	-0.01665	0.03295
1.333	-0.01725	0.0329
1.334	-0.01635	0.03305
1.335	-0.01695	0.0329
1.336	-0.01665	0.033
1.337	-0.0162	0.0329
1.338	-0.01695	0.03295
1.339	-0.01665	0.033
1.34	-0.0162	0.033
1.341	-0.0171	0.03295
1.342	-0.01695	0.03295
1.343	-0.0171	0.03295
1.344	-0.01725	0.0329
1.345	-0.01635	0.03295
1.346	-0.01725	0.03305
1.347	-0.0171	0.03295
1.348	-0.01665	0.0329
1.349	-0.0168	0.03295
1.35	-0.01635	0.0329
1.351	-0.0168	0.03295
1.352	-0.0168	0.03295
1.353	-0.01635	0.03295
1.354	-0.0165	0.03285
1.355	-0.0168	0.03295
1.356	-0.01605	0.0329
1.357	-0.01695	0.033
1.358	-0.0165	0.0329
1.359	-0.01695	0.0329
1.36	-0.01695	0.0329
1.361	-0.0165	0.033
1.362	-0.01725	0.0329
1.363	-0.0165	0.033
1.364	-0.0168	0.03295
1.365	-0.0168	0.03295
1.366	-0.01635	0.03295
1.367	-0.0165	0.033
1.368	-0.01635	0.03295
1.369	-0.0165	0.0329
1.37	-0.01635	0.03295
1.371	-0.01605	0.03295
1.372	-0.01665	0.0329
1.373	-0.0171	0.0329
1.374	-0.01635	0.03295
1.375	-0.0168	0.0329
1.376	-0.01695	0.03295
1.377	-0.01605	0.03295
1.378	-0.01725	0.033
1.379	-0.0168	0.0329
1.38	-0.01635	0.03295
1.381	-0.01665	0.033
1.382	-0.01605	0.03295
1.383	-0.01695	0.0329
1.384	-0.0165	0.03295
1.385	-0.0159	0.0329
1.386	-0.0168	0.03295
1.387	-0.01665	0.0329
1.388	-0.01635	0.033
1.389	-0.0159	0.033
1.39	-0.0165	0.03295
1.391	-0.0168	0.0329
1.392	-0.01665	0.033
1.393	-0.0168	0.0329
1.394	-0.0171	0.03295
1.395	-0.0168	0.033
1.396	-0.0168	0.03295
1.397	-0.0165	0.03295
1.398	-0.0165	0.03295
1.399	-0.01665	0.033
1.4	-0.01635	0.0329
1.401	-0.01665	0.03295
1.402	-0.01635	0.0329
1.403	-0.01635	0.03295
1.404	-0.01635	0.0329
1.405	-0.01635	0.03295
1.406	-0.0159	0.03295
1.407	-0.0165	0.03295
1.408	-0.01665	0.0329
1.409	-0.01665	0.033
1.41	-0.01665	0.033
1.411	-0.01665	0.033
1.412	-0.01725	0.03295
1.413	-0.0159	0.03295
1.414	-0.0171	0.0329
1.415	-0.01695	0.033
1.416	-0.0162	0.0329
1.417	-0.01665	0.03295
1.418	-0.01665	0.03295
1.419	-0.0165	0.03295
1.42	-0.0162	0.03295
1.421	-0.01635	0.03295
1.422	-0.01665	0.0329
1.423	-0.0165	0.0329
1.424	-0.01695	0.0329
1.425	-0.0168	0.03285
1.426	-0.0168	0.0329
1.427	-0.0165	0.03295
1.428	-0.0171	0.03295
1.429	-0.01725	0.0329
1.43	-0.01725	0.03295
1.431	-0.01695	0.03295
1.432	-0.0165	0.03295
1.433	-0.01665	0.03295
1.434	-0.0159	0.03295
1.435	-0.0162	0.0329
1.436	-0.01665	0.03295
1.437	-0.0159	0.03295
1.438	-0.0165	0.033
1.439	-0.0165	0.033
1.44	-0.01665	0.03295
1.441	-0.0171	0.03295
1.442	-0.01665	0.03295
1.443	-0.01695	0.03295
1.444	-0.01695	0.03295
1.445	-0.0171	0.03295
1.446	-0.0174	0.03295
1.447	-0.0168	0.0329
1.448	-0.01635	0.0329
1.449	-0.0165	0.033
1.45	-0.0168	0.0329
1.451	-0.0171	0.03295
1.452	-0.0162	0.03295
1.453	-0.01635	0.03295
1.454	-0.0162	0.033
1.455	-0.01635	0.033
1.456	-0.0162	0.033
1.457	-0.0168	0.033
1.458	-0.0165	0.0329
1.459	-0.01695	0.03295
1.46	-0.0171	0.03295
1.461	-0.01725	0.0329
1.462	-0.01785	0.033
1.463	-0.0165	0.03295
1.464	-0.01695	0.03295
1.465	-0.0165	0.03295
1.466	-0.0165	0.0329
1.467	-0.01695	0.03295
1.468	-0.0165	0.033
1.469	-0.0162	0.03295
1.47	-0.0162	0.03295
1.471	-0.0165	0.03295
1.472	-0.01695	0.03295
1.473	-0.01695	0.03295
1.474	-0.01665	0.0329
1.475	-0.01695	0.0329
1.476	-0.0171	0.033
1.477	-0.01725	0.03295
1.478	-0.0174	0.0329
1.479	-0.0168	0.03295
1.48	-0.0168	0.033
1.481	-0.01635	0.033
1.482	-0.01665	0.03295
1.483	-0.0165	0.0329
1.484	-0.01605	0.03295
1.485	-0.0165	0.033
1.486	-0.01635	0.03295
1.487	-0.01665	0.03295
1.488	-0.01725	0.03295
1.489	-0.01695	0.0329
1.49	-0.0168	0.0329
1.491	-0.0171	0.03295
1.492	-0.01635	0.03295
1.493	-0.01695	0.03295
1.494	-0.01755	0.0329
1.495	-0.01665	0.03295
1.496	-0.01755	0.0329
1.497	-0.0177	0.0329
1.498	-0.0171	0.03305
1.499	-0.0171	0.03295
1.5	-0.0168	0.03295
1.501	-0.01695	0.03295
1.502	-0.01665	0.03295
1.503	-0.0162	0.033
1.504	-0.0168	0.03295
1.505	-0.0171	0.0329
1.506	-0.0171	0.033
1.507	-0.01635	0.0329
1.508	-0.0168	0.0329
1.509	-0.01785	0.033
1.51	-0.01725	0.03295
1.511	-0.0174	0.0329
1.512	-0.01785	0.033
1.513	-0.0168	0.03295
1.514	-0.01725	0.0329
1.515	-0.0171	0.03295
1.516	-0.0165	0.03295
1.517	-0.0168	0.0329
1.518	-0.0171	0.03295
1.519	-0.0168	0.03295
1.52	-0.01665	0.033
1.521	-0.0168	0.03295
1.522	-0.01725	0.0329
1.523	-0.0171	0.03295
1.524	-0.01695	0.0329
1.525	-0.01755	0.0329
1.526	-0.0174	0.03295
1.527	-0.01695	0.03305
1.528	-0.0177	0.033
1.529	-0.01725	0.0329
1.53	-0.0174	0.03295
1.531	-0.01695	0.0329
1.532	-0.0168	0.03295
1.533	-0.01695	0.03295
1.534	-0.01665	0.03295
1.535	-0.0168	0.03295
1.536	-0.0171	0.03295
1.537	-0.0168	0.03295
1.538	-0.0165	0.033
1.539	-0.01725	0.03295
1.54	-0.0168	0.0329
1.541	-0.0168	0.033
1.542	-0.0171	0.03295
1.543	-0.01695	0.0329
1.544	-0.0168	0.03295
1.545	-0.01665	0.03295
1.546	-0.01755	0.0329
1.547	-0.0174	0.03295
1.548	-0.01635	0.03295
1.549	-0.01635	0.03295
1.55	-0.0165	0.0329
1.551	-0.01725	0.03295
1.552	-0.01665	0.0329
1.553	-0.01575	0.03295
1.554	-0.01605	0.03295
1.555	-0.01665	0.033
1.556	-0.0165	0.03295
1.557	-0.0165	0.0329
1.558	-0.0162	0.03295
1.559	-0.0162	0.033
1.56	-0.01695	0.033
1.561	-0.0168	0.03295
1.562	-0.0165	0.0329
1.563	-0.0162	0.03295
1.564	-0.0165	0.03295
1.565	-0.01635	0.03295
1.566	-0.01575	0.03295
1.567	-0.0162	0.033
1.568	-0.0165	0.03295
1.569	-0.01605	0.0329
1.57	-0.01605	0.0329
1.571	-0.01575	0.03295
1.572	-0.0159	0.0329
1.573	-0.0171	0.03295
1.574	-0.0159	0.03295
1.575	-0.01665	0.0329
1.576	-0.0162	0.0329
1.577	-0.0165	0.03295
1.578	-0.01665	0.0329
1.579	-0.01635	0.03295
1.58	-0.01695	0.03295
1.581	-0.0162	0.03295
1.582	-0.01665	0.0329
1.583	-0.0159	0.0329
1.584	-0.01605	0.033
1.585	-0.0162	0.03295
1.586	-0.0165	0.033
1.587	-0.01545	0.03295
1.588	-0.0156	0.03295
1.589	-0.0162	0.03295
1.59	-0.01635	0.03295
1.591	-0.01755	0.0329
1.592	-0.0165	0.03295
1.593	-0.01665	0.03295
1.594	-0.0171	0.03295
1.595	-0.01695	0.03295
1.596	-0.0174	0.0329
1.597	-0.01665	0.03295
1.598	-0.01635	0.033
1.599	-0.0162	0.033
1.6	-0.0168	0.0329
1.601	-0.0168	0.033
1.602	-0.01665	0.03295
1.603	-0.0162	0.033
1.604	-0.01635	0.03295
1.605	-0.0165	0.0329
1.606	-0.0171	0.03295
1.607	-0.01725	0.03295
1.608	-0.0168	0.0329
1.609	-0.01695	
1.61	-0.01695	
1.611	-0.01725	
1.612	-0.01725	
1.613	-0.01695	
1.614	-0.0168	
1.615	-0.01725	
1.616	-0.0171	
1.617	-0.01635	
1.618	-0.01695	
1.619	-0.01665	
