MIN=0	-0.3	-0.1
MAX=3.2	0.3	0.1
SCALE=0.1	0.1	0.05
DEC=3	4	4
DEF="Time" t / s	"Voltage" U_B1 / V	"Current" I_A1 / A
0	0	-5E-05
0.001	-0.0003	0
0.002	-0.0006	0
0.003	-0.00015	-5E-05
0.004	-0.00075	0
0.005	0.0003	0
0.006	-0.00015	0
0.007	-0.00045	0
0.008	-0.0006	0
0.009	-0.0006	0
0.01	0.0003	0
0.011	0.0003	0
0.012	-0.0006	0
0.013	-0.0006	-5E-05
0.014	-0.00015	0
0.015	-0.0006	0
0.016	0.0003	0
0.017	-0.0006	0
0.018	-0.0012	-5E-05
0.019	-0.00105	-5E-05
0.02	-0.0012	0
0.021	-0.00045	0
0.022	0	-5E-05
0.023	-0.0003	0
0.024	-0.00075	-5E-05
0.025	-0.0009	0
0.026	-0.00075	-5E-05
0.027	0.0003	0
0.028	-0.00075	-5E-05
0.029	-0.00075	-5E-05
0.03	-0.00075	-5E-05
0.031	-0.00045	0
0.032	0.00015	0
0.033	-0.0009	-5E-05
0.034	-0.0009	0
0.035	-0.0006	-5E-05
0.036	-0.0012	-5E-05
0.037	-0.0006	0
0.038	-0.0006	-5E-05
0.039	-0.00135	0
0.04	-0.0006	-5E-05
0.041	-0.00075	-5E-05
0.042	-0.0006	-5E-05
0.043	-0.00045	0
0.044	-0.0006	0
0.045	0.00015	0
0.046	-0.00015	0
0.047	-0.0009	-5E-05
0.048	-0.0012	0
0.049	-0.0006	0
0.05	-0.00075	-5E-05
0.051	-0.00075	-5E-05
0.052	-0.00105	-5E-05
0.053	-0.0006	-5E-05
0.054	-0.0006	-5E-05
0.055	-0.00075	0
0.056	-0.00015	-5E-05
0.057	-0.0006	0
0.058	0	0
0.059	0.00015	-5E-05
0.06	-0.0003	0
0.061	0.00015	0
0.062	0	0
0.063	-0.0006	0
0.064	-0.00045	0
0.065	-0.0003	0
0.066	-0.0006	0
0.067	-0.00045	0
0.068	-0.0003	0
0.069	-0.00105	0
0.07	0.00015	0
0.071	-0.0003	-5E-05
0.072	-0.0003	-5E-05
0.073	-0.00015	0
0.074	-0.00015	0
0.075	-0.00015	0
0.076	-0.00045	0
0.077	-0.0003	-5E-05
0.078	-0.00045	0
0.079	-0.0006	0
0.08	-0.00075	-5E-05
0.081	-0.0003	0
0.082	-0.00015	0
0.083	-0.00045	0
0.084	-0.00075	-5E-05
0.085	-0.0006	0
0.086	-0.00045	0
0.087	-0.0009	0
0.088	-0.0006	0
0.089	-0.00045	0
0.09	-0.0009	0
0.091	-0.0003	0
0.092	-0.00045	-5E-05
0.093	-0.00045	0
0.094	0	0
0.095	-0.00015	-5E-05
0.096	0.0003	0
0.097	-0.00075	0
0.098	-0.00075	0
0.099	-0.00075	0
0.1	-0.00135	-5E-05
0.101	-0.00075	0
0.102	-0.0003	0
0.103	-0.0009	0
0.104	-0.0003	0
0.105	-0.0009	0
0.106	-0.0006	0
0.107	-0.0003	0
0.108	-0.00075	0
0.109	-0.0003	0
0.11	0	0
0.111	-0.0006	-5E-05
0.112	-0.00075	-5E-05
0.113	-0.00045	-5E-05
0.114	-0.0006	0
0.115	-0.00045	0
0.116	-0.0009	0
0.117	-0.0006	0
0.118	-0.0009	-5E-05
0.119	-0.00105	-5E-05
0.12	-0.0003	-5E-05
0.121	-0.00135	-5E-05
0.122	-0.0009	-5E-05
0.123	-0.0006	0
0.124	-0.0009	0
0.125	-0.0006	-5E-05
0.126	-0.00045	-5E-05
0.127	-0.00075	0
0.128	-0.00045	-5E-05
0.129	-0.0006	-5E-05
0.13	-0.00045	0
0.131	0	-5E-05
0.132	-0.0009	0
0.133	-0.00045	0
0.134	-0.00045	0
0.135	-0.0009	-5E-05
0.136	-0.0009	0
0.137	-0.00105	0
0.138	-0.0009	0
0.139	-0.0009	0
0.14	-0.0009	0
0.141	0	0
0.142	-0.0009	0
0.143	-0.00075	-5E-05
0.144	-0.00045	0
0.145	-0.0003	-5E-05
0.146	-0.00075	0
0.147	-0.0006	-5E-05
0.148	-0.00135	0
0.149	-0.00075	-5E-05
0.15	-0.00075	-5E-05
0.151	-0.0009	0
0.152	-0.0012	0
0.153	-0.0012	-5E-05
0.154	-0.00105	0
0.155	-0.00135	-5E-05
0.156	-0.00135	-5E-05
0.157	-0.0009	-5E-05
0.158	-0.0009	-5E-05
0.159	-0.0006	0
0.16	-0.00045	0
0.161	-0.0006	0
0.162	-0.00015	5E-05
0.163	-0.0006	0
0.164	-0.0012	0
0.165	-0.0006	-5E-05
0.166	-0.00105	-5E-05
0.167	-0.0009	-5E-05
0.168	-0.0009	0
0.169	-0.00135	0
0.17	-0.00075	0
0.171	-0.0009	0
0.172	-0.00105	-5E-05
0.173	-0.00075	-5E-05
0.174	-0.0012	0
0.175	-0.00105	0
0.176	-0.00045	0
0.177	-0.0003	0
0.178	-0.00015	0
0.179	-0.0003	0
0.18	-0.00075	-5E-05
0.181	-0.00075	0
0.182	-0.0009	0
0.183	-0.00045	0
0.184	-0.00075	0
0.185	-0.00105	-5E-05
0.186	-0.00105	0
0.187	-0.00105	0
0.188	-0.0006	0
0.189	-0.00045	0
0.19	-0.00075	0
0.191	-0.0006	0
0.192	-0.00015	0
0.193	-0.00075	0
0.194	-0.0003	-5E-05
0.195	-0.0003	0
0.196	-0.00045	0
0.197	0	-5E-05
0.198	-0.00105	-5E-05
0.199	-0.0006	0
0.2	-0.0003	0
0.201	-0.00075	0
0.202	-0.0006	0
0.203	-0.0009	0
0.204	-0.00045	0
0.205	0	0
0.206	-0.00075	0
0.207	-0.0015	0
0.208	-0.00015	0
0.209	0.0003	0
0.21	-0.00015	0
0.211	-0.0003	0
0.212	-0.0003	0
0.213	0.0003	0
0.214	0.00075	0
0.215	-0.0003	-5E-05
0.216	-0.0012	-5E-05
0.217	-0.0003	0
0.218	-0.00015	0
0.219	-0.0003	0
0.22	-0.00045	0
0.221	0.00015	-5E-05
0.222	-0.00015	0
0.223	0	0
0.224	0.00015	-5E-05
0.225	-0.0006	0
0.226	-0.00015	-5E-05
0.227	0.00015	-5E-05
0.228	-0.00015	0
0.229	-0.00045	0
0.23	-0.0006	-5E-05
0.231	-0.00015	0
0.232	0.00015	-5E-05
0.233	-0.0006	-5E-05
0.234	0	0
0.235	0	0
0.236	-0.00045	0
0.237	-0.00015	0
0.238	0	-5E-05
0.239	-0.0003	-5E-05
0.24	-0.00075	0
0.241	-0.00015	0
0.242	0.00045	-5E-05
0.243	0.00015	0
0.244	0	0
0.245	0	0
0.246	-0.00045	-5E-05
0.247	0	0
0.248	-0.00045	0
0.249	-0.00015	0
0.25	-0.0003	-5E-05
0.251	-0.00045	0
0.252	-0.00015	0
0.253	-0.00045	0
0.254	-0.00075	-5E-05
0.255	-0.00015	0
0.256	0	0
0.257	-0.00075	0
0.258	-0.0003	-5E-05
0.259	-0.00015	0
0.26	-0.0003	0
0.261	-0.00015	0
0.262	-0.00105	-5E-05
0.263	-0.00015	0
0.264	0	0
0.265	-0.00045	-5E-05
0.266	-0.00045	0
0.267	-0.0009	0
0.268	-0.00075	0
0.269	-0.00045	-5E-05
0.27	-0.00105	0
0.271	-0.0006	0
0.272	-0.00015	0
0.273	-0.00015	0
0.274	-0.0003	-5E-05
0.275	-0.00045	-5E-05
0.276	-0.00015	0
0.277	0.00045	0
0.278	-0.0006	-5E-05
0.279	-0.0003	0
0.28	-0.00045	0
0.281	-0.00045	-5E-05
0.282	-0.00045	5E-05
0.283	-0.00075	0
0.284	0.00015	0
0.285	-0.0006	0
0.286	-0.00015	0
0.287	0.00015	-5E-05
0.288	-0.00075	0
0.289	-0.00075	0
0.29	-0.0003	0
0.291	-0.0006	0
0.292	-0.00015	0
0.293	-0.0006	0
0.294	-0.00105	0
0.295	0.0006	0
0.296	0	0
0.297	0	0
0.298	-0.00045	-5E-05
0.299	-0.00105	-5E-05
0.3	-0.00075	0
0.301	-0.00045	0
0.302	-0.00075	0
0.303	-0.0003	-5E-05
0.304	-0.00045	0
0.305	-0.00105	-5E-05
0.306	-0.00015	0
0.307	-0.00045	-5E-05
0.308	0	0
0.309	0	0
0.31	-0.00045	-5E-05
0.311	0.00015	-5E-05
0.312	-0.00015	0
0.313	-0.00075	0
0.314	-0.0003	0
0.315	-0.00045	0
0.316	-0.0003	0
0.317	-0.00045	0
0.318	-0.00075	0
0.319	-0.0009	-5E-05
0.32	-0.0012	0
0.321	-0.0006	0
0.322	-0.00045	-5E-05
0.323	-0.0006	0
0.324	-0.00015	0
0.325	-0.0006	0
0.326	-0.00045	0
0.327	0.00045	0
0.328	-0.00015	0
0.329	-0.0003	-5E-05
0.33	-0.00015	0
0.331	-0.00075	-5E-05
0.332	-0.00015	0
0.333	-0.0003	0
0.334	-0.00075	-5E-05
0.335	-0.00045	0
0.336	-0.00075	0
0.337	-0.00105	0
0.338	0.0003	-5E-05
0.339	-0.00045	0
0.34	-0.0006	0
0.341	-0.00045	0
0.342	-0.0003	0
0.343	0	-5E-05
0.344	-0.00015	0
0.345	0.00015	0
0.346	-0.00015	-5E-05
0.347	-0.0003	0
0.348	0.00015	0
0.349	-0.0006	0
0.35	-0.0006	0
0.351	-0.0003	0
0.352	-0.00075	-5E-05
0.353	-0.0003	0
0.354	-0.00045	0
0.355	-0.00075	0
0.356	0.0003	0
0.357	0.00015	0
0.358	-0.00045	0
0.359	0.00045	0
0.36	0	0
0.361	-0.00015	0
0.362	-0.00015	0
0.363	0	0
0.364	0.00045	-5E-05
0.365	0	0
0.366	-0.00075	0
0.367	0.00015	-5E-05
0.368	-0.0009	-5E-05
0.369	-0.00075	0
0.37	-0.00015	-5E-05
0.371	-0.0012	0
0.372	-0.0006	-5E-05
0.373	-0.0003	-5E-05
0.374	-0.00015	0
0.375	-0.0006	0
0.376	-0.00045	-5E-05
0.377	0.00015	0
0.378	0	0
0.379	-0.00045	0
0.38	-0.00015	-5E-05
0.381	0.0003	-5E-05
0.382	-0.00015	-5E-05
0.383	-0.00045	0
0.384	-0.00045	-5E-05
0.385	-0.0006	0
0.386	-0.00015	0
0.387	-0.0006	0
0.388	0.00015	-5E-05
0.389	-0.0006	0
0.39	-0.0003	0
0.391	0.0009	0
0.392	-0.0006	-5E-05
0.393	-0.00045	0
0.394	0.00015	0
0.395	0	0
0.396	0.00045	-5E-05
0.397	0	0
0.398	-0.0003	0
0.399	0.0003	0
0.4	-0.0006	-5E-05
0.401	-0.00015	0
0.402	0.00015	0
0.403	-0.00015	0
0.404	0	-5E-05
0.405	0	0
0.406	0	0
0.407	-0.00015	0
0.408	-0.00015	-5E-05
0.409	0.00015	-5E-05
0.41	0.0003	0
0.411	-0.0003	0
0.412	0	0
0.413	-0.00015	5E-05
0.414	-0.0003	0
0.415	0.0006	0
0.416	-0.00045	-5E-05
0.417	0.00015	0
0.418	-0.0003	0
0.419	-0.0006	0
0.42	0	0
0.421	-0.00045	0
0.422	0.00015	0
0.423	-0.00045	-5E-05
0.424	0	0
0.425	0.00045	5E-05
0.426	0.00045	0
0.427	0	0
0.428	-0.0009	0
0.429	-0.00045	0
0.43	0.00015	0
0.431	0.0009	0
0.432	-0.00045	-5E-05
0.433	-0.00075	0
0.434	-0.00075	0
0.435	-0.00045	-5E-05
0.436	-0.00015	0
0.437	-0.00075	0
0.438	-0.0009	0
0.439	-0.0009	0
0.44	-0.0006	-5E-05
0.441	0.00015	-5E-05
0.442	-0.00045	0
0.443	-0.00075	0
0.444	-0.0006	0
0.445	-0.00045	0
0.446	-0.0003	0
0.447	-0.00015	-5E-05
0.448	-0.00075	-5E-05
0.449	-0.00075	-5E-05
0.45	-0.00105	0
0.451	-0.0009	0
0.452	-0.0003	0
0.453	-0.0009	-5E-05
0.454	-0.0009	0
0.455	-0.00105	0
0.456	-0.00105	-5E-05
0.457	-0.0003	-5E-05
0.458	-0.0009	-5E-05
0.459	-0.00075	0
0.46	-0.00015	-5E-05
0.461	-0.0006	0
0.462	-0.00075	0
0.463	0	-5E-05
0.464	-0.0012	0
0.465	-0.00075	-5E-05
0.466	-0.00105	-5E-05
0.467	-0.0012	0
0.468	-0.0012	-5E-05
0.469	-0.0015	-5E-05
0.47	-0.00045	0
0.471	-0.00045	0
0.472	-0.0012	-5E-05
0.473	-0.0006	0
0.474	-0.00075	0
0.475	-0.00075	0
0.476	-0.0003	0
0.477	-0.00105	-5E-05
0.478	-0.0003	0
0.479	-0.00135	0
0.48	-0.0009	0
0.481	-0.0003	-5E-05
0.482	-0.00045	0
0.483	-0.0009	0
0.484	-0.00075	0
0.485	-0.0009	0
0.486	-0.0003	0
0.487	-0.0006	0
0.488	-0.0009	0
0.489	-0.00075	-5E-05
0.49	-0.00105	0
0.491	-0.0006	0
0.492	-0.00015	0
0.493	-0.0006	-5E-05
0.494	-0.0003	0
0.495	-0.00045	-5E-05
0.496	-0.00045	-5E-05
0.497	-0.00045	0
0.498	-0.0006	0
0.499	-0.0003	0
0.5	-0.0006	0
0.501	-0.0006	-5E-05
0.502	-0.00075	0
0.503	-0.00105	0
0.504	-0.0006	0
0.505	-0.00075	0
0.506	-0.00045	0
0.507	-0.0006	-5E-05
0.508	-0.00045	-5E-05
0.509	-0.0003	0
0.51	-0.00015	0
0.511	0.0003	0
0.512	-0.0003	0
0.513	-0.0003	-5E-05
0.514	-0.0006	0
0.515	-0.00045	0
0.516	-0.00015	-5E-05
0.517	-0.00105	-5E-05
0.518	-0.0012	0
0.519	-0.00075	-5E-05
0.52	-0.00075	-5E-05
0.521	0	0
0.522	-0.00045	0
0.523	-0.0006	0
0.524	0.00015	0
0.525	-0.00045	-5E-05
0.526	-0.0003	0
0.527	-0.00015	-5E-05
0.528	-0.0006	0
0.529	-0.00075	0
0.53	-0.00045	0
0.531	-0.0009	0
0.532	-0.00075	0
0.533	-0.0006	0
0.534	-0.00075	0
0.535	-0.00045	-5E-05
0.536	-0.00075	0
0.537	-0.00075	0
0.538	-0.0009	0
0.539	-0.00075	0
0.54	-0.00045	-5E-05
0.541	-0.0009	0
0.542	-0.0003	0
0.543	-0.00075	0
0.544	-0.00045	0
0.545	-0.0003	5E-05
0.546	-0.0006	0
0.547	0.00015	0
0.548	-0.0003	0
0.549	-0.00075	-5E-05
0.55	-0.0006	0
0.551	-0.00045	0
0.552	-0.0012	-5E-05
0.553	-0.0006	0
0.554	-0.00075	0
0.555	-0.00075	-5E-05
0.556	-0.00075	0
0.557	-0.00075	0
0.558	-0.0003	-5E-05
0.559	-0.00015	0
0.56	-0.00015	0
0.561	0	-5E-05
0.562	-0.00075	-5E-05
0.563	-0.0006	0
0.564	-0.0009	-5E-05
0.565	-0.0006	-5E-05
0.566	-0.00045	-5E-05
0.567	-0.00075	-5E-05
0.568	-0.0009	0
0.569	-0.0003	0
0.57	-0.00075	-5E-05
0.571	-0.00075	0
0.572	-0.00045	-5E-05
0.573	-0.00075	-5E-05
0.574	0	-5E-05
0.575	-0.0006	0
0.576	-0.0003	0
0.577	0.00015	0
0.578	-0.0003	0
0.579	-0.0003	-5E-05
0.58	-0.0003	0
0.581	-0.0006	0
0.582	0	-5E-05
0.583	-0.00045	0
0.584	-0.00105	0
0.585	-0.00075	-5E-05
0.586	-0.00045	0
0.587	-0.00075	0
0.588	-0.00045	0
0.589	-0.00075	0
0.59	-0.0006	-5E-05
0.591	-0.00015	-5E-05
0.592	-0.0003	0
0.593	-0.00015	0
0.594	-0.0003	-5E-05
0.595	0	-5E-05
0.596	-0.00045	0
0.597	-0.0003	0
0.598	-0.00015	0
0.599	-0.0003	0
0.6	-0.00015	0
0.601	-0.0006	0
0.602	-0.00045	0
0.603	-0.00015	0
0.604	-0.00075	0
0.605	-0.0009	0
0.606	0	0
0.607	-0.0003	0
0.608	0.00015	0
0.609	0	-5E-05
0.61	-0.0006	0
0.611	-0.0003	-5E-05
0.612	0	0
0.613	0.00015	0
0.614	0	-5E-05
0.615	-0.00045	0
0.616	-0.0006	0
0.617	-0.0003	-5E-05
0.618	-0.00045	0
0.619	-0.0003	0
0.62	-0.0003	-5E-05
0.621	-0.0003	0
0.622	0.00015	0
0.623	-0.0003	-5E-05
0.624	-0.00015	0
0.625	-0.00045	0
0.626	-0.0003	0
0.627	0	0
0.628	0	0
0.629	-0.00015	0
0.63	0.00015	0
0.631	-0.00015	-5E-05
0.632	-0.00015	0
0.633	-0.00015	0
0.634	-0.0006	-5E-05
0.635	-0.00015	-5E-05
0.636	-0.0003	0
0.637	0	0
0.638	-0.00045	0
0.639	-0.00045	-5E-05
0.64	-0.0006	-5E-05
0.641	0	0
0.642	-0.00015	0
0.643	0.00015	-5E-05
0.644	0	0
0.645	0	0
0.646	0	0
0.647	-0.0003	-5E-05
0.648	0	0
0.649	-0.0006	-5E-05
0.65	-0.00075	-5E-05
0.651	-0.0003	0
0.652	-0.0006	-5E-05
0.653	-0.00045	0
0.654	-0.00015	0
0.655	-0.00045	-5E-05
0.656	-0.0003	0
0.657	-0.0003	0
0.658	-0.0006	-5E-05
0.659	-0.00015	-5E-05
0.66	-0.00045	0
0.661	0.00015	0
0.662	-0.0003	0
0.663	-0.00015	0
0.664	0.00015	0
0.665	-0.0003	0
0.666	-0.0003	0
0.667	-0.0003	-5E-05
0.668	-0.00045	-5E-05
0.669	-0.00015	0
0.67	-0.0003	0
0.671	-0.00075	0
0.672	-0.00045	0
0.673	-0.0003	-5E-05
0.674	-0.0003	0
0.675	0	0
0.676	-0.0003	0
0.677	-0.0003	0
0.678	0	0
0.679	-0.00045	0
0.68	-0.00045	0
0.681	-0.00045	0
0.682	-0.00075	0
0.683	-0.00015	0
0.684	-0.00105	0
0.685	-0.00075	0
0.686	-0.00075	-5E-05
0.687	-0.0006	0
0.688	-0.0006	0
0.689	-0.0003	0
0.69	-0.00015	0
0.691	-0.00045	-5E-05
0.692	-0.00045	0
0.693	-0.0006	0
0.694	-0.00015	-5E-05
0.695	-0.0003	0
0.696	0	0
0.697	-0.0003	0
0.698	-0.0006	0
0.699	-0.0003	0
0.7	-0.00105	0
0.701	-0.0006	0
0.702	-0.00105	0
0.703	-0.0009	0
0.704	-0.00015	-5E-05
0.705	-0.00045	0
0.706	-0.00075	-5E-05
0.707	-0.0003	-5E-05
0.708	-0.0006	0
0.709	-0.0003	0
0.71	-0.00015	-5E-05
0.711	-0.00045	0
0.712	-0.0006	-5E-05
0.713	-0.00015	0
0.714	-0.00045	0
0.715	-0.00015	0
0.716	-0.0006	0
0.717	-0.00075	0
0.718	-0.00075	0
0.719	-0.00075	0
0.72	-0.00075	-5E-05
0.721	-0.0003	0
0.722	-0.00045	-5E-05
0.723	-0.00045	0
0.724	-0.00045	-5E-05
0.725	-0.00015	-5E-05
0.726	-0.00015	0
0.727	-0.0003	-5E-05
0.728	0	-5E-05
0.729	-0.0006	-5E-05
0.73	-0.00045	-5E-05
0.731	0	0
0.732	-0.00075	-5E-05
0.733	-0.0006	-5E-05
0.734	-0.0006	-5E-05
0.735	-0.0009	0
0.736	-0.00015	-0.0001
0.737	-0.00045	0
0.738	-0.00075	0
0.739	-0.00045	0
0.74	-0.00075	-5E-05
0.741	-0.0006	0
0.742	-0.0006	-5E-05
0.743	-0.0006	0
0.744	-0.00045	0
0.745	-0.0006	0
0.746	-0.00075	0
0.747	-0.0006	0
0.748	-0.0003	-5E-05
0.749	-0.00075	0
0.75	-0.00045	0
0.751	-0.0009	0
0.752	-0.00045	0
0.753	-0.00105	0
0.754	-0.0006	0
0.755	-0.00105	-5E-05
0.756	-0.00045	-5E-05
0.757	-0.00045	0
0.758	-0.0006	-5E-05
0.759	-0.0006	-5E-05
0.76	-0.0003	0
0.761	-0.0003	0
0.762	-0.00045	0
0.763	-0.00015	-5E-05
0.764	-0.0009	0
0.765	-0.00045	0
0.766	-0.0006	0
0.767	-0.00105	0
0.768	-0.0009	0
0.769	-0.00105	0
0.77	-0.00075	0
0.771	-0.00045	0
0.772	-0.00075	0
0.773	-0.0012	0
0.774	0.00015	0
0.775	-0.00045	-5E-05
0.776	-0.0003	-5E-05
0.777	-0.00045	0
0.778	-0.0006	0
0.779	-0.0009	-5E-05
0.78	-0.00075	-5E-05
0.781	-0.00015	0
0.782	-0.0003	-5E-05
0.783	-0.00075	0
0.784	-0.00105	0
0.785	-0.00135	0
0.786	-0.00135	0
0.787	-0.00045	0
0.788	-0.00105	-5E-05
0.789	-0.00075	-5E-05
0.79	-0.0012	-5E-05
0.791	-0.0009	0
0.792	0	0
0.793	-0.00075	0
0.794	-0.00105	0
0.795	-0.00105	-5E-05
0.796	-0.0012	0
0.797	-0.0006	-5E-05
0.798	-0.00015	-5E-05
0.799	-0.00135	-5E-05
0.8	-0.0012	-5E-05
0.801	-0.00135	0
0.802	-0.0015	0
0.803	-0.00105	-5E-05
0.804	-0.00165	0
0.805	-0.00105	-5E-05
0.806	-0.0012	0
0.807	-0.00135	0
0.808	-0.0009	0
0.809	-0.0009	-5E-05
0.81	-0.0009	0
0.811	-0.0009	0
0.812	-0.00135	-5E-05
0.813	-0.0012	-5E-05
0.814	-0.0012	0
0.815	-0.0012	-5E-05
0.816	-0.00075	0
0.817	-0.00075	0
0.818	-0.00105	0
0.819	-0.00135	-5E-05
0.82	-0.00135	0
0.821	-0.00045	-5E-05
0.822	-0.00075	0
0.823	-0.00105	0
0.824	-0.00135	-5E-05
0.825	-0.00075	-5E-05
0.826	-0.00045	0
0.827	-0.00015	0
0.828	-0.0006	-5E-05
0.829	-0.0009	0
0.83	-0.00075	0
0.831	-0.00075	0
0.832	-0.0006	5E-05
0.833	-0.0003	0
0.834	0.00015	0
0.835	-0.00135	0
0.836	-0.00075	0
0.837	-0.00045	0
0.838	-0.0006	0
0.839	0	0
0.84	-0.0006	0
0.841	-0.00075	0
0.842	0.00015	-5E-05
0.843	0.0009	0
0.844	0.00015	0
0.845	-0.00045	0
0.846	-0.00045	0
0.847	0.00045	0
0.848	0.00045	-5E-05
0.849	-0.0003	0
0.85	-0.0003	0
0.851	0	0
0.852	0.00015	0
0.853	-0.0003	0
0.854	-0.00045	-5E-05
0.855	0	0
0.856	0.0009	0
0.857	0.00015	0
0.858	0	0
0.859	-0.00015	0
0.86	0.0006	-5E-05
0.861	0.00105	0
0.862	-0.0006	0
0.863	-0.00015	0
0.864	-0.00015	0
0.865	-0.00045	0
0.866	-0.00045	-5E-05
0.867	-0.0003	0
0.868	-0.0003	0
0.869	0.00015	-5E-05
0.87	-0.00015	0
0.871	0	-5E-05
0.872	0.0003	0
0.873	-0.0003	-5E-05
0.874	-0.00015	0
0.875	0	0
0.876	-0.00015	0
0.877	0.00105	0
0.878	-0.00075	-5E-05
0.879	0	0
0.88	0	0
0.881	-0.0003	0
0.882	0	-5E-05
0.883	-0.00045	0
0.884	-0.0006	0
0.885	-0.00015	0
0.886	-0.0003	-5E-05
0.887	-0.00045	0
0.888	0.0003	-5E-05
0.889	-0.00075	0
0.89	0	0
0.891	-0.00045	0
0.892	-0.00015	0
0.893	0.00015	-5E-05
0.894	-0.0003	-5E-05
0.895	0.00015	-5E-05
0.896	0	0
0.897	-0.0006	0
0.898	0.0006	-5E-05
0.899	-0.00015	0
0.9	-0.0006	0
0.901	-0.0003	-5E-05
0.902	-0.0006	-5E-05
0.903	-0.0006	0
0.904	-0.0003	0
0.905	-0.00015	0
0.906	0.00015	-5E-05
0.907	0	0
0.908	-0.00015	0
0.909	0	0
0.91	-0.0009	-5E-05
0.911	0	0
0.912	-0.0003	0
0.913	-0.0003	0
0.914	-0.00045	0
0.915	-0.0003	0
0.916	-0.0003	0
0.917	-0.00015	-5E-05
0.918	-0.0012	-5E-05
0.919	-0.00045	0
0.92	0.00015	0
0.921	-0.00105	0
0.922	0	0
0.923	-0.0003	0
0.924	-0.00015	0
0.925	0	-5E-05
0.926	0	0
0.927	0.0003	0
0.928	-0.00015	0
0.929	0.00045	0
0.93	0	0
0.931	0	0
0.932	-0.0003	0
0.933	-0.00015	0
0.934	-0.00045	0
0.935	-0.0003	5E-05
0.936	-0.00015	0
0.937	-0.0003	0
0.938	0	0
0.939	-0.0006	0
0.94	0.0003	0
0.941	-0.00015	0
0.942	-0.00045	0
0.943	-0.00015	0
0.944	0.0003	0
0.945	-0.0003	0
0.946	0	0
0.947	-0.0003	0
0.948	0	0
0.949	-0.00015	0
0.95	0.00015	0
0.951	-0.00015	0
0.952	-0.00015	0
0.953	-0.00105	-5E-05
0.954	0	0
0.955	-0.00045	-5E-05
0.956	-0.0003	0
0.957	0	-5E-05
0.958	-0.00045	0
0.959	0	-5E-05
0.96	-0.00045	0
0.961	0	5E-05
0.962	0.0003	0
0.963	0.0003	0
0.964	-0.00015	0
0.965	0	-5E-05
0.966	-0.00015	-5E-05
0.967	-0.0003	0
0.968	-0.0003	-5E-05
0.969	-0.00045	-5E-05
0.97	-0.0006	-5E-05
0.971	-0.00015	-5E-05
0.972	0.00015	0
0.973	0	0
0.974	-0.0003	0
0.975	0	-5E-05
0.976	0	0
0.977	0.00015	0
0.978	0.0003	0
0.979	-0.0003	0
0.98	0	0
0.981	-0.0003	0
0.982	-0.00045	0
0.983	-0.00015	-5E-05
0.984	-0.00045	-5E-05
0.985	-0.0009	0
0.986	0	-5E-05
0.987	-0.0003	0
0.988	-0.0003	0
0.989	0	0
0.99	-0.00045	0
0.991	-0.0006	-5E-05
0.992	-0.0003	0
0.993	-0.00015	0
0.994	0.00045	0
0.995	0.0003	-5E-05
0.996	-0.0006	0
0.997	-0.00015	0
0.998	-0.00015	0
0.999	-0.00015	-5E-05
1	-0.0006	0
1.001	-0.0006	0
1.002	-0.00015	5E-05
1.003	-0.00015	-5E-05
1.004	-0.0003	0
1.005	-0.00045	0
1.006	-0.00015	0
1.007	-0.00015	0
1.008	0	0
1.009	-0.0006	0
1.01	-0.0003	-5E-05
1.011	-0.00045	0
1.012	-0.0009	0
1.013	-0.0003	0
1.014	-0.00015	0
1.015	-0.00015	0
1.016	-0.00075	0
1.017	-0.00075	0
1.018	-0.00075	0
1.019	-0.00105	0
1.02	-0.0003	0
1.021	-0.0006	0
1.022	-0.00105	0
1.023	-0.00015	-5E-05
1.024	-0.0003	0
1.025	-0.0003	0
1.026	0	0
1.027	-0.0006	0
1.028	-0.00075	0
1.029	-0.00045	0
1.03	-0.00045	-5E-05
1.031	-0.00015	0
1.032	-0.00075	0
1.033	-0.00075	0
1.034	-0.00045	0
1.035	-0.00075	-5E-05
1.036	-0.00075	0
1.037	-0.0003	0
1.038	-0.0003	0
1.039	-0.0006	0
1.04	-0.0006	-5E-05
1.041	-0.0006	0
1.042	-0.0003	0
1.043	-0.00075	0
1.044	0	0
1.045	-0.00015	-5E-05
1.046	-0.00075	0
1.047	0.00015	-5E-05
1.048	-0.00015	-5E-05
1.049	-0.00075	0
1.05	-0.00045	-5E-05
1.051	-0.00105	-5E-05
1.052	-0.00105	-5E-05
1.053	-0.0006	0
1.054	-0.00075	-5E-05
1.055	-0.0003	0
1.056	-0.00015	-5E-05
1.057	-0.0006	0
1.058	-0.00045	0
1.059	-0.00045	-5E-05
1.06	-0.00075	-5E-05
1.061	-0.00045	0
1.062	-0.00075	-5E-05
1.063	-0.00045	0
1.064	-0.0012	-5E-05
1.065	-0.0003	-5E-05
1.066	-0.00045	-5E-05
1.067	-0.0012	0
1.068	-0.00075	-5E-05
1.069	-0.00045	0
1.07	-0.00015	0
1.071	-0.0009	-5E-05
1.072	-0.0009	-5E-05
1.073	-0.0003	0
1.074	-0.0006	0
1.075	-0.00045	0
1.076	-0.00015	0
1.077	-0.00045	-5E-05
1.078	-0.00045	0
1.079	-0.0003	0
1.08	-0.0006	-5E-05
1.081	-0.0003	0
1.082	-0.0006	0
1.083	-0.00075	-5E-05
1.084	-0.00045	-5E-05
1.085	-0.00135	0
1.086	-0.0009	0
1.087	-0.0003	0
1.088	-0.00105	-5E-05
1.089	-0.00075	0
1.09	-0.00015	0
1.091	-0.00075	0
1.092	-0.00075	0
1.093	-0.00015	0
1.094	-0.00015	0
1.095	-0.00045	0
1.096	-0.0003	0
1.097	0	0
1.098	-0.00075	0
1.099	-0.0009	0
1.1	-0.00105	-5E-05
1.101	-0.0006	0
1.102	-0.00045	0
1.103	-0.0009	-5E-05
1.104	-0.0006	0
1.105	-0.00045	0
1.106	-0.0006	0
1.107	-0.00075	0
1.108	-0.0003	0
1.109	-0.0012	0
1.11	-0.00045	0
1.111	-0.0003	0
1.112	-0.0003	0
1.113	0.0003	0
1.114	-0.00045	0
1.115	-0.00045	0
1.116	-0.00075	-5E-05
1.117	-0.0006	-5E-05
1.118	-0.00075	0
1.119	-0.00075	0
1.12	-0.00105	0
1.121	-0.0006	-5E-05
1.122	-0.00045	-5E-05
1.123	-0.00045	0
1.124	-0.0003	0
1.125	-0.0006	0
1.126	-0.00015	0
1.127	0.0003	0
1.128	0	0
1.129	0	-5E-05
1.13	-0.0006	-5E-05
1.131	-0.0006	-5E-05
1.132	-0.00045	-5E-05
1.133	-0.00045	-5E-05
1.134	-0.0006	0
1.135	-0.0012	-5E-05
1.136	-0.00075	0
1.137	-0.00075	-5E-05
1.138	-0.00015	-5E-05
1.139	-0.0003	0
1.14	-0.0003	-5E-05
1.141	-0.00015	-5E-05
1.142	-0.00045	0
1.143	-0.00015	-5E-05
1.144	-0.00015	0
1.145	0.00015	0
1.146	-0.00045	-5E-05
1.147	-0.00045	0
1.148	0.00015	0
1.149	-0.0003	0
1.15	-0.00015	0
1.151	-0.00045	0
1.152	-0.0009	-5E-05
1.153	-0.00045	-5E-05
1.154	-0.0006	0
1.155	-0.0003	0
1.156	-0.00015	0
1.157	-0.00045	-5E-05
1.158	-0.0006	-5E-05
1.159	-0.00015	-5E-05
1.16	-0.00015	0
1.161	0.00015	0
1.162	-0.0003	0
1.163	-0.00015	0
1.164	-0.00045	-5E-05
1.165	-0.00015	0
1.166	-0.0006	0
1.167	-0.0009	-5E-05
1.168	-0.0009	0
1.169	0.0003	0
1.17	-0.0003	0
1.171	-0.0009	0
1.172	-0.00015	0
1.173	-0.0003	0
1.174	0.00015	0
1.175	-0.00015	0
1.176	0	-5E-05
1.177	0.0003	0
1.178	-0.00075	0
1.179	-0.00015	0
1.18	-0.00015	0
1.181	-0.0003	0
1.182	-0.0003	-5E-05
1.183	-0.0003	0
1.184	-0.00045	0
1.185	-0.00045	0
1.186	-0.00045	0
1.187	-0.0003	0
1.188	0.00015	0
1.189	-0.0012	-5E-05
1.19	0	0
1.191	0	0
1.192	-0.0003	-5E-05
1.193	0	0
1.194	-0.00015	0
1.195	-0.00015	0
1.196	-0.00015	0
1.197	0	-5E-05
1.198	-0.00045	0
1.199	-0.00075	0
1.2	-0.00045	-5E-05
1.201	0	-5E-05
1.202	-0.0006	0
1.203	-0.00045	0
1.204	-0.00045	-5E-05
1.205	-0.00075	0
1.206	0	-5E-05
1.207	-0.00045	0
1.208	0.00015	0
1.209	0	-5E-05
1.21	-0.0009	0
1.211	-0.0003	0
1.212	0	-5E-05
1.213	-0.0009	0
1.214	-0.00045	-5E-05
1.215	-0.0003	0
1.216	-0.0006	0
1.217	-0.00075	0
1.218	-0.0009	-5E-05
1.219	-0.0003	0
1.22	0.00015	0
1.221	-0.0003	-5E-05
1.222	-0.00015	0
1.223	-0.0006	-5E-05
1.224	-0.0006	-5E-05
1.225	-0.00015	-5E-05
1.226	-0.00045	-5E-05
1.227	-0.0009	-5E-05
1.228	-0.0006	-5E-05
1.229	0	0
1.23	-0.0006	0
1.231	-0.00075	0
1.232	-0.0009	0
1.233	-0.0003	0
1.234	-0.0009	-5E-05
1.235	-0.00135	0
1.236	-0.00075	-5E-05
1.237	-0.00075	0
1.238	-0.00075	-5E-05
1.239	-0.0015	0
1.24	-0.00075	0
1.241	-0.00015	0
1.242	-0.00015	-5E-05
1.243	-0.0003	0
1.244	-0.0009	0
1.245	-0.00105	-5E-05
1.246	0.0003	0
1.247	0.00015	0
1.248	-0.0006	0
1.249	-0.00105	0
1.25	-0.0015	-5E-05
1.251	-0.0003	0
1.252	-0.0003	0
1.253	-0.00135	0
1.254	-0.0009	0
1.255	-0.0006	0
1.256	-0.00075	0
1.257	0.00015	-5E-05
1.258	-0.0003	-5E-05
1.259	0.00015	0
1.26	-0.0003	0
1.261	-0.0006	0
1.262	0	0
1.263	-0.00015	0
1.264	-0.00015	0
1.265	-0.00075	0
1.266	-0.00045	0
1.267	0	5E-05
1.268	-0.00045	0
1.269	-0.00045	0
1.27	-0.00015	0
1.271	-0.0006	0
1.272	-0.0003	0
1.273	-0.00015	0
1.274	-0.0003	0
1.275	0	0
1.276	-0.0003	0
1.277	-0.0003	-5E-05
1.278	-0.00015	0
1.279	-0.00045	0
1.28	0.00015	0
1.281	0.00045	0
1.282	-0.0006	0
1.283	-0.00015	-5E-05
1.284	-0.00045	0
1.285	-0.00075	-5E-05
1.286	-0.00075	-5E-05
1.287	-0.0006	0
1.288	-0.00015	-5E-05
1.289	-0.00045	-5E-05
1.29	-0.00105	0
1.291	-0.00015	0
1.292	0	0
1.293	0	0
1.294	0	-5E-05
1.295	-0.0003	-5E-05
1.296	-0.0003	0
1.297	0	0
1.298	-0.0003	0
1.299	-0.0012	0
1.3	-0.0006	0
1.301	-0.00075	-5E-05
1.302	-0.00045	0
1.303	-0.0009	0
1.304	-0.00075	0
1.305	-0.00045	0
1.306	-0.0003	0
1.307	-0.0003	-5E-05
1.308	-0.0009	0
1.309	-0.0003	0
1.31	0	0
1.311	-0.00045	0
1.312	-0.00075	0
1.313	-0.00045	0
1.314	-0.0009	0
1.315	0.0003	-5E-05
1.316	-0.00015	0
1.317	-0.0006	0
1.318	-0.0006	0
1.319	-0.0009	0
1.32	-0.0009	0
1.321	-0.0006	0
1.322	-0.00075	0
1.323	-0.00015	-5E-05
1.324	-0.00045	-5E-05
1.325	-0.00045	0
1.326	0.0006	0
1.327	0.00015	-5E-05
1.328	-0.0003	0
1.329	-0.0003	-5E-05
1.33	-0.00045	0
1.331	-0.00015	0
1.332	-0.0009	0
1.333	-0.00075	0
1.334	-0.00045	0
1.335	-0.0006	0
1.336	-0.00015	0
1.337	-0.00015	0
1.338	-0.00075	0
1.339	0	-5E-05
1.34	-0.0006	-5E-05
1.341	-0.0006	0
1.342	0	0
1.343	-0.00045	0
1.344	0.00015	0
1.345	-0.00045	0
1.346	-0.00075	0
1.347	0.0003	-5E-05
1.348	-0.00045	0
1.349	-0.00075	0
1.35	-0.0006	0
1.351	-0.00045	-5E-05
1.352	-0.00075	0
1.353	-0.00045	-5E-05
1.354	-0.0006	0
1.355	0	0
1.356	-0.0006	0
1.357	-0.00045	0
1.358	-0.0003	0
1.359	-0.0006	0
1.36	-0.0003	5E-05
1.361	-0.00075	0
1.362	-0.00045	-5E-05
1.363	-0.00015	0
1.364	-0.00045	-5E-05
1.365	-0.00045	0
1.366	-0.0006	0
1.367	-0.0009	0
1.368	-0.00075	-5E-05
1.369	-0.00075	0
1.37	-0.00075	0
1.371	-0.00015	-5E-05
1.372	-0.00075	0
1.373	-0.00045	0
1.374	-0.00045	-5E-05
1.375	-0.00045	0
1.376	0.00015	-5E-05
1.377	-0.00015	0
1.378	-0.0006	0
1.379	0.00015	-5E-05
1.38	-0.0006	-5E-05
1.381	-0.0003	0
1.382	-0.0006	-5E-05
1.383	-0.0009	-5E-05
1.384	-0.0003	0
1.385	-0.00075	0
1.386	-0.00105	0
1.387	-0.0003	0
1.388	-0.00045	-5E-05
1.389	-0.0006	0
1.39	-0.00045	0
1.391	-0.00105	-5E-05
1.392	-0.00015	-5E-05
1.393	-0.0003	0
1.394	-0.00015	0
1.395	-0.0003	-5E-05
1.396	-0.0006	0
1.397	-0.00015	0
1.398	-0.0003	0
1.399	-0.00075	0
1.4	-0.00075	-5E-05
1.401	-0.0009	0
1.402	-0.00075	-5E-05
1.403	-0.00015	0
1.404	-0.00105	0
1.405	-0.0009	0
1.406	-0.00045	0
1.407	-0.0006	-5E-05
1.408	-0.00015	0
1.409	-0.00045	-5E-05
1.41	-0.00045	0
1.411	-0.00045	0
1.412	-0.00075	-5E-05
1.413	-0.0006	0
1.414	-0.00075	0
1.415	-0.00075	0
1.416	-0.0006	0
1.417	-0.0006	0
1.418	-0.0009	0
1.419	-0.00015	0
1.42	-0.00075	0
1.421	-0.0012	-5E-05
1.422	-0.00105	-5E-05
1.423	-0.00075	0
1.424	-0.00015	0
1.425	-0.00045	0
1.426	-0.0006	0
1.427	-0.0006	0
1.428	-0.00045	-5E-05
1.429	0	0
1.43	-0.00045	-5E-05
1.431	-0.00105	0
1.432	-0.0003	0
1.433	-0.00045	0
1.434	-0.00045	0
1.435	-0.0006	0
1.436	-0.0009	-5E-05
1.437	-0.00075	0
1.438	-0.0006	0
1.439	-0.0009	0
1.44	-0.0006	0
1.441	-0.0003	0
1.442	-0.00045	0
1.443	-0.0003	-5E-05
1.444	-0.0003	0
1.445	-0.0003	0
1.446	-0.00045	0
1.447	-0.0009	0
1.448	-0.0006	-5E-05
1.449	-0.00075	0
1.45	-0.00075	0
1.451	-0.0006	0
1.452	-0.00075	0
1.453	-0.0009	0
1.454	-0.0006	0
1.455	-0.00045	0
1.456	-0.0006	0
1.457	-0.00075	-5E-05
1.458	-0.00045	0
1.459	-0.0003	0
1.46	-0.0003	0
1.461	0	-5E-05
1.462	-0.0003	-5E-05
1.463	-0.0006	0
1.464	0.00015	0
1.465	-0.0009	-5E-05
1.466	-0.00075	0
1.467	-0.0009	0
1.468	-0.0006	-5E-05
1.469	0.00015	-5E-05
1.47	-0.00075	0
1.471	-0.0006	-5E-05
1.472	-0.0003	0
1.473	-0.00075	-5E-05
1.474	-0.0006	0
1.475	-0.00045	0.0001
1.476	-0.0006	0.00035
1.477	-0.00015	0.00045
1.478	-0.00045	0.00055
1.479	-0.00015	0.0006
1.48	0	0.00065
1.481	-0.00045	0.0006
1.482	-0.0006	0.00065
1.483	-0.00045	0.00065
1.484	-0.0006	0.0007
1.485	-0.0003	0.00065
1.486	-0.0006	0.00075
1.487	-0.0006	0.00075
1.488	-0.00015	0.00075
1.489	-0.00045	0.0008
1.49	0.0003	0.0008
1.491	-0.00015	0.0008
1.492	-0.0006	0.00085
1.493	0	0.00085
1.494	0.00045	0.0009
1.495	-0.0003	0.00095
1.496	0.00015	0.0009
1.497	-0.00015	0.00095
1.498	-0.0006	0.00105
1.499	-0.0006	0.0012
1.5	-0.0009	0.0014
1.501	-0.00135	0.0017
1.502	-0.00165	0.0021
1.503	-0.0021	0.0026
1.504	-0.0024	0.0032
1.505	-0.003	0.00385
1.506	-0.0036	0.0045
1.507	-0.00405	0.0052
1.508	-0.00495	0.0059
1.509	-0.00495	0.0061
1.51	-0.0048	0.0065
1.511	-0.0057	0.0068
1.512	-0.0057	0.0072
1.513	-0.006	0.0075
1.514	-0.00675	0.00785
1.515	-0.00675	0.0082
1.516	-0.00735	0.00855
1.517	-0.00795	0.0089
1.518	-0.00825	0.0092
1.519	-0.00915	0.0095
1.52	-0.00915	0.00985
1.521	-0.00915	0.01015
1.522	-0.0096	0.01045
1.523	-0.00945	0.01075
1.524	-0.01035	0.01105
1.525	-0.0102	0.01135
1.526	-0.0105	0.01165
1.527	-0.0105	0.01195
1.528	-0.01125	0.0122
1.529	-0.01155	0.0125
1.53	-0.012	0.01275
1.531	-0.01215	0.01305
1.532	-0.0123	0.0133
1.533	-0.0129	0.0135
1.534	-0.01335	0.0138
1.535	-0.0138	0.014
1.536	-0.01335	0.01425
1.537	-0.01365	0.0145
1.538	-0.01365	0.0147
1.539	-0.0141	0.0149
1.54	-0.01395	0.01515
1.541	-0.01425	0.0153
1.542	-0.0141	0.0155
1.543	-0.0147	0.01575
1.544	-0.01485	0.01595
1.545	-0.0147	0.0162
1.546	-0.01575	0.01635
1.547	-0.01515	0.01655
1.548	-0.01575	0.01675
1.549	-0.01605	0.0169
1.55	-0.01605	0.0171
1.551	-0.01605	0.0173
1.552	-0.0168	0.0174
1.553	-0.0165	0.01755
1.554	-0.0168	0.01775
1.555	-0.0171	0.0179
1.556	-0.0168	0.01805
1.557	-0.01725	0.0182
1.558	-0.0171	0.0184
1.559	-0.0174	0.01855
1.56	-0.0177	0.0187
1.561	-0.0177	0.0189
1.562	-0.01785	0.0191
1.563	-0.018	0.01935
1.564	-0.01815	0.0196
1.565	-0.0186	0.0198
1.566	-0.01905	0.0201
1.567	-0.0192	0.02035
1.568	-0.01935	0.02055
1.569	-0.0195	0.02085
1.57	-0.0201	0.0212
1.571	-0.01995	0.0215
1.572	-0.02055	0.02185
1.573	-0.02115	0.02215
1.574	-0.0207	0.0225
1.575	-0.021	0.0229
1.576	-0.0216	0.02325
1.577	-0.021	0.02365
1.578	-0.0222	0.024
1.579	-0.0225	0.0244
1.58	-0.02235	0.0248
1.581	-0.0234	0.02515
1.582	-0.024	0.0255
1.583	-0.02385	0.0259
1.584	-0.02475	0.0263
1.585	-0.02505	0.0267
1.586	-0.02505	0.02705
1.587	-0.0258	0.02745
1.588	-0.02565	0.0279
1.589	-0.02625	0.02825
1.59	-0.02685	0.0287
1.591	-0.0267	0.0291
1.592	-0.02715	0.02955
1.593	-0.0273	0.02995
1.594	-0.0276	0.0304
1.595	-0.0288	0.0308
1.596	-0.0288	0.03125
1.597	-0.02895	0.03175
1.598	-0.0291	0.03215
1.599	-0.0297	0.03255
1.6	-0.03075	0.03305
1.601	-0.0315	0.03355
1.602	-0.0315	0.034
1.603	-0.03225	0.03445
1.604	-0.0318	0.03495
1.605	-0.03135	0.0341
1.606	-0.03135	0.03395
1.607	-0.0306	0.03395
1.608	-0.03075	0.03405
1.609	-0.03045	0.0341
1.61	-0.0306	0.0341
1.611	-0.0312	0.03415
1.612	-0.03045	0.0342
1.613	-0.03105	0.03425
1.614	-0.03105	0.03425
1.615	-0.0306	0.0343
1.616	-0.03105	0.0344
1.617	-0.03135	0.0344
1.618	-0.03105	0.03445
1.619	-0.0315	0.03455
1.62	-0.03135	0.03455
1.621	-0.03135	0.03455
1.622	-0.03135	0.03465
1.623	-0.03075	0.0346
1.624	-0.03135	0.03475
1.625	-0.03165	0.03475
1.626	-0.03135	0.03475
1.627	-0.0309	0.03475
1.628	-0.0309	0.03485
1.629	-0.0312	0.03485
1.63	-0.0318	0.0349
1.631	-0.03135	0.03485
1.632	-0.03105	0.0349
1.633	-0.0315	0.03495
1.634	-0.0318	0.03495
1.635	-0.0324	0.03495
1.636	-0.03195	0.035
1.637	-0.03135	0.03505
1.638	-0.0309	0.0351
1.639	-0.0318	0.03515
1.64	-0.03195	0.03515
1.641	-0.03195	0.0352
1.642	-0.0315	0.03525
1.643	-0.03105	0.0335
1.644	-0.0312	0.0333
1.645	-0.03165	0.03315
1.646	-0.03195	0.0331
1.647	-0.03135	0.03305
1.648	-0.0315	0.03305
1.649	-0.0318	0.033
1.65	-0.03195	0.033
1.651	-0.0324	0.03295
1.652	-0.0327	0.0329
1.653	-0.0315	0.033
1.654	-0.03225	0.033
1.655	-0.03225	0.03295
1.656	-0.03225	0.033
1.657	-0.03225	0.03295
1.658	-0.03165	0.03295
1.659	-0.0318	0.03295
1.66	-0.03165	0.033
1.661	-0.03135	0.033
1.662	-0.03165	0.033
1.663	-0.0324	0.03295
1.664	-0.0318	0.03295
1.665	-0.03225	0.03295
1.666	-0.0318	0.03295
1.667	-0.0321	0.03295
1.668	-0.03225	0.03295
1.669	-0.0321	0.03295
1.67	-0.03255	0.033
1.671	-0.0321	0.03295
1.672	-0.0321	0.03295
1.673	-0.0315	0.0329
1.674	-0.0315	0.03295
1.675	-0.03135	0.03295
1.676	-0.0318	0.03295
1.677	-0.0312	0.03295
1.678	-0.03135	0.033
1.679	-0.0321	0.033
1.68	-0.03195	0.03295
1.681	-0.0321	0.033
1.682	-0.0324	0.03295
1.683	-0.0318	0.03295
1.684	-0.03195	0.03295
1.685	-0.03255	0.03295
1.686	-0.0318	0.03295
1.687	-0.03195	0.0329
1.688	-0.0318	0.03295
1.689	-0.0315	0.03295
1.69	-0.0318	0.03295
1.691	-0.03165	0.03295
1.692	-0.0318	0.03295
1.693	-0.03135	0.03295
1.694	-0.03135	0.03295
1.695	-0.0312	0.03305
1.696	-0.0321	0.03295
1.697	-0.03105	0.033
1.698	-0.03165	0.033
1.699	-0.0312	0.03295
1.7	-0.0321	0.03295
1.701	-0.03165	0.033
1.702	-0.03195	0.033
1.703	-0.03225	0.03295
1.704	-0.0312	0.03295
1.705	-0.03135	0.03295
1.706	-0.03165	0.03295
1.707	-0.0312	0.03295
1.708	-0.03165	0.03295
1.709	-0.03165	0.03295
1.71	-0.0312	0.0329
1.711	-0.0315	0.03295
1.712	-0.0312	0.03295
1.713	-0.0315	0.03295
1.714	-0.03195	0.03295
1.715	-0.0312	0.033
1.716	-0.0318	0.03295
1.717	-0.03225	0.03295
1.718	-0.03135	0.03295
1.719	-0.03225	0.03295
1.72	-0.0321	0.03295
1.721	-0.03195	0.03295
1.722	-0.0318	0.03295
1.723	-0.0312	0.03295
1.724	-0.0315	0.033
1.725	-0.0315	0.03295
1.726	-0.03105	0.03295
1.727	-0.0315	0.0329
1.728	-0.0318	0.033
1.729	-0.03135	0.03305
1.73	-0.03195	0.033
1.731	-0.0315	0.03295
1.732	-0.03225	0.03295
1.733	-0.03195	0.033
1.734	-0.0315	0.033
1.735	-0.0324	0.033
1.736	-0.0318	0.03295
1.737	-0.03225	0.03295
1.738	-0.0321	0.0329
1.739	-0.03165	0.03295
1.74	-0.03195	0.03295
1.741	-0.0321	0.0329
1.742	-0.03135	0.03295
1.743	-0.03195	0.03295
1.744	-0.03135	0.03295
1.745	-0.0315	0.03295
1.746	-0.0318	0.03295
1.747	-0.03105	0.0329
1.748	-0.0318	0.03295
1.749	-0.03255	0.03295
1.75	-0.03105	0.033
1.751	-0.03195	0.03295
1.752	-0.03195	0.03295
1.753	-0.03195	0.03295
1.754	-0.03195	0.03295
1.755	-0.0318	0.03295
1.756	-0.0318	0.033
1.757	-0.0315	0.033
1.758	-0.03195	0.0329
1.759	-0.0315	0.033
1.76	-0.03135	0.03295
1.761	-0.0309	0.03295
1.762	-0.03165	0.03295
1.763	-0.0315	0.03295
1.764	-0.0315	0.03295
1.765	-0.03225	0.0329
1.766	-0.0315	0.0329
1.767	-0.0321	0.033
1.768	-0.03135	0.03295
1.769	-0.0321	0.03295
1.77	-0.0327	0.03295
1.771	-0.0321	0.03295
1.772	-0.0318	0.03295
1.773	-0.0315	0.0329
1.774	-0.0315	0.0329
1.775	-0.03135	0.033
1.776	-0.0315	0.03295
1.777	-0.0309	0.03295
1.778	-0.0315	0.0329
1.779	-0.0321	0.03295
1.78	-0.0321	0.033
1.781	-0.03165	0.03295
1.782	-0.03135	0.03295
1.783	-0.03165	0.033
1.784	-0.0321	0.03295
1.785	-0.0318	0.03295
1.786	-0.0318	0.03295
1.787	-0.03195	0.033
1.788	-0.03165	0.03285
1.789	-0.03195	0.0329
1.79	-0.0315	0.03295
1.791	-0.0318	0.03295
1.792	-0.0318	0.03295
1.793	-0.0309	0.03295
1.794	-0.03165	0.03295
1.795	-0.03105	0.03295
1.796	-0.03135	0.03295
1.797	-0.03135	0.03295
1.798	-0.0315	0.03295
1.799	-0.03075	0.0329
1.8	-0.0321	0.03295
1.801	-0.03165	0.0329
1.802	-0.03225	0.03295
1.803	-0.0321	0.033
1.804	-0.03165	0.03295
1.805	-0.0321	0.033
1.806	-0.03195	0.03295
1.807	-0.03135	0.03295
1.808	-0.0312	0.03295
1.809	-0.03105	0.03295
1.81	-0.0315	0.033
1.811	-0.03165	0.033
1.812	-0.03075	0.03295
1.813	-0.0312	0.03295
1.814	-0.03165	0.0329
1.815	-0.0315	0.033
1.816	-0.0315	0.03295
1.817	-0.03135	0.03295
1.818	-0.03135	0.03295
1.819	-0.0318	0.03295
1.82	-0.0309	0.0329
1.821	-0.03075	0.033
1.822	-0.03195	0.03305
1.823	-0.0312	0.033
1.824	-0.03135	0.03295
1.825	-0.03045	0.0329
1.826	-0.0306	0.03295
1.827	-0.0312	0.0329
1.828	-0.0312	0.0329
1.829	-0.0309	0.03295
1.83	-0.03105	0.03295
1.831	-0.0315	0.03295
1.832	-0.03165	0.0329
1.833	-0.0315	0.03295
1.834	-0.0312	0.0329
1.835	-0.0318	0.033
1.836	-0.03165	0.03295
1.837	-0.03135	0.03295
1.838	-0.03135	0.03295
1.839	-0.0309	0.033
1.84	-0.03105	0.03295
1.841	-0.0309	0.033
1.842	-0.0312	0.03295
1.843	-0.0312	0.03295
1.844	-0.03075	0.033
1.845	-0.03075	0.03295
1.846	-0.0315	0.033
1.847	-0.0312	0.033
1.848	-0.0309	0.033
1.849	-0.0312	0.033
1.85	-0.0312	0.033
1.851	-0.0309	0.033
1.852	-0.03135	0.033
1.853	-0.03135	0.0329
1.854	-0.0309	0.033
1.855	-0.03135	0.0329
1.856	-0.03165	0.0329
1.857	-0.0312	0.03295
1.858	-0.03075	0.03295
1.859	-0.0312	0.03295
1.86	-0.0312	0.03295
1.861	-0.03075	0.03295
1.862	-0.03105	0.03295
1.863	-0.03075	0.0329
1.864	-0.03165	0.0329
1.865	-0.0318	0.03295
1.866	-0.0315	0.03295
1.867	-0.0318	0.03295
1.868	-0.03105	0.033
1.869	-0.0321	0.03295
1.87	-0.0318	0.03295
1.871	-0.0312	0.03295
1.872	-0.03075	0.03295
1.873	-0.03195	0.033
1.874	-0.0315	0.033
1.875	-0.0309	0.033
1.876	-0.03135	0.03295
1.877	-0.0312	0.0329
1.878	-0.03165	0.0329
1.879	-0.0309	0.03295
1.88	-0.03105	0.03295
1.881	-0.03135	0.03295
1.882	-0.0318	0.03295
1.883	-0.03285	0.03295
1.884	-0.03195	0.0329
1.885	-0.03135	0.0329
1.886	-0.03195	0.0329
1.887	-0.0321	0.03295
1.888	-0.03165	0.033
1.889	-0.03075	0.03295
1.89	-0.0315	0.0329
1.891	-0.0318	0.03295
1.892	-0.03165	0.03295
1.893	-0.0306	0.03295
1.894	-0.03165	0.03295
1.895	-0.0318	0.033
1.896	-0.0312	0.033
1.897	-0.0315	0.033
1.898	-0.0318	0.0329
1.899	-0.03225	0.03295
1.9	-0.0318	0.03295
1.901	-0.0318	0.03295
1.902	-0.03195	0.033
1.903	-0.03195	0.03295
1.904	-0.0321	0.03295
1.905	-0.03255	0.0329
1.906	-0.0318	0.03295
1.907	-0.03135	0.03295
1.908	-0.03195	0.03295
1.909	-0.0318	0.0329
1.91	-0.03165	0.03285
1.911	-0.03135	0.03295
1.912	-0.0315	0.03295
1.913	-0.0315	0.03295
1.914	-0.03165	0.03295
1.915	-0.0321	0.0329
1.916	-0.0321	0.033
1.917	-0.0315	0.0329
1.918	-0.03195	0.0329
1.919	-0.0321	0.0329
1.92	-0.03225	0.0329
1.921	-0.03195	0.03295
1.922	-0.03165	0.03295
1.923	-0.03195	0.03295
1.924	-0.03165	0.03295
1.925	-0.03195	0.03295
1.926	-0.0315	0.033
1.927	-0.0315	0.03295
1.928	-0.0312	0.03295
1.929	-0.03165	0.03305
1.93	-0.0318	0.03295
1.931	-0.0315	0.03295
1.932	-0.0315	0.03295
1.933	-0.03195	0.03295
1.934	-0.0318	0.03295
1.935	-0.0321	0.03295
1.936	-0.0321	0.0329
1.937	-0.03225	0.03295
1.938	-0.0318	0.03295
1.939	-0.03135	0.0329
1.94	-0.0315	0.0329
1.941	-0.03195	0.03295
1.942	-0.03195	0.03295
1.943	-0.0309	0.0329
1.944	-0.0312	0.03295
1.945	-0.03075	0.03295
1.946	-0.03195	0.0329
1.947	-0.0315	0.0329
1.948	-0.0315	0.03295
1.949	-0.0315	0.03295
1.95	-0.03195	0.0329
1.951	-0.03225	0.0329
1.952	-0.03195	0.03295
1.953	-0.0324	0.03295
1.954	-0.0318	0.0329
1.955	-0.03195	0.03295
1.956	-0.0321	0.033
1.957	-0.03195	0.03295
1.958	-0.0312	0.03295
1.959	-0.0315	0.0329
1.96	-0.0312	0.03295
1.961	-0.03135	0.03295
1.962	-0.03165	0.033
1.963	-0.0315	0.03295
1.964	-0.0315	0.0329
1.965	-0.03195	0.03295
1.966	-0.03135	0.03295
1.967	-0.0321	0.0329
1.968	-0.03195	0.03295
1.969	-0.0315	0.03295
1.97	-0.03255	0.0329
1.971	-0.0315	0.0329
1.972	-0.03135	0.03295
1.973	-0.0321	0.0329
1.974	-0.0315	0.03295
1.975	-0.03135	0.0329
1.976	-0.03135	0.03305
1.977	-0.0318	0.03295
1.978	-0.0315	0.03295
1.979	-0.03135	0.03295
1.98	-0.0315	0.03295
1.981	-0.0321	0.03295
1.982	-0.0315	0.03295
1.983	-0.03195	0.033
1.984	-0.0321	0.03295
1.985	-0.03195	0.03295
1.986	-0.03195	0.03295
1.987	-0.03195	0.0329
1.988	-0.03195	0.03295
1.989	-0.03165	0.03295
1.99	-0.03135	0.0329
1.991	-0.03195	0.03295
1.992	-0.0318	0.033
1.993	-0.03135	0.03295
1.994	-0.03165	0.03295
1.995	-0.0312	0.0329
1.996	-0.0315	0.03295
1.997	-0.03135	0.03295
1.998	-0.03165	0.0329
1.999	-0.03195	0.03295
2	-0.03165	0.0329
2.001	-0.03195	0.03295
2.002	-0.03195	0.033
2.003	-0.0321	0.03295
2.004	-0.03135	0.03295
2.005	-0.0324	0.03295
2.006	-0.0315	0.03295
2.007	-0.0312	0.033
2.008	-0.0318	0.0329
2.009	-0.03135	0.03295
2.01	-0.03135	0.033
2.011	-0.03135	0.033
2.012	-0.03135	0.03295
2.013	-0.0312	0.033
2.014	-0.0315	0.033
2.015	-0.03165	0.03295
2.016	-0.0321	0.03295
2.017	-0.0318	0.033
2.018	-0.03135	0.033
2.019	-0.0318	0.0329
2.02	-0.0321	0.03295
2.021	-0.03165	0.03285
2.022	-0.0312	0.03295
2.023	-0.03105	0.033
2.024	-0.03135	0.033
2.025	-0.0312	0.0329
2.026	-0.0312	0.03295
2.027	-0.03135	0.03295
2.028	-0.03075	0.033
2.029	-0.03165	0.03295
2.03	-0.03165	0.03295
2.031	-0.03135	0.03295
2.032	-0.0312	0.0329
2.033	-0.03135	0.03295
2.034	-0.03165	0.03295
2.035	-0.0315	0.03295
2.036	-0.03105	0.033
2.037	-0.0318	0.03295
2.038	-0.03105	0.03295
2.039	-0.0309	0.03295
2.04	-0.0312	0.0329
2.041	-0.0312	0.033
2.042	-0.0312	0.033
2.043	-0.0309	0.03295
2.044	-0.0309	0.03295
2.045	-0.0312	0.03295
2.046	-0.03105	0.03295
2.047	-0.03075	0.03295
2.048	-0.03135	0.03295
2.049	-0.0315	0.033
2.05	-0.0318	0.03295
2.051	-0.03165	0.0329
2.052	-0.03105	0.03295
2.053	-0.0315	0.03295
2.054	-0.0315	0.03295
2.055	-0.03195	0.0329
2.056	-0.0318	0.033
2.057	-0.03105	0.03295
2.058	-0.0309	0.03295
2.059	-0.0318	0.0329
2.06	-0.03195	0.0329
2.061	-0.0312	0.0329
2.062	-0.03135	0.0329
2.063	-0.03045	0.03295
2.064	-0.0315	0.033
2.065	-0.0321	0.03295
2.066	-0.0318	0.0329
2.067	-0.0318	0.03295
2.068	-0.0318	0.033
2.069	-0.0321	0.03295
2.07	-0.0324	0.03295
2.071	-0.0321	0.03295
2.072	-0.03195	0.03295
2.073	-0.0315	0.03295
2.074	-0.03195	0.033
2.075	-0.03165	0.033
2.076	-0.03135	0.033
2.077	-0.0318	0.03295
2.078	-0.03135	0.03295
2.079	-0.0312	0.0329
2.08	-0.0321	0.033
2.081	-0.0321	0.03295
2.082	-0.03225	0.0329
2.083	-0.0321	0.0329
2.084	-0.03195	0.03295
2.085	-0.0324	0.03295
2.086	-0.03255	0.03295
2.087	-0.0318	0.03295
2.088	-0.0321	0.0329
2.089	-0.03165	0.03295
2.09	-0.0315	0.03295
2.091	-0.03195	0.0329
2.092	-0.0315	0.03295
2.093	-0.03165	0.0329
2.094	-0.0318	0.03295
2.095	-0.03165	0.0329
2.096	-0.0318	0.03295
2.097	-0.03165	0.0329
2.098	-0.03135	0.033
2.099	-0.0321	0.033
2.1	-0.03195	0.03295
2.101	-0.0318	0.033
2.102	-0.03195	0.033
2.103	-0.0321	0.03295
2.104	-0.03195	0.033
2.105	-0.0318	0.033
2.106	-0.0315	0.0329
2.107	-0.03135	0.03295
2.108	-0.0315	0.03295
2.109	-0.0315	0.03295
2.11	-0.0318	0.03295
2.111	-0.03135	0.0329
2.112	-0.03135	0.033
2.113	-0.03135	0.033
2.114	-0.03135	0.0329
2.115	-0.0315	0.0329
2.116	-0.0318	0.033
2.117	-0.03135	0.03295
2.118	-0.03165	0.03295
2.119	-0.0318	0.033
2.12	-0.0318	0.03295
2.121	-0.0318	0.03295
2.122	-0.03165	0.03295
2.123	-0.0315	0.033
2.124	-0.0318	0.03295
2.125	-0.03105	0.03295
2.126	-0.0315	0.03295
2.127	-0.0312	0.033
2.128	-0.03105	0.0329
2.129	-0.0315	0.033
2.13	-0.03075	0.033
2.131	-0.0312	0.03295
2.132	-0.03165	0.033
2.133	-0.03135	0.033
2.134	-0.0318	0.03285
2.135	-0.0318	0.03295
2.136	-0.03165	0.03295
2.137	-0.03165	0.0329
2.138	-0.0315	0.033
2.139	-0.0315	0.0329
2.14	-0.03135	0.033
2.141	-0.0312	0.0329
2.142	-0.03135	0.0329
2.143	-0.03105	0.033
2.144	-0.0312	0.0329
2.145	-0.03165	0.0329
2.146	-0.03105	0.03295
2.147	-0.03135	0.033
2.148	-0.03165	0.03295
2.149	-0.0315	0.03295
2.15	-0.0315	0.033
2.151	-0.03195	0.03295
2.152	-0.03165	0.03295
2.153	-0.0318	0.033
2.154	-0.0315	0.03295
2.155	-0.0321	0.03295
2.156	-0.03195	0.03295
2.157	-0.03135	0.03305
2.158	-0.0318	0.033
2.159	-0.0315	0.033
2.16	-0.03105	0.0329
2.161	-0.0312	0.033
2.162	-0.03165	0.03295
2.163	-0.0315	0.03295
2.164	-0.03165	0.0329
2.165	-0.03165	0.03295
2.166	-0.0318	0.03295
2.167	-0.0321	0.03295
2.168	-0.03165	0.0329
2.169	-0.0321	0.0329
2.17	-0.0321	0.03295
2.171	-0.0318	0.0329
2.172	-0.0318	0.03295
2.173	-0.03165	0.0329
2.174	-0.0315	0.03295
2.175	-0.03165	0.03295
2.176	-0.03135	0.03295
2.177	-0.0312	0.03295
2.178	-0.0315	0.0329
2.179	-0.03165	0.0329
2.18	-0.0318	0.03295
2.181	-0.03165	0.03295
2.182	-0.0315	0.03295
2.183	-0.0321	0.03295
2.184	-0.03195	0.03295
2.185	-0.0321	0.03295
2.186	-0.0321	0.0329
2.187	-0.0318	0.0329
2.188	-0.0318	0.033
2.189	-0.03165	0.0329
2.19	-0.0315	0.0329
2.191	-0.03165	0.03295
2.192	-0.03135	0.03295
2.193	-0.0312	0.033
2.194	-0.03165	0.03295
2.195	-0.0315	0.03295
2.196	-0.0315	0.03295
2.197	-0.03165	0.0329
2.198	-0.0312	0.033
2.199	-0.0318	0.0329
2.2	-0.0318	0.03295
2.201	-0.0318	0.03295
2.202	-0.0321	0.0329
2.203	-0.0321	0.0329
2.204	-0.03195	0.0329
2.205	-0.0321	0.03295
2.206	-0.0315	0.03295
2.207	-0.03135	0.033
2.208	-0.03135	0.033
2.209	-0.03165	0.0329
2.21	-0.0318	0.033
2.211	-0.03135	0.03295
2.212	-0.03135	0.03295
2.213	-0.03195	0.03295
2.214	-0.03165	0.0329
2.215	-0.0321	0.03295
2.216	-0.0318	0.03295
2.217	-0.0321	0.03295
2.218	-0.0321	0.03295
2.219	-0.03195	0.03295
2.22	-0.03195	0.0329
2.221	-0.03225	0.0329
2.222	-0.03195	0.03295
2.223	-0.03195	0.0329
2.224	-0.0318	0.03295
2.225	-0.0318	0.03295
2.226	-0.03195	0.03295
2.227	-0.0318	0.0329
2.228	-0.0315	0.03295
2.229	-0.0312	0.03295
2.23	-0.03165	0.03295
2.231	-0.0321	0.033
2.232	-0.03195	0.03295
2.233	-0.03195	0.03295
2.234	-0.03225	0.0329
2.235	-0.03225	0.033
2.236	-0.03195	0.03295
2.237	-0.0324	0.03295
2.238	-0.03195	0.03295
2.239	-0.03165	0.03295
2.24	-0.0315	0.03295
2.241	-0.0315	0.03295
2.242	-0.03195	0.03305
2.243	-0.0315	0.0329
2.244	-0.03105	0.0329
2.245	-0.03165	0.03295
2.246	-0.0318	0.0329
2.247	-0.0318	0.033
2.248	-0.0321	0.033
2.249	-0.03165	0.03295
2.25	-0.03135	0.0329
2.251	-0.0321	0.0329
2.252	-0.0318	0.03295
2.253	-0.0321	0.0329
2.254	-0.03195	0.03285
2.255	-0.0318	0.03285
2.256	-0.03195	0.0329
2.257	-0.03135	0.0329
2.258	-0.0315	0.0329
2.259	-0.03195	0.03295
2.26	-0.0312	0.03295
2.261	-0.03075	0.03295
2.262	-0.0312	0.03295
2.263	-0.0315	0.033
2.264	-0.03195	0.0329
2.265	-0.03165	0.03295
2.266	-0.03135	0.03295
2.267	-0.03135	0.03295
2.268	-0.0318	0.0329
2.269	-0.03195	0.033
2.27	-0.03165	0.03295
2.271	-0.03135	0.0329
2.272	-0.0318	0.03295
2.273	-0.03195	0.03285
2.274	-0.03105	0.03295
2.275	-0.03135	0.0329
2.276	-0.03105	0.03295
2.277	-0.0318	0.0329
2.278	-0.0309	0.0329
2.279	-0.03075	0.03295
2.28	-0.0309	0.0329
2.281	-0.0315	0.033
2.282	-0.0315	0.03295
2.283	-0.0315	0.03295
2.284	-0.03105	0.033
2.285	-0.03135	0.0329
2.286	-0.0324	0.03295
2.287	-0.03135	0.03295
2.288	-0.0315	0.033
2.289	-0.0312	0.03295
2.29	-0.0312	0.033
2.291	-0.0312	0.0329
2.292	-0.0312	0.03295
2.293	-0.0309	0.03295
2.294	-0.0312	0.03295
2.295	-0.03105	0.0329
2.296	-0.03105	0.033
2.297	-0.0318	0.03295
2.298	-0.0312	0.0329
2.299	-0.0318	0.0329
2.3	-0.03135	0.03295
2.301	-0.03135	0.03295
2.302	-0.0318	0.0329
2.303	-0.0318	0.033
2.304	-0.0315	0.0329
2.305	-0.0315	0.03295
2.306	-0.03105	0.03295
2.307	-0.0312	0.0329
2.308	-0.03135	0.033
2.309	-0.03105	0.0329
2.31	-0.03135	0.03295
2.311	-0.0312	0.03295
2.312	-0.0312	0.0329
2.313	-0.0315	0.03295
2.314	-0.0315	0.0329
2.315	-0.0318	0.03295
2.316	-0.0315	0.033
2.317	-0.0315	0.03295
2.318	-0.0321	0.033
2.319	-0.03165	0.03295
2.32	-0.0315	0.0329
2.321	-0.03135	0.03295
2.322	-0.03135	0.0329
2.323	-0.03165	0.03295
2.324	-0.0318	0.03295
2.325	-0.0312	0.0329
2.326	-0.03105	0.03295
2.327	-0.0312	0.03295
2.328	-0.03135	0.03285
2.329	-0.0312	0.033
2.33	-0.0312	0.03295
2.331	-0.03165	0.0329
2.332	-0.03165	0.03295
2.333	-0.03135	0.03295
2.334	-0.03165	0.0329
2.335	-0.03195	0.03285
2.336	-0.03195	0.03295
2.337	-0.03195	0.03295
2.338	-0.03195	0.0329
2.339	-0.0321	0.03295
2.34	-0.0318	0.033
2.341	-0.03135	0.033
2.342	-0.0315	0.03295
2.343	-0.0312	0.03295
2.344	-0.03135	0.033
2.345	-0.0315	0.0329
2.346	-0.0312	0.03295
2.347	-0.03135	0.03295
2.348	-0.03225	0.03295
2.349	-0.03165	0.03295
2.35	-0.0321	0.03295
2.351	-0.0321	0.03295
2.352	-0.03165	0.03295
2.353	-0.0324	0.0329
2.354	-0.0315	0.0329
2.355	-0.03165	0.03295
2.356	-0.03165	0.0329
2.357	-0.0312	0.03295
2.358	-0.03135	0.03295
2.359	-0.03135	0.03295
2.36	-0.03105	0.03295
2.361	-0.0315	0.03295
2.362	-0.03135	0.03295
2.363	-0.0312	0.033
2.364	-0.0321	0.033
2.365	-0.0309	0.03295
2.366	-0.0315	0.033
2.367	-0.03195	0.03295
2.368	-0.03165	0.0329
2.369	-0.03195	0.03295
2.37	-0.03195	0.03295
2.371	-0.0315	0.033
2.372	-0.03165	0.0329
2.373	-0.0315	0.0329
2.374	-0.03135	0.033
2.375	-0.03135	0.03295
2.376	-0.0312	0.03295
2.377	-0.03135	0.033
2.378	-0.03135	0.03295
2.379	-0.0312	0.03295
2.38	-0.03135	0.03295
2.381	-0.0315	0.03295
2.382	-0.03135	0.03295
2.383	-0.0318	0.03295
2.384	-0.03165	0.03295
2.385	-0.03165	0.03295
2.386	-0.03165	0.03295
2.387	-0.03135	0.03295
2.388	-0.0318	0.0329
2.389	-0.0315	0.03295
2.39	-0.03165	0.033
2.391	-0.0318	0.033
2.392	-0.0315	0.03295
2.393	-0.03135	0.03295
2.394	-0.0312	0.03295
2.395	-0.03135	0.03295
2.396	-0.0318	0.03295
2.397	-0.03135	0.033
2.398	-0.03135	0.033
2.399	-0.03195	0.03295
2.4	-0.03165	0.033
2.401	-0.0321	0.03295
2.402	-0.03195	0.03295
2.403	-0.03165	0.0329
2.404	-0.03165	0.03295
2.405	-0.0318	0.0329
2.406	-0.03165	0.03295
2.407	-0.03165	0.0329
2.408	-0.0312	0.033
2.409	-0.0312	0.033
2.41	-0.0318	0.03295
2.411	-0.03135	0.03295
2.412	-0.0318	0.03295
2.413	-0.03165	0.03295
2.414	-0.0312	0.03295
2.415	-0.03195	0.03295
2.416	-0.0321	0.03295
2.417	-0.03165	0.0329
2.418	-0.03225	0.03295
2.419	-0.03195	0.03295
2.42	-0.0318	0.033
2.421	-0.03225	0.03295
2.422	-0.03165	0.03295
2.423	-0.0321	0.03295
2.424	-0.0318	0.03295
2.425	-0.03165	0.0329
2.426	-0.03165	0.033
2.427	-0.03105	0.03295
2.428	-0.0315	0.03295
2.429	-0.0318	0.03295
2.43	-0.03135	0.0329
2.431	-0.0318	0.03295
2.432	-0.0318	0.0329
2.433	-0.03195	0.03295
2.434	-0.03195	0.03295
2.435	-0.03165	0.033
2.436	-0.03225	0.033
2.437	-0.0321	0.03295
2.438	-0.03195	0.0329
2.439	-0.0318	0.033
2.44	-0.03195	0.03295
2.441	-0.03165	0.03295
2.442	-0.0315	0.0329
2.443	-0.03075	0.03295
2.444	-0.03075	0.03295
2.445	-0.03195	0.03295
2.446	-0.0318	0.033
2.447	-0.0315	0.033
2.448	-0.0315	0.03295
2.449	-0.03135	0.03295
2.45	-0.03195	0.03295
2.451	-0.033	0.03295
2.452	-0.03165	0.0329
2.453	-0.0318	0.033
2.454	-0.0318	0.03295
2.455	-0.03165	0.03295
2.456	-0.03195	0.033
2.457	-0.03105	0.03295
2.458	-0.0309	0.033
2.459	-0.03105	0.033
2.46	-0.03075	0.03295
2.461	-0.0315	0.033
2.462	-0.0315	0.0329
2.463	-0.0309	0.03295
2.464	-0.0312	0.03295
2.465	-0.03105	0.0329
2.466	-0.0315	0.03295
2.467	-0.03195	0.0329
2.468	-0.03135	0.033
2.469	-0.03135	0.03295
2.47	-0.0309	0.03295
2.471	-0.03105	0.03295
2.472	-0.0318	0.0329
2.473	-0.03105	0.0329
2.474	-0.03135	0.0329
2.475	-0.03135	0.03295
2.476	-0.0309	0.03295
2.477	-0.03135	0.03295
2.478	-0.03105	0.033
2.479	-0.03075	0.03295
2.48	-0.0309	0.03295
2.481	-0.0312	0.033
2.482	-0.0315	0.03295
2.483	-0.0321	0.033
2.484	-0.03105	0.03295
2.485	-0.03165	0.03295
2.486	-0.03225	0.03295
2.487	-0.03105	0.03295
2.488	-0.0312	0.0329
2.489	-0.03135	0.033
2.49	-0.03165	0.0329
2.491	-0.03135	0.0329
2.492	-0.03105	0.03295
2.493	-0.0309	0.03295
2.494	-0.0315	0.03295
2.495	-0.03135	0.0329
2.496	-0.03135	0.0329
2.497	-0.03135	0.03295
2.498	-0.03135	0.03295
2.499	-0.0315	0.03295
2.5	-0.03165	0.0329
2.501	-0.0318	0.03295
2.502	-0.0321	0.033
2.503	-0.0321	0.0329
2.504	-0.03105	0.033
2.505	-0.0318	0.033
2.506	-0.0315	0.03295
2.507	-0.0321	0.03295
2.508	-0.0315	0.03295
2.509	-0.03135	0.0329
2.51	-0.0315	0.033
2.511	-0.03105	0.033
2.512	-0.03165	0.033
2.513	-0.0315	0.033
2.514	-0.03075	0.0329
2.515	-0.0321	0.0329
2.516	-0.0321	0.03295
2.517	-0.03135	0.03295
2.518	-0.0321	0.03295
2.519	-0.0318	0.0329
2.52	-0.03195	0.03295
2.521	-0.03195	0.03295
2.522	-0.03105	0.03295
2.523	-0.03135	0.03295
2.524	-0.0315	0.0329
2.525	-0.03135	0.03295
2.526	-0.0321	0.03295
2.527	-0.03105	0.0329
2.528	-0.03135	0.03295
2.529	-0.03135	0.033
2.53	-0.0309	0.033
2.531	-0.03165	0.03295
2.532	-0.03135	0.033
2.533	-0.03165	0.03295
2.534	-0.0321	0.033
2.535	-0.0312	0.03295
2.536	-0.0312	0.03295
2.537	-0.03195	0.03295
2.538	-0.0312	0.0329
2.539	-0.03135	0.03295
2.54	-0.0312	0.03295
2.541	-0.03105	0.0329
2.542	-0.0312	0.0329
2.543	-0.0309	0.033
2.544	-0.03105	0.03295
2.545	-0.03165	0.0329
2.546	-0.0315	0.0329
2.547	-0.03165	0.03295
2.548	-0.03135	0.03295
2.549	-0.03165	0.03295
2.55	-0.03165	0.03295
2.551	-0.03165	0.033
2.552	-0.03165	0.033
2.553	-0.0315	0.03295
2.554	-0.03135	0.033
2.555	-0.03165	0.0329
2.556	-0.03075	0.0329
2.557	-0.0309	0.03295
2.558	-0.0321	0.03295
2.559	-0.0309	0.0329
2.56	-0.03135	0.03295
2.561	-0.0315	0.03295
2.562	-0.03135	0.03295
2.563	-0.0312	0.033
2.564	-0.03135	0.03295
2.565	-0.0312	0.03295
2.566	-0.03105	0.033
2.567	-0.03135	0.03305
2.568	-0.03135	0.03295
2.569	-0.03225	0.0329
2.57	-0.0315	0.03295
2.571	-0.0318	0.0329
2.572	-0.03165	0.03295
2.573	-0.0318	0.0329
2.574	-0.03135	0.03295
2.575	-0.03165	0.03295
2.576	-0.03195	0.03295
2.577	-0.03135	0.0329
2.578	-0.0306	0.03295
2.579	-0.0306	0.033
2.58	-0.0312	0.03295
2.581	-0.03105	0.03295
2.582	-0.0312	0.03295
2.583	-0.03165	0.0329
2.584	-0.03165	0.0329
2.585	-0.0318	0.03295
2.586	-0.03165	0.033
2.587	-0.03105	0.0329
2.588	-0.0315	0.03295
2.589	-0.03135	0.03295
2.59	-0.0315	0.033
2.591	-0.03135	0.03295
2.592	-0.03105	0.03295
2.593	-0.0312	0.033
2.594	-0.03105	0.033
2.595	-0.03075	0.03295
2.596	-0.03135	0.03295
2.597	-0.03165	0.03295
2.598	-0.0315	0.033
2.599	-0.0315	0.03295
2.6	-0.0312	0.03295
2.601	-0.0324	0.03295
2.602	-0.0321	0.03295
2.603	-0.0315	0.0329
2.604	-0.03195	0.0329
2.605	-0.03135	0.0329
2.606	-0.0315	0.0329
2.607	-0.0318	0.03295
2.608	-0.03105	0.03295
2.609	-0.03045	0.03295
2.61	-0.03105	0.033
2.611	-0.03075	0.03295
2.612	-0.03165	0.03295
2.613	-0.03195	0.033
2.614	-0.03165	0.03295
2.615	-0.0321	0.03295
2.616	-0.0315	0.03295
2.617	-0.03135	0.0329
2.618	-0.0318	0.03295
2.619	-0.0315	0.0329
2.62	-0.03165	0.033
2.621	-0.0315	0.03295
2.622	-0.0315	0.033
2.623	-0.0315	0.033
2.624	-0.03165	0.03295
2.625	-0.03105	0.0329
2.626	-0.03135	0.0329
2.627	-0.03135	0.03295
2.628	-0.0321	0.03295
2.629	-0.0315	0.03295
2.63	-0.0309	0.033
2.631	-0.0315	0.0329
2.632	-0.03165	0.03295
2.633	-0.03255	0.0329
2.634	-0.03225	0.03295
2.635	-0.0315	0.0329
2.636	-0.0318	0.03295
2.637	-0.03165	0.03295
2.638	-0.03165	0.03295
2.639	-0.0312	0.03295
2.64	-0.03135	0.03295
2.641	-0.03165	0.03295
2.642	-0.0315	0.0329
2.643	-0.03105	0.033
2.644	-0.0315	0.033
2.645	-0.03165	0.03295
2.646	-0.03135	0.03295
2.647	-0.03135	0.033
2.648	-0.0315	0.03295
2.649	-0.03195	0.03295
2.65	-0.0318	0.03295
2.651	-0.0318	0.03295
2.652	-0.03195	0.0329
2.653	-0.0321	0.03295
2.654	-0.03135	0.03295
2.655	-0.0321	0.0329
2.656	-0.03135	0.03295
2.657	-0.03135	0.033
2.658	-0.03165	0.0329
2.659	-0.0315	0.03295
2.66	-0.0312	0.03295
2.661	-0.03105	0.03295
2.662	-0.0315	0.03295
2.663	-0.0315	0.03295
2.664	-0.0318	0.03295
2.665	-0.03195	0.03295
2.666	-0.03225	0.0329
2.667	-0.03195	0.0329
2.668	-0.03195	0.03295
2.669	-0.0324	0.03295
2.67	-0.03195	0.03295
2.671	-0.03195	0.033
2.672	-0.03165	0.03295
2.673	-0.03165	0.0329
2.674	-0.03135	0.03295
2.675	-0.03165	0.033
2.676	-0.03195	0.03295
2.677	-0.03135	0.0329
2.678	-0.03105	0.03295
2.679	-0.0312	0.03295
2.68	-0.0318	0.03295
2.681	-0.03135	0.03285
2.682	-0.03165	0.03295
2.683	-0.03195	0.033
2.684	-0.0318	0.03295
2.685	-0.03195	0.03295
2.686	-0.03135	0.0329
2.687	-0.03195	0.0329
2.688	-0.03195	0.03295
2.689	-0.03135	0.03295
2.69	-0.03135	0.033
2.691	-0.03135	0.0329
2.692	-0.03075	0.03295
2.693	-0.0312	0.033
2.694	-0.0315	0.03295
2.695	-0.0315	0.03295
2.696	-0.03165	0.0329
2.697	-0.0318	0.03295
2.698	-0.0315	0.033
2.699	-0.03195	0.03295
2.7	-0.03165	0.03295
2.701	-0.0321	0.0329
2.702	-0.0318	0.03295
2.703	-0.0315	0.03295
2.704	-0.03165	0.03295
2.705	-0.03165	0.033
2.706	-0.03135	0.0329
2.707	-0.03135	0.03295
2.708	-0.03195	0.03295
2.709	-0.03105	0.0329
2.71	-0.03165	0.033
2.711	-0.0312	0.03295
2.712	-0.0309	0.0329
2.713	-0.03105	0.033
2.714	-0.0312	0.03295
2.715	-0.03195	0.0329
2.716	-0.0318	0.03295
2.717	-0.0315	0.033
2.718	-0.0315	0.03295
2.719	-0.0318	0.0329
2.72	-0.0318	0.03295
2.721	-0.03195	0.03295
2.722	-0.03165	0.033
2.723	-0.0318	0.03295
2.724	-0.0312	0.03295
2.725	-0.0315	0.03295
2.726	-0.03165	0.03295
2.727	-0.0309	0.03295
2.728	-0.03165	0.03295
2.729	-0.03135	0.03295
2.73	-0.0312	0.03295
2.731	-0.03135	0.0329
2.732	-0.03195	0.033
2.733	-0.0312	0.03295
2.734	-0.03165	0.03295
2.735	-0.0318	0.033
2.736	-0.03165	0.0329
2.737	-0.03225	0.03295
2.738	-0.0315	0.0329
2.739	-0.0315	0.03295
2.74	-0.0318	0.033
2.741	-0.0315	0.03295
2.742	-0.0315	0.0329
2.743	-0.0312	0.03295
2.744	-0.03105	0.03295
2.745	-0.0312	0.0329
2.746	-0.0315	0.033
2.747	-0.0318	0.03295
2.748	-0.0315	0.03295
2.749	-0.0312	0.03295
2.75	-0.03135	0.0329
2.751	-0.0318	0.0329
2.752	-0.03165	0.033
2.753	-0.0321	0.033
2.754	-0.0309	0.0329
2.755	-0.03165	0.03295
2.756	-0.03195	0.033
2.757	-0.0312	0.033
2.758	-0.03165	0.0329
2.759	-0.03135	0.03295
2.76	-0.03075	0.033
2.761	-0.0312	0.03295
2.762	-0.03075	0.03295
2.763	-0.0315	0.0329
2.764	-0.0312	0.033
2.765	-0.03075	0.0329
2.766	-0.03195	0.0329
2.767	-0.03195	0.03295
2.768	-0.03165	0.03295
2.769	-0.0321	0.0329
2.77	-0.03165	0.03295
2.771	-0.0315	0.03295
2.772	-0.0321	0.033
2.773	-0.0315	0.03305
2.774	-0.03195	0.03295
2.775	-0.0312	0.03295
2.776	-0.03105	0.03295
2.777	-0.03165	0.03305
2.778	-0.03105	0.03295
2.779	-0.0312	0.03295
2.78	-0.03165	0.03295
2.781	-0.03135	0.03295
2.782	-0.0321	0.03295
2.783	-0.0321	0.03295
2.784	-0.03195	0.0329
2.785	-0.03165	0.03295
2.786	-0.03195	0.033
2.787	-0.03165	0.03295
2.788	-0.0318	0.0329
2.789	-0.03135	0.0329
2.79	-0.03165	0.033
2.791	-0.03135	0.03295
2.792	-0.03075	0.03295
2.793	-0.0312	0.03295
2.794	-0.0312	0.03295
2.795	-0.03165	0.0329
2.796	-0.03195	0.0329
2.797	-0.0312	0.03295
2.798	-0.0315	0.03295
2.799	-0.03165	0.033
2.8	-0.03135	0.033
2.801	-0.03165	0.033
2.802	-0.0318	0.033
2.803	-0.03165	0.03295
2.804	-0.03165	0.03295
2.805	-0.0318	0.03295
2.806	-0.0309	0.03295
2.807	-0.0309	0.03295
2.808	-0.0318	0.03295
2.809	-0.03165	0.03305
2.81	-0.0315	0.03295
2.811	-0.0309	0.0329
2.812	-0.0318	0.0329
2.813	-0.03135	0.03295
2.814	-0.0315	0.03295
2.815	-0.0321	0.03295
2.816	-0.0315	0.03295
2.817	-0.03195	0.0329
2.818	-0.0318	0.0329
2.819	-0.03195	0.0329
2.82	-0.03195	0.0329
2.821	-0.0318	0.03295
2.822	-0.0315	0.0329
2.823	-0.03195	0.033
2.824	-0.0312	0.03295
2.825	-0.03165	0.03295
2.826	-0.03195	0.03295
2.827	-0.03105	0.03295
2.828	-0.03135	0.03295
2.829	-0.0318	0.033
2.83	-0.03165	0.0329
2.831	-0.03225	0.03295
2.832	-0.03195	0.03295
2.833	-0.0318	0.03295
2.834	-0.03255	0.0329
2.835	-0.03135	0.03295
2.836	-0.03225	0.033
2.837	-0.03195	0.033
2.838	-0.0318	0.0329
2.839	-0.03255	0.0329
2.84	-0.0321	0.03295
2.841	-0.0318	0.03295
2.842	-0.0321	0.03295
2.843	-0.03195	0.0329
2.844	-0.0315	0.0329
2.845	-0.03165	0.0329
2.846	-0.0315	0.0329
2.847	-0.033	0.033
2.848	-0.0324	
2.849	-0.03195	
2.85	-0.0324	
2.851	-0.0321	
2.852	-0.0324	
2.853	-0.0324	
2.854	-0.0324	
2.855	-0.0327	
2.856	-0.0324	
2.857	-0.03165	
2.858	-0.03135	
