MIN=0	-0.3	-0.1
MAX=4.52548339959391	0.3	0.1
SCALE=0.1	0.1	0.05
DEC=3	4	4
DEF="Time" t / s	"Voltage" U_B1 / V	"Current" I_A1 / A
0	0	0
0.001	-0.00015	-5E-05
0.002	0	-5E-05
0.003	-0.0006	-5E-05
0.004	-0.0006	-5E-05
0.005	-0.0006	0
0.006	-0.0012	-5E-05
0.007	-0.0018	-5E-05
0.008	-0.0012	0
0.009	-0.0021	0
0.01	0.00105	0
0.011	-0.00075	0
0.012	-0.0015	0
0.013	0.00015	0
0.014	0.0006	0
0.015	0.00195	-5E-05
0.016	0.0012	0
0.017	0.00045	0
0.018	0.0003	0
0.019	0.0009	-5E-05
0.02	0.0003	0
0.021	-0.0012	-5E-05
0.022	-0.00105	0
0.023	-0.00045	-5E-05
0.024	-0.00195	0
0.025	-0.0015	-5E-05
0.026	-0.00015	-5E-05
0.027	-0.0003	0
0.028	0.0003	-5E-05
0.029	-0.0003	0
0.03	0.00045	0
0.031	0.00255	0
0.032	-0.0003	-5E-05
0.033	0.0015	-5E-05
0.034	0.00075	0
0.035	0.00015	0
0.036	0.0009	-5E-05
0.037	-0.0003	0
0.038	0.00015	0
0.039	-0.00075	-5E-05
0.04	0	0
0.041	-0.0003	0
0.042	-0.00165	0
0.043	-0.0012	0
0.044	-0.0009	0
0.045	-0.0003	-5E-05
0.046	0.00075	0
0.047	0.0018	-5E-05
0.048	0.00075	0
0.049	0.0015	0
0.05	0.00045	-5E-05
0.051	0.0009	0
0.052	0.0003	-5E-05
0.053	-0.0003	0
0.054	0.0003	-5E-05
0.055	-0.0009	-5E-05
0.056	-0.0012	0
0.057	-0.0018	0
0.058	0.00015	0
0.059	-0.0006	0
0.06	-0.0006	0
0.061	0	0
0.062	0.00105	0
0.063	0.00075	0
0.064	0.0009	0
0.065	0.0006	0
0.066	0.0012	-5E-05
0.067	-0.00015	0
0.068	0	0
0.069	0.0009	-5E-05
0.07	-0.0012	0
0.071	0.00075	0
0.072	-0.00075	0
0.073	-0.0015	0
0.074	-0.0018	-5E-05
0.075	-0.00135	0
0.076	0.00015	-5E-05
0.077	-0.00105	-5E-05
0.078	-0.0006	-5E-05
0.079	0.0006	0
0.08	0.0009	0
0.081	0.0006	-5E-05
0.082	0.0009	0
0.083	0.0009	0
0.084	0.0012	0
0.085	-0.00165	-5E-05
0.086	0.00135	0
0.087	0.00015	0
0.088	-0.00045	0
0.089	-0.00075	0
0.09	-0.0006	-5E-05
0.091	-0.00135	0
0.092	-0.00195	0
0.093	-0.0006	0
0.094	-0.00255	-5E-05
0.095	-0.00195	0
0.096	0.0003	-5E-05
0.097	0.0006	-5E-05
0.098	0	0
0.099	0.00045	-5E-05
0.1	-0.0006	0
0.101	0.0006	-5E-05
0.102	0.00015	-5E-05
0.103	-0.0009	0
0.104	0.00045	0
0.105	-0.00315	0
0.106	-0.0009	0
0.107	-0.0015	0
0.108	-0.00165	-5E-05
0.109	-0.0015	0
0.11	-0.0018	0
0.111	-0.0003	0
0.112	-0.00045	0
0.113	-0.00015	0
0.114	0.00195	-5E-05
0.115	-0.0003	0
0.116	0	0
0.117	0.00135	0
0.118	0	-5E-05
0.119	0.00075	0
0.12	-0.0009	0
0.121	-0.0012	0
0.122	0.00015	0
0.123	-0.0015	-5E-05
0.124	-0.00195	-5E-05
0.125	-0.0021	-5E-05
0.126	-0.0015	0
0.127	-0.0012	0
0.128	-0.00045	0
0.129	0.00015	0
0.13	0	0
0.131	-0.00165	0
0.132	0.00015	-5E-05
0.133	-0.00015	-5E-05
0.134	0.0009	0
0.135	0.00135	0
0.136	-0.00135	-5E-05
0.137	-0.0003	0
0.138	-0.00135	-5E-05
0.139	-0.0009	0
0.14	-0.00195	-5E-05
0.141	-0.00165	0
0.142	-0.0021	-5E-05
0.143	-0.00195	-5E-05
0.144	-0.0012	0
0.145	-0.00075	0
0.146	-0.0009	-5E-05
0.147	-0.0015	-5E-05
0.148	-0.00045	0
0.149	0.00105	-5E-05
0.15	0.00045	0
0.151	0.00015	0
0.152	0.0003	0
0.153	-0.0009	-5E-05
0.154	0.00015	-5E-05
0.155	-0.00075	-5E-05
0.156	-0.0018	0
0.157	-0.0024	-5E-05
0.158	-0.0021	0
0.159	-0.0015	0
0.16	-0.0018	0
0.161	-0.00195	0
0.162	0.0003	-5E-05
0.163	-0.0009	0
0.164	0	0
0.165	0.0012	-5E-05
0.166	-0.0003	0
0.167	0.00075	-5E-05
0.168	-0.00135	0
0.169	0.00015	0
0.17	-0.00015	0
0.171	-0.0018	-5E-05
0.172	-0.0009	-5E-05
0.173	-0.00105	0
0.174	-0.0027	-5E-05
0.175	-0.0015	0
0.176	-0.0015	0
0.177	-0.00075	0
0.178	-0.00135	-5E-05
0.179	-0.0006	-5E-05
0.18	0.0006	0
0.181	-0.00045	0
0.182	0.00075	-5E-05
0.183	0.00075	0
0.184	-0.00015	-5E-05
0.185	-0.0003	-5E-05
0.186	-0.00045	-5E-05
0.187	0.0003	0
0.188	-0.00075	0
0.189	-0.0021	0
0.19	0.00075	0
0.191	-0.0024	0
0.192	-0.0018	0
0.193	-0.00045	0
0.194	-0.00045	-5E-05
0.195	-0.00015	-5E-05
0.196	-0.00135	0
0.197	0.00195	0
0.198	-0.0003	-5E-05
0.199	0	0
0.2	0	-5E-05
0.201	0.0003	0
0.202	0.00075	0
0.203	0.0003	0
0.204	-0.0003	-5E-05
0.205	-0.0006	0
0.206	-0.00165	0
0.207	-0.00165	0
0.208	0.0009	0
0.209	-0.0027	0
0.21	-0.00045	0
0.211	-0.00015	-5E-05
0.212	-0.0003	0
0.213	0.0009	-5E-05
0.214	0.00045	0
0.215	0.00135	0
0.216	0.00105	0
0.217	0.0009	-5E-05
0.218	0.0003	0
0.219	0.00015	-5E-05
0.22	-0.0006	0
0.221	-0.0003	0
0.222	-0.0003	0
0.223	0.0003	0
0.224	-0.00105	-5E-05
0.225	0	0
0.226	0.00105	-5E-05
0.227	-0.0015	0
0.228	0.00105	0
0.229	0.00045	0
0.23	0.0012	-5E-05
0.231	0.0006	0
0.232	0.0018	0
0.233	0.00225	-5E-05
0.234	0.0015	0
0.235	0.00135	-5E-05
0.236	0.00165	0
0.237	0.00015	0
0.238	-0.0006	0
0.239	-0.00165	0
0.24	-0.00165	0
0.241	-0.0012	0
0.242	-0.00105	0
0.243	0.00105	0
0.244	-0.0018	0
0.245	-0.0006	0
0.246	0.00075	-5E-05
0.247	0.00045	-5E-05
0.248	0.00105	-5E-05
0.249	-0.00135	0
0.25	-0.0015	0
0.251	0.00015	0
0.252	0.0003	0
0.253	-0.0003	-5E-05
0.254	-0.00015	-5E-05
0.255	-0.0021	-5E-05
0.256	-0.0015	0
0.257	-0.00225	-5E-05
0.258	-0.0012	0
0.259	-0.0021	0
0.26	-0.0027	0
0.261	-0.00225	0
0.262	-0.00135	-5E-05
0.263	0.00075	0
0.264	-0.00045	0
0.265	-0.0009	0
0.266	-0.0003	-5E-05
0.267	-0.00195	0
0.268	-0.0006	0
0.269	0	0
0.27	-0.00255	-5E-05
0.271	-0.0021	0
0.272	-0.0036	-5E-05
0.273	-0.0018	0
0.274	-0.00285	0
0.275	-0.00255	0
0.276	-0.0024	5E-05
0.277	-0.003	-5E-05
0.278	-0.00285	0
0.279	-0.00075	0
0.28	-0.00165	0
0.281	-0.0015	0
0.282	-0.0012	0
0.283	-0.0012	0
0.284	0.0003	-5E-05
0.285	-0.0018	0
0.286	-0.0018	-5E-05
0.287	-0.00135	0
0.288	0.00015	0
0.289	-0.0015	-5E-05
0.29	-0.003	0
0.291	-0.00255	-5E-05
0.292	-0.00225	0
0.293	-0.0024	0
0.294	-0.00255	0
0.295	-0.00315	0
0.296	0	-5E-05
0.297	0.00105	0
0.298	0	-5E-05
0.299	-0.0006	0
0.3	-0.0012	0
0.301	0.00075	0
0.302	-0.0003	0
0.303	-0.0015	-5E-05
0.304	-0.0015	0
0.305	-0.00075	0
0.306	-0.0006	0
0.307	-0.00255	0
0.308	-0.00255	0
0.309	-0.0018	-5E-05
0.31	-0.0012	-5E-05
0.311	-0.00075	0
0.312	-0.00045	0
0.313	-0.00135	0
0.314	0.0006	0
0.315	0.0003	-5E-05
0.316	0	-5E-05
0.317	-0.00015	0
0.318	0.0003	0
0.319	0	0
0.32	-0.0003	-5E-05
0.321	-0.00075	0
0.322	-0.0003	0
0.323	-0.0018	-5E-05
0.324	-0.00195	0
0.325	-0.00195	0
0.326	-0.00075	0
0.327	-0.00075	-5E-05
0.328	-0.0012	0
0.329	-0.0006	-5E-05
0.33	-0.00045	0
0.331	0.00045	0
0.332	0.00015	0
0.333	0.00105	0
0.334	0.0003	-5E-05
0.335	-0.0006	0
0.336	-0.00015	0
0.337	-0.00105	0
0.338	-0.0006	0
0.339	-0.0009	-5E-05
0.34	-0.0012	0
0.341	-0.0015	0
0.342	-0.00165	0
0.343	-0.0015	-5E-05
0.344	-0.00075	0
0.345	-0.0024	0
0.346	-0.00075	0
0.347	0.0006	0
0.348	-0.0012	0
0.349	0.0009	0
0.35	0.00135	0
0.351	0.00015	-5E-05
0.352	0.0003	0
0.353	-0.0015	-5E-05
0.354	-0.0009	0
0.355	-0.00135	0
0.356	-0.0012	0
0.357	-0.00105	0
0.358	-0.00195	-5E-05
0.359	-0.00135	0
0.36	-0.00135	0
0.361	-0.0006	-5E-05
0.362	-0.0009	0
0.363	-0.00135	-5E-05
0.364	-0.00075	0
0.365	0.00045	0
0.366	0.0003	0
0.367	0.00195	0
0.368	-0.0006	0
0.369	-0.00045	-5E-05
0.37	-0.0006	-5E-05
0.371	-0.00135	0
0.372	-0.0006	0
0.373	-0.00195	5E-05
0.374	-0.00135	-5E-05
0.375	-0.0012	0
0.376	-0.0003	-5E-05
0.377	-0.00135	-5E-05
0.378	-0.0006	0
0.379	-0.00135	0
0.38	0.00075	0
0.381	-0.0006	-5E-05
0.382	0.0015	-5E-05
0.383	0.0009	-5E-05
0.384	0.0009	0
0.385	0.00015	0
0.386	-0.0006	0
0.387	-0.00075	-5E-05
0.388	-0.0003	0
0.389	-0.00075	-5E-05
0.39	-0.0006	0
0.391	-0.0009	-5E-05
0.392	-0.00075	0
0.393	-0.0003	0
0.394	-0.0012	-5E-05
0.395	-0.00045	0
0.396	-0.0009	0
0.397	0.0009	0
0.398	0.00045	0
0.399	0.00045	0
0.4	0.00105	-5E-05
0.401	0.00015	0
0.402	0.0009	0
0.403	-0.00015	0
0.404	-0.00015	0
0.405	-0.00045	0
0.406	-0.00075	-5E-05
0.407	-0.00045	-5E-05
0.408	-0.00075	0
0.409	-0.00075	0
0.41	-0.0009	0
0.411	-0.0012	0
0.412	0	0
0.413	0.00075	-5E-05
0.414	0.00045	0
0.415	0.00135	0
0.416	0.00075	0
0.417	0.00075	0
0.418	0.0009	0
0.419	0.0009	0
0.42	0.00075	-5E-05
0.421	-0.0009	0
0.422	-0.00045	0
0.423	-0.0009	-5E-05
0.424	-0.00165	0
0.425	-0.00075	-5E-05
0.426	-0.00105	0
0.427	-0.00075	0
0.428	-0.00015	0
0.429	-0.0003	-5E-05
0.43	0.00225	-5E-05
0.431	0.00045	0
0.432	0.0006	-5E-05
0.433	0.00105	0
0.434	0.0003	-5E-05
0.435	0.0015	0
0.436	0.0006	0
0.437	-0.0003	0
0.438	-0.0003	0
0.439	-0.0006	-5E-05
0.44	0.00045	0
0.441	-0.00135	0
0.442	-0.0015	-5E-05
0.443	-0.00045	0
0.444	-0.00045	0
0.445	0.0006	-5E-05
0.446	0.00105	0
0.447	0.00045	-5E-05
0.448	0.0015	0
0.449	0.00045	-5E-05
0.45	0.0009	0
0.451	0.0009	0
0.452	0.00015	-5E-05
0.453	0.00105	0
0.454	-0.0003	-5E-05
0.455	0	0
0.456	-0.00015	-5E-05
0.457	-0.00105	0
0.458	-0.00075	0
0.459	-0.0012	0
0.46	-0.00075	0
0.461	0.0003	0
0.462	0	5E-05
0.463	0.0003	-5E-05
0.464	0	0
0.465	0.00135	0
0.466	0.0012	0
0.467	0.0003	0
0.468	0.00105	-5E-05
0.469	0.00105	-5E-05
0.47	0.0006	5E-05
0.471	-0.00015	0
0.472	-0.0009	0
0.473	-0.0009	-5E-05
0.474	-0.0003	-5E-05
0.475	-0.00135	0
0.476	-0.00075	0
0.477	-0.0012	-5E-05
0.478	-0.00015	0
0.479	0.00015	0
0.48	0.0003	0
0.481	0.00045	-5E-05
0.482	0.0003	-5E-05
0.483	0.0012	0
0.484	0.00075	0
0.485	0.0009	-5E-05
0.486	0.00135	0
0.487	-0.00075	-5E-05
0.488	-0.00045	0
0.489	-0.00045	0
0.49	-0.0015	0
0.491	-0.00045	-5E-05
0.492	-0.00195	-5E-05
0.493	-0.0012	0
0.494	-0.00105	-5E-05
0.495	-0.0006	0
0.496	0.00105	-5E-05
0.497	0.0006	0
0.498	0.00015	0
0.499	0.00015	0
0.5	0.0009	-5E-05
0.501	0.00135	-5E-05
0.502	-0.0003	0
0.503	-0.0006	0
0.504	-0.00015	0
0.505	-0.00105	0
0.506	-0.0003	-5E-05
0.507	-0.00165	0
0.508	-0.00165	0
0.509	-0.0006	-5E-05
0.51	-0.00165	0
0.511	-0.0003	0
0.512	-0.0012	0
0.513	-0.0003	0
0.514	0.0003	-5E-05
0.515	-0.0003	0
0.516	0	0
0.517	0.00015	0
0.518	0	-5E-05
0.519	-0.0003	0
0.52	-0.00135	0
0.521	-0.0009	-5E-05
0.522	-0.00105	0
0.523	-0.00135	0
0.524	-0.00195	0
0.525	-0.0027	0
0.526	-0.00045	0
0.527	-0.00105	0
0.528	-0.0015	0
0.529	-0.00075	-5E-05
0.53	-0.00105	-5E-05
0.531	0.00015	-5E-05
0.532	0.00045	0
0.533	0.00015	0
0.534	0.0003	0
0.535	-0.0006	-5E-05
0.536	-0.00015	0
0.537	-0.0006	-5E-05
0.538	-0.00105	0
0.539	-0.00135	0
0.54	-0.00225	-5E-05
0.541	-0.0024	0
0.542	-0.0018	0
0.543	-0.00165	0
0.544	-0.00075	-5E-05
0.545	-0.00135	-5E-05
0.546	-0.0009	-5E-05
0.547	-0.00045	-5E-05
0.548	-0.0006	0
0.549	0.0006	-5E-05
0.55	-0.0003	0
0.551	-0.0006	0
0.552	-0.00045	-5E-05
0.553	-0.0009	-5E-05
0.554	0.0003	-5E-05
0.555	-0.00135	0
0.556	-0.0018	0
0.557	-0.00225	-5E-05
0.558	-0.00285	-5E-05
0.559	-0.00135	0
0.56	-0.0021	0
0.561	-0.0015	0
0.562	-0.00045	-5E-05
0.563	-0.0012	0
0.564	0.00015	-5E-05
0.565	0	0
0.566	-0.00045	0
0.567	0	0
0.568	-0.0003	0
0.569	-0.0003	-5E-05
0.57	-0.00105	0
0.571	-0.00135	-5E-05
0.572	-0.0012	0
0.573	-0.00195	0
0.574	-0.0015	0
0.575	-0.00165	0
0.576	-0.00165	-5E-05
0.577	-0.00135	0
0.578	-0.0015	-5E-05
0.579	-0.0015	0
0.58	-0.00105	-5E-05
0.581	-0.00075	-5E-05
0.582	0.00075	0
0.583	0.0003	-5E-05
0.584	0.00015	-5E-05
0.585	-0.00105	0
0.586	-0.0012	0
0.587	-0.00075	0
0.588	-0.00195	0
0.589	-0.00165	0
0.59	-0.00195	0
0.591	-0.00195	-5E-05
0.592	-0.00135	-5E-05
0.593	-0.00195	0
0.594	-0.0012	0
0.595	-0.0015	0
0.596	-0.0018	0
0.597	-0.00045	0
0.598	-0.0003	0
0.599	0.00045	0
0.6	0	-5E-05
0.601	-0.0009	0
0.602	-0.0015	-5E-05
0.603	-0.00105	0
0.604	-0.00045	0
0.605	-0.0024	0
0.606	-0.00285	0
0.607	-0.00195	0
0.608	-0.0024	0
0.609	-0.0018	0
0.61	-0.00225	0
0.611	-0.0027	0
0.612	-0.00165	0
0.613	-0.0015	0
0.614	-0.0009	-5E-05
0.615	-0.00015	-5E-05
0.616	-0.00105	-5E-05
0.617	-0.00045	0
0.618	-0.00045	-5E-05
0.619	-0.00105	-5E-05
0.62	-0.0003	0
0.621	-0.0021	0
0.622	-0.00165	0
0.623	-0.00165	0
0.624	-0.00255	0
0.625	-0.00165	-5E-05
0.626	-0.00225	-5E-05
0.627	-0.0018	-5E-05
0.628	-0.00165	-5E-05
0.629	-0.0015	0
0.63	-0.00015	-5E-05
0.631	-0.00045	0
0.632	0.00105	-5E-05
0.633	0.00135	-5E-05
0.634	0.00015	0
0.635	-0.0006	0
0.636	-0.00075	0
0.637	-0.0003	0
0.638	-0.0003	0
0.639	-0.0015	-5E-05
0.64	-0.0009	0
0.641	-0.00285	0
0.642	-0.00045	0
0.643	0	-5E-05
0.644	-0.0009	0
0.645	0.00045	-5E-05
0.646	-0.00015	0
0.647	0.0006	0
0.648	0.00195	-5E-05
0.649	0.00195	0
0.65	0.0024	-5E-05
0.651	-0.0003	0
0.652	-0.0003	-5E-05
0.653	0.0018	0
0.654	0.0006	0
0.655	0.0009	0
0.656	0	0
0.657	-0.00075	0
0.658	0	0
0.659	0	-5E-05
0.66	0.0012	0
0.661	-0.0003	0
0.662	-0.00015	0
0.663	0.0024	0
0.664	0.0009	-5E-05
0.665	0.0024	0
0.666	0.0021	0
0.667	0.0012	0
0.668	0.00195	0
0.669	0.00165	-5E-05
0.67	0.00105	0
0.671	0.00105	0
0.672	-0.00105	0
0.673	-0.00075	0
0.674	0.00045	-5E-05
0.675	-0.0003	0
0.676	-0.00075	0
0.677	0.0003	0
0.678	0.00105	0
0.679	-0.0003	0
0.68	0.00045	0
0.681	0.00075	-5E-05
0.682	0.0015	0
0.683	0.00495	-5E-05
0.684	0.0003	0
0.685	0.0003	0
0.686	0.0009	0
0.687	0.00045	0
0.688	0.00105	-5E-05
0.689	-0.00105	0
0.69	-0.0018	0
0.691	-0.00045	-5E-05
0.692	-0.0006	-5E-05
0.693	-0.00165	0
0.694	-0.0006	-5E-05
0.695	-0.00105	0
0.696	0.0015	0
0.697	0.00045	0
0.698	0.00045	-5E-05
0.699	0.00075	-5E-05
0.7	0.00165	0
0.701	0.00105	0
0.702	-0.0006	0
0.703	-0.0009	0
0.704	0.0003	0
0.705	-0.0012	-5E-05
0.706	-0.0009	0
0.707	-0.00165	-5E-05
0.708	-0.0015	0
0.709	0.0006	0
0.71	-0.00135	-5E-05
0.711	-0.0003	0
0.712	-0.00015	-5E-05
0.713	0.0003	-5E-05
0.714	0.0003	0
0.715	0.0003	0
0.716	-0.00015	0
0.717	0.00015	-5E-05
0.718	0.0018	-5E-05
0.719	0	-5E-05
0.72	-0.00105	0
0.721	-0.00015	0
0.722	-0.00075	-5E-05
0.723	-0.0006	-5E-05
0.724	-0.00165	-5E-05
0.725	-0.00135	0
0.726	0.0003	0
0.727	-0.00015	0
0.728	-0.00015	-5E-05
0.729	0.00045	0
0.73	-0.00015	0
0.731	0.0009	-5E-05
0.732	0.00015	0
0.733	0.00075	0
0.734	0.0012	0
0.735	0.00165	0
0.736	0.0021	-5E-05
0.737	-0.00075	0
0.738	0.00015	0
0.739	-0.0003	0
0.74	-0.0015	0
0.741	-0.0006	-5E-05
0.742	-0.0009	-5E-05
0.743	-0.0006	0
0.744	-0.00015	0
0.745	-0.00195	0
0.746	0.0012	0
0.747	0.00165	0
0.748	-0.0003	0
0.749	0.00075	0
0.75	0.0006	-5E-05
0.751	0.00075	-5E-05
0.752	0.0006	0
0.753	-0.00105	0
0.754	0.0003	0.00035
0.755	-0.00105	0.00065
0.756	0.0006	0.00075
0.757	0	0.0008
0.758	-0.0012	0.0008
0.759	-0.0015	0.00085
0.76	-0.0015	0.00085
0.761	-0.00075	0.0009
0.762	0	0.00095
0.763	-0.00015	0.001
0.764	0.0012	0.001
0.765	0.00075	0.0011
0.766	-0.0006	0.00115
0.767	0.0012	0.0012
0.768	0.0015	0.0013
0.769	0.0012	0.00145
0.77	0.0015	0.00155
0.771	-0.00075	0.0017
0.772	-0.00075	0.00195
0.773	-0.0024	0.00215
0.774	-0.00165	0.0023
0.775	-0.00135	0.00255
0.776	-0.0021	0.00285
0.777	0.0003	0.0031
0.778	-0.00075	0.00335
0.779	-0.00015	0.00365
0.78	-0.0006	0.00385
0.781	-0.0003	0.00415
0.782	0.0006	0.00445
0.783	0.00045	0.0048
0.784	-0.00015	0.0051
0.785	0.00015	0.00545
0.786	-0.0003	0.0058
0.787	-0.0006	0.0064
0.788	-0.00075	0.00685
0.789	-0.00015	0.0072
0.79	-0.0003	0.0077
0.791	-0.00285	0.0082
0.792	-0.0009	0.0086
0.793	-0.0012	0.00895
0.794	-0.0018	0.0094
0.795	-0.00075	0.0098
0.796	-0.00015	0.0102
0.797	-0.0018	0.0105
0.798	0.00045	0.011
0.799	0.0003	0.01145
0.8	0.0018	0.0118
0.801	0.00075	0.01225
0.802	0.0003	0.0127
0.803	0.0003	0.01315
0.804	-0.00165	0.01365
0.805	-0.00105	0.0141
0.806	-0.0024	0.01455
0.807	-0.00255	0.0151
0.808	-0.00135	0.0155
0.809	-0.0015	0.0161
0.81	-0.0009	0.01665
0.811	-0.00135	0.01715
0.812	-0.0018	0.0177
0.813	-0.0003	0.0182
0.814	-0.00165	0.01235
0.815	-0.0006	0.0151
0.816	0.00015	0.01465
0.817	-0.00015	0.01445
0.818	-0.00045	0.01425
0.819	0.00075	0.0143
0.82	0	0.01435
0.821	-0.00015	0.01425
0.822	-0.0012	0.0142
0.823	-0.0036	0.01425
0.824	-0.00225	0.0142
0.825	-0.0021	0.0142
0.826	-0.0009	0.0142
0.827	-0.00225	0.0142
0.828	-0.00165	0.01415
0.829	0.00015	0.01415
0.83	-0.0003	0.0142
0.831	0.00075	0.01415
0.832	-0.00045	0.0142
0.833	0.0018	0.01425
0.834	0	0.01415
0.835	-0.00075	0.01425
0.836	-0.00015	0.01415
0.837	-0.0009	0.0142
0.838	-0.00165	0.01415
0.839	-0.0018	0.01415
0.84	-0.0024	0.0142
0.841	-0.0024	0.01415
0.842	-0.00105	0.01415
0.843	-0.0018	0.01425
0.844	-0.00165	0.01415
0.845	-0.0024	0.0142
0.846	-0.00105	0.01415
0.847	-0.0003	0.01415
0.848	-0.00045	0.0141
0.849	-0.00105	0.01415
0.85	-0.00045	0.0142
0.851	0.00045	0.0142
0.852	-0.00105	0.01415
0.853	-0.0009	0.0142
0.854	0	0.01415
0.855	-0.00285	0.0142
0.856	-0.0015	0.01415
0.857	-0.0009	0.01415
0.858	-0.0033	0.0142
0.859	-0.0027	0.01415
0.86	-0.00225	0.0142
0.861	-0.0015	0.0142
0.862	0	0.0142
0.863	-0.00135	0.0142
0.864	0.0006	0.0142
0.865	0.0012	0.01415
0.866	-0.0012	0.01415
0.867	-0.00075	0.01415
0.868	-0.0012	0.0142
0.869	-0.0012	0.01425
0.87	-0.0015	0.01415
0.871	-0.0012	0.0142
0.872	-0.00075	0.01415
0.873	-0.0024	0.01415
0.874	-0.0021	0.01415
0.875	-0.0009	0.01415
0.876	-0.0033	0.0142
0.877	-0.0021	0.0142
0.878	-0.0018	0.0142
0.879	-0.0015	0.0142
0.88	-0.0006	0.01415
0.881	0.0006	0.0142
0.882	0.0015	0.0142
0.883	0.00135	0.01425
0.884	-0.0012	0.01415
0.885	0.00015	0.01415
0.886	0.0006	0.01415
0.887	-0.0018	0.0142
0.888	-0.00105	0.0141
0.889	-0.00195	0.0142
0.89	-0.0015	0.0142
0.891	-0.003	0.0142
0.892	-0.0015	0.0142
0.893	-0.00165	0.01415
0.894	-0.0027	0.01415
0.895	-0.00045	0.0142
0.896	0.0003	0.0141
0.897	-0.00045	0.01415
0.898	-0.00015	0.01415
0.899	-0.00015	0.0142
0.9	0.0006	0.0142
0.901	-0.0003	0.0142
0.902	-0.00015	0.01425
0.903	0.00105	0.0142
0.904	-0.00015	0.01415
0.905	-0.00165	0.0142
0.906	-0.0009	0.01415
0.907	-0.0012	0.0142
0.908	-0.00135	0.0142
0.909	-0.00165	0.01415
0.91	-0.00195	0.0142
0.911	-0.00105	0.0142
0.912	-0.0015	0.0142
0.913	0.0006	0.0142
0.914	0.00045	0.0142
0.915	-0.0006	0.0142
0.916	0.00015	0.01415
0.917	0.00105	0.0142
0.918	0.00195	0.0142
0.919	-0.0012	0.0142
0.92	-0.0012	0.01415
0.921	-0.0006	0.01415
0.922	-0.0021	0.0142
0.923	-0.0003	0.0142
0.924	-0.0003	0.01415
0.925	-0.00225	0.0142
0.926	-0.0012	0.01415
0.927	-0.0015	0.01415
0.928	-0.0015	0.01415
0.929	0	0.01415
0.93	-0.00195	0.01425
0.931	0.00045	0.0142
0.932	0.0009	0.0142
0.933	0.00045	0.0142
0.934	0.00255	0.01415
0.935	0.0009	0.01415
0.936	-0.00045	0.01415
0.937	-0.0003	0.01415
0.938	-0.00135	0.01415
0.939	0.00105	0.0142
0.94	-0.00045	0.01425
0.941	-0.0015	0.01415
0.942	-0.00105	0.01415
0.943	-0.0027	0.0142
0.944	0.00045	0.01425
0.945	-0.0006	0.0142
0.946	-0.00075	0.01415
0.947	0.00015	0.01415
0.948	0.0009	0.0142
0.949	0.00135	0.01425
0.95	0.0021	0.01425
0.951	0.00105	0.01415
0.952	0.0012	0.01415
0.953	0.00105	0.01415
0.954	0	0.0142
0.955	0.0009	0.01425
0.956	-0.00105	0.0142
0.957	-0.00045	0.0142
0.958	-0.0015	0.0142
0.959	-0.0021	0.0142
0.96	-0.0003	0.0142
0.961	-0.00075	0.0142
0.962	-0.00135	0.0142
0.963	0.00075	0.0142
0.964	-0.00075	0.0142
0.965	0.00135	0.01425
0.966	0.0009	0.01425
0.967	0.0006	0.01425
0.968	0.00135	0.0142
0.969	0.00045	0.0142
0.97	0.00075	0.0142
0.971	0.00045	0.01415
0.972	0.00045	0.01425
0.973	-0.00135	0.0142
0.974	-0.0024	0.0142
0.975	-0.0003	0.01425
0.976	-0.0009	0.01425
0.977	-0.0009	0.0142
0.978	-0.00015	0.0142
0.979	0.00105	0.0142
0.98	0	0.01415
0.981	0.0018	0.0142
0.982	0.00075	0.0142
0.983	0.0015	0.01415
0.984	0.00015	0.0142
0.985	0	0.0142
0.986	0.00135	0.0142
0.987	-0.00045	0.0142
0.988	-0.00105	0.01415
0.989	-0.0006	0.01425
0.99	-0.00015	0.01425
0.991	-0.00165	0.0142
0.992	-0.00075	0.0142
0.993	-0.0009	0.0142
0.994	-0.0015	0.01425
0.995	-0.0021	0.0142
0.996	0.0006	0.0142
0.997	-0.0003	0.01425
0.998	-0.00015	0.01425
0.999	0.00165	0.01415
1	-0.00015	0.0142
1.001	0.0018	0.0142
1.002	-0.0006	0.0142
1.003	0.0006	0.0142
1.004	0.0003	0.0142
1.005	-0.00195	0.01425
1.006	-0.00105	0.0142
1.007	-0.0003	0.0142
1.008	-0.0018	0.0142
1.009	-0.00165	0.0142
1.01	-0.00135	0.0141
1.011	-0.0009	0.0142
1.012	-0.0012	0.01425
1.013	-0.00105	0.0142
1.014	0.0009	0.0142
1.015	-0.00015	0.0143
1.016	-0.00135	0.01415
1.017	0.00075	0.01425
1.018	0.00045	0.0142
1.019	-0.0003	0.0142
1.02	-0.00075	0.0142
1.021	-0.0015	0.0142
1.022	-0.00195	0.01415
1.023	-0.0033	0.01425
1.024	-0.0021	0.0142
1.025	-0.0015	0.01425
1.026	-0.0042	0.01415
1.027	-0.0018	0.0142
1.028	-0.0006	0.0142
1.029	-0.00075	0.0142
1.03	-0.00075	0.01415
1.031	-0.00075	0.01415
1.032	-0.00075	0.0142
1.033	-0.0009	0.01425
1.034	-0.0006	0.01415
1.035	-0.00075	0.0142
1.036	-0.00225	0.0142
1.037	-0.0021	0.01415
1.038	-0.00165	0.0142
1.039	-0.0021	0.01425
1.04	-0.0012	0.0142
1.041	-0.00375	0.01425
1.042	-0.00195	0.0142
1.043	-0.0024	0.0142
1.044	-0.0033	0.0142
1.045	-0.00135	0.0142
1.046	-0.00135	0.0142
1.047	-0.0003	0.01425
1.048	-0.00015	0.01415
1.049	-0.00075	0.0142
1.05	-0.00045	0.01425
1.051	-0.0006	0.01425
1.052	-0.0009	0.0142
1.053	-0.00135	0.0142
1.054	-0.00105	0.0142
1.055	-0.00225	0.01425
1.056	-0.00255	0.01415
1.057	-0.00135	0.01425
1.058	-0.00105	0.0142
1.059	-0.00195	0.0142
1.06	-0.0024	0.01425
1.061	-0.00255	0.01425
1.062	-0.00225	0.0142
1.063	0.00075	0.01425
1.064	-0.0003	0.0142
1.065	-0.0006	0.0142
1.066	0.00015	0.0142
1.067	-0.0006	0.0142
1.068	0.00135	0.0142
1.069	0.00075	0.01425
1.07	0.00015	0.01425
1.071	-0.00195	0.01425
1.072	-0.0018	0.0142
1.073	-0.0012	0.0142
1.074	-0.00135	0.0142
1.075	-0.00135	0.0142
1.076	-0.0027	0.01425
1.077	-0.00255	0.0142
1.078	0	0.01425
1.079	0	0.0142
1.08	0.00075	0.01415
1.081	0.00045	0.0142
1.082	0.0003	0.0142
1.083	0.0012	0.0142
1.084	0.00045	0.0142
1.085	0.00045	0.01425
1.086	0.00135	0.0142
1.087	-0.0003	0.0142
1.088	-0.0009	0.01425
1.089	-0.0003	0.0142
1.09	-0.00165	0.01425
1.091	0	0.01425
1.092	-0.00105	0.01425
1.093	-0.0021	0.0142
1.094	-0.0003	0.01425
1.095	-0.0018	0.01425
1.096	0.00045	0.0142
1.097	0	0.0142
1.098	-0.00045	0.0143
1.099	0.00195	0.0142
1.1	0.00075	0.01425
1.101	0.00285	0.01425
1.102	0.0006	0.0142
1.103	0.0006	0.0142
1.104	0.00015	0.0142
1.105	-0.00135	0.01425
1.106	-0.0024	0.0142
1.107	0.00015	0.01425
1.108	-0.0015	0.0142
1.109	-0.00135	0.0143
1.11	-0.00165	0.0142
1.111	-0.0012	0.0142
1.112	0.0003	0.01425
1.113	-0.00105	0.01425
1.114	0.00045	0.01425
1.115	0.00015	0.0142
1.116	0.0006	0.01425
1.117	0.00045	0.0142
1.118	0.0009	0.0143
1.119	-0.00015	0.0142
1.12	0.00015	0.0142
1.121	0.0003	0.0142
1.122	-0.0003	0.01425
1.123	-0.00165	0.01425
1.124	-0.0015	0.0142
1.125	-0.0012	0.0142
1.126	-0.0018	0.0142
1.127	-0.00015	0.01425
1.128	-0.0015	0.01425
1.129	-0.00015	0.0142
1.13	-0.00075	0.01425
1.131	0	0.01415
1.132	0.00165	0.0142
1.133	0.00045	0.0142
1.134	0.00015	0.01425
1.135	0.0012	0.01425
1.136	-0.0003	0.0142
1.137	-0.00015	0.01425
1.138	0	0.01425
1.139	-0.00165	0.01425
1.14	-0.00015	0.0142
1.141	-0.00195	0.01425
1.142	-0.0015	0.01425
1.143	-0.00045	0.01425
1.144	-0.00165	0.0142
1.145	-0.00075	0.01425
1.146	-0.0003	0.01425
1.147	0.00015	0.0142
1.148	0.00105	0.0143
1.149	0.00105	0.0142
1.15	0.0012	0.0142
1.151	0.0018	0.01425
1.152	-0.0003	0.01425
1.153	0.00195	0.0142
1.154	-0.00045	0.0142
1.155	-0.00045	0.01425
1.156	0.0003	0.01425
1.157	-0.00105	0.0142
1.158	-0.0003	0.0142
1.159	-0.00195	0.01425
1.16	-0.0003	0.0142
1.161	0.00015	0.01425
1.162	0	0.0142
1.163	-0.00045	0.0143
1.164	0.0015	0.01425
1.165	0.00015	0.01425
1.166	0.0021	0.01425
1.167	0.0018	0.01425
1.168	0.00045	0.0142
1.169	0.0009	0.0142
1.17	-0.00015	0.0142
1.171	0.00015	0.0142
1.172	-0.00075	0.0142
1.173	-0.00105	0.0142
1.174	-0.0006	0.0142
1.175	-0.0015	0.0143
1.176	-0.0009	0.01425
1.177	-0.0003	0.01425
1.178	0	0.01425
1.179	0.00045	0.01425
1.18	-0.00045	0.01425
1.181	0.00105	0.0142
1.182	0.00105	0.01415
1.183	0.00075	0.0143
1.184	0.0009	0.01425
1.185	0.00075	0.0143
1.186	-0.0003	0.01425
1.187	0.00105	0.0142
1.188	0.00045	0.0142
1.189	-0.00075	0.0142
1.19	-0.00105	0.0143
1.191	-0.00105	0.01425
1.192	-0.0009	0.01425
1.193	-0.0012	0.0142
1.194	-0.00105	0.0142
1.195	-0.00165	0.0142
1.196	-0.0012	0.0142
1.197	0.0003	0.01425
1.198	-0.0003	0.0143
1.199	0.00135	0.0142
1.2	0.0006	0.01425
1.201	0.0003	0.0143
1.202	0.00105	0.0142
1.203	-0.0003	0.0142
1.204	-0.0003	0.0142
1.205	-0.0009	0.01425
1.206	-0.0018	0.0142
1.207	-0.00105	0.01425
1.208	-0.0012	0.0143
1.209	-0.00195	0.0142
1.21	-0.0012	0.01425
1.211	-0.0009	0.01425
1.212	-0.00105	0.01425
1.213	0.00075	0.01425
1.214	0.00075	0.0142
1.215	0.00075	0.0142
1.216	0	0.01415
1.217	0	0.01425
1.218	0.00135	0.0143
1.219	-0.00015	0.0142
1.22	0.00075	0.0142
1.221	-0.0009	0.0142
1.222	-0.00045	0.01425
1.223	-0.0006	0.01425
1.224	-0.00315	0.0142
1.225	-0.00105	0.01425
1.226	-0.00165	0.01425
1.227	-0.00225	0.01425
1.228	-0.00075	0.0143
1.229	0.0003	0.01425
1.23	-0.00015	0.0142
1.231	0.0012	0.01425
1.232	-0.00075	0.01425
1.233	0.0006	0.01425
1.234	0.0003	0.0143
1.235	0.00015	0.0143
1.236	0.0006	0.01425
1.237	-0.0012	0.0143
1.238	-0.0012	0.01425
1.239	-0.00075	0.0143
1.24	-0.00075	0.0143
1.241	-0.00165	0.01425
1.242	-0.00195	0.0142
1.243	-0.0015	0.0143
1.244	-0.0009	0.0143
1.245	-0.0009	0.01425
1.246	0.00015	0.01425
1.247	-0.00075	0.01425
1.248	-0.00135	0.0143
1.249	0.00105	0.01425
1.25	-0.0003	0.0143
1.251	0.0006	0.01415
1.252	-0.00015	0.0142
1.253	-0.00015	0.01425
1.254	-0.00075	0.0142
1.255	-0.00135	0.0142
1.256	-0.0012	0.0143
1.257	-0.0015	0.01425
1.258	-0.00255	0.01425
1.259	-0.00255	0.0142
1.26	-0.00195	0.01425
1.261	-0.0012	0.0143
1.262	-0.00015	0.0142
1.263	-0.0012	0.01425
1.264	0.00045	0.0142
1.265	-0.0009	0.01425
1.266	0.00105	0.0143
1.267	0	0.01425
1.268	-0.0003	0.01425
1.269	-0.00015	0.01425
1.27	-0.00015	0.0142
1.271	0.0003	0.01425
1.272	-0.0006	0.0143
1.273	-0.0015	0.0142
1.274	-0.00165	0.01425
1.275	0	0.01425
1.276	-0.00315	0.0142
1.277	-0.0012	0.01425
1.278	-0.00195	0.01425
1.279	0	0.0143
1.28	0.00015	0.01425
1.281	0	0.01425
1.282	-0.00015	0.01425
1.283	0.0006	0.0143
1.284	0.00135	0.01425
1.285	0.00075	0.01425
1.286	0.0003	0.01425
1.287	0	0.01425
1.288	-0.00075	0.01425
1.289	-0.0006	0.0143
1.29	-0.00105	0.01425
1.291	-0.0015	0.0143
1.292	-0.00105	0.01425
1.293	-0.00135	0.0143
1.294	-0.0015	0.01435
1.295	0.00015	0.0143
1.296	0	0.0143
1.297	0.0003	0.01425
1.298	0.00165	0.01425
1.299	0.0009	0.01425
1.3	0.0021	0.01425
1.301	0.00075	0.01425
1.302	0.00105	0.01425
1.303	0.00105	0.0142
1.304	-0.0009	0.0143
1.305	0.00045	0.0143
1.306	-0.00075	0.01425
1.307	-0.0003	0.0143
1.308	0	0.01425
1.309	-0.00165	0.01425
1.31	-0.0015	0.0143
1.311	0	0.01425
1.312	0.0003	0.01425
1.313	0.0012	0.0142
1.314	0	0.01425
1.315	0.00045	0.01425
1.316	0.0018	0.0143
1.317	0.00165	0.01425
1.318	0.0015	0.01425
1.319	-0.00105	0.01425
1.32	0.0006	0.01425
1.321	0.00105	0.01425
1.322	-0.0006	0.01425
1.323	-0.00075	0.0143
1.324	-0.0009	0.01425
1.325	-0.00135	0.0143
1.326	-0.0003	0.0143
1.327	-0.00165	0.0143
1.328	-0.00105	0.0143
1.329	0.0009	0.01425
1.33	0.0003	0.01425
1.331	0.0009	0.01425
1.332	0.0003	0.01425
1.333	0.0009	0.01425
1.334	0.0015	0.01425
1.335	0.0009	0.0143
1.336	0	0.0143
1.337	-0.0003	0.0143
1.338	0	0.01425
1.339	-0.00015	0.0143
1.34	-0.0015	0.01425
1.341	-0.00195	0.01425
1.342	-0.00165	0.01425
1.343	-0.00135	0.0143
1.344	-0.0015	0.01425
1.345	-0.0021	0.01425
1.346	-0.0015	0.0143
1.347	0.0006	0.01425
1.348	0.0006	0.01425
1.349	0.00135	0.0143
1.35	0.00045	0.01425
1.351	0.0006	0.0142
1.352	0.00015	0.01425
1.353	-0.00105	0.0143
1.354	-0.00015	0.0143
1.355	-0.0018	0.0143
1.356	-0.0015	0.0143
1.357	-0.00045	0.01435
1.358	-0.0015	0.0143
1.359	-0.00165	0.01425
1.36	-0.0015	0.0143
1.361	-0.0015	0.01425
1.362	-0.0012	0.01425
1.363	-0.00105	0.0143
1.364	-0.0003	0.01425
1.365	0.00105	0.01425
1.366	-0.00045	0.01425
1.367	0.0006	0.01425
1.368	0.0003	0.0143
1.369	-0.00045	0.0143
1.37	0.0006	0.01425
1.371	-0.00105	0.01425
1.372	-0.0018	0.01425
1.373	-0.0012	0.01425
1.374	-0.00255	0.0143
1.375	-0.00135	0.0142
1.376	-0.0021	0.0143
1.377	-0.0018	0.01435
1.378	-0.00105	0.0143
1.379	-0.0006	0.0143
1.38	-0.00045	0.0143
1.381	0.00015	0.01425
1.382	0.00015	0.01425
1.383	0	0.01425
1.384	0	0.01425
1.385	0.00075	0.01435
1.386	-0.00045	0.01425
1.387	-0.00075	0.01425
1.388	-0.00045	0.0143
1.389	-0.00105	0.0143
1.39	-0.00105	0.0143
1.391	-0.00135	0.0143
1.392	-0.00165	0.01425
1.393	-0.0009	0.0143
1.394	-0.0009	0.0143
1.395	-0.00135	0.0143
1.396	-0.0003	0.0143
1.397	-0.0006	0.01425
1.398	0.00015	0.01425
1.399	0.00105	0.01425
1.4	0.0006	0.0143
1.401	0.00105	0.01425
1.402	0	0.01425
1.403	0.00045	0.0143
1.404	-0.00015	0.01425
1.405	-0.0006	0.0143
1.406	-0.0003	0.0142
1.407	-0.00225	0.01435
1.408	-0.0006	0.0143
1.409	-0.00105	0.0143
1.41	-0.00135	0.01425
1.411	-0.00015	0.01425
1.412	-0.00135	0.01425
1.413	-0.0003	0.0143
1.414	0.0015	0.0143
1.415	0.00045	0.0142
1.416	0.0009	0.01425
1.417	0.00015	0.0143
1.418	0.00045	0.0143
1.419	0.00165	0.01435
1.42	0.0006	0.0143
1.421	0.00075	0.0143
1.422	-0.00075	0.0143
1.423	-0.0009	0.0143
1.424	-0.0006	0.01425
1.425	-0.00075	0.0143
1.426	-0.00135	0.0143
1.427	-0.0003	0.0143
1.428	-0.0009	0.0143
1.429	0.00045	0.0143
1.43	0.0009	0.01425
1.431	0.0003	0.01425
1.432	0.0015	0.0143
1.433	-0.00105	0.0143
1.434	0.0018	0.0143
1.435	0.00165	0.0143
1.436	0.0003	0.0143
1.437	0.00075	0.01425
1.438	-0.0003	0.0143
1.439	-0.00045	0.0143
1.44	-0.0015	0.0143
1.441	-0.0018	0.0143
1.442	-0.00135	0.01425
1.443	-0.00135	0.0143
1.444	-0.0006	0.01435
1.445	0.00045	0.0143
1.446	-0.0012	0.0142
1.447	0.0009	0.01425
1.448	0.0009	0.01435
1.449	0.00165	0.01425
1.45	0.00045	0.01425
1.451	-0.00045	0.01435
1.452	0.00015	0.0143
1.453	0.0003	0.0143
1.454	-0.0009	0.0143
1.455	0.00045	0.01425
1.456	-0.0015	0.01425
1.457	-0.00195	0.01425
1.458	-0.0018	0.0143
1.459	-0.0015	0.0143
1.46	0.00015	0.01425
1.461	-0.0021	0.0143
1.462	-0.00255	0.0143
1.463	-0.00105	0.0143
1.464	-0.00045	0.0143
1.465	0.0003	0.0143
1.466	-0.00045	0.01425
1.467	-0.00105	0.0143
1.468	0.00015	0.01425
1.469	-0.00075	0.0143
1.47	0.00135	0.01425
1.471	-0.00135	0.0143
1.472	-0.0024	0.0143
1.473	-0.0015	0.01425
1.474	-0.00285	0.0143
1.475	-0.003	0.0143
1.476	-0.0012	0.0143
1.477	-0.0024	0.0143
1.478	-0.00195	0.0143
1.479	-0.00105	0.0143
1.48	-0.0006	0.0143
1.481	0.0006	0.01435
1.482	-0.0009	0.0143
1.483	-0.00015	0.01435
1.484	-0.00015	0.0143
1.485	-0.00015	0.0143
1.486	0.0006	0.0143
1.487	-0.00105	0.01435
1.488	-0.00165	0.01435
1.489	-0.00135	0.0143
1.49	-0.00225	0.0143
1.491	-0.0021	0.0143
1.492	-0.0021	0.01425
1.493	-0.0021	0.01425
1.494	-0.0012	0.01435
1.495	-0.0015	0.01435
1.496	-0.00195	0.0143
1.497	-0.0009	0.0143
1.498	-0.0006	0.01435
1.499	0.00105	0.01425
1.5	0	0.01435
1.501	0.0009	0.01425
1.502	-0.00165	0.01425
1.503	-0.0009	0.0143
1.504	-0.0006	0.01425
1.505	-0.00165	0.0143
1.506	-0.0015	0.01425
1.507	-0.0018	0.0143
1.508	-0.00255	0.01435
1.509	-0.0012	0.01435
1.51	-0.00165	0.01435
1.511	-0.00135	0.01425
1.512	-0.0018	0.01435
1.513	0	0.0143
1.514	-0.00015	0.01425
1.515	0.00015	0.0143
1.516	-0.00045	0.0143
1.517	0.0006	0.0142
1.518	-0.00015	0.0143
1.519	-0.00045	0.0143
1.52	-0.00015	0.0143
1.521	-0.0009	0.0143
1.522	0.00045	0.0143
1.523	-0.00165	0.01435
1.524	-0.00075	0.0143
1.525	-0.0015	0.01435
1.526	-0.00225	0.0143
1.527	-0.00135	0.0143
1.528	-0.0015	0.0143
1.529	-0.00075	0.0143
1.53	-0.0003	0.0143
1.531	-0.00135	0.0143
1.532	-0.00015	0.01435
1.533	-0.0009	0.01425
1.534	-0.00075	0.0143
1.535	0.0006	0.01425
1.536	-0.00075	0.0143
1.537	-0.0009	0.0143
1.538	-0.00075	0.01425
1.539	-0.0018	0.01435
1.54	-0.0015	0.01425
1.541	-0.0021	0.0143
1.542	-0.00225	0.0143
1.543	-0.0012	0.0143
1.544	-0.00225	0.0143
1.545	-0.00135	0.0143
1.546	-0.00135	0.0143
1.547	-0.0003	0.0143
1.548	0	0.01425
1.549	0	0.01435
1.55	-0.00015	0.0144
1.551	0.0006	0.0143
1.552	-0.0006	0.0143
1.553	0.0006	0.01425
1.554	-0.00195	0.01435
1.555	-0.00195	0.0143
1.556	-0.0003	0.0143
1.557	-0.0024	0.01435
1.558	-0.0018	0.0143
1.559	-0.0027	0.0143
1.56	-0.0021	0.0143
1.561	-0.0012	0.0143
1.562	-0.00195	0.0143
1.563	-0.00045	0.0143
1.564	0.0006	0.0143
1.565	-0.0006	0.0143
1.566	-0.0003	0.0143
1.567	0.00015	0.01435
1.568	0.00015	0.0143
1.569	-0.00045	0.0143
1.57	-0.0012	0.0143
1.571	-0.00045	0.0143
1.572	-0.0018	0.01435
1.573	-0.0012	0.0143
1.574	0.00045	0.01425
1.575	-0.0024	0.0143
1.576	-0.00225	0.0144
1.577	-0.0015	0.01425
1.578	-0.00135	0.01425
1.579	0	0.01435
1.58	-0.00105	0.0143
1.581	-0.0003	0.0143
1.582	0.00075	0.0143
1.583	-0.00015	0.0143
1.584	0.0009	0.0143
1.585	-0.00045	0.0143
1.586	-0.00075	0.01435
1.587	0	0.01435
1.588	0	0.01425
1.589	-0.0006	0.01435
1.59	-0.00135	0.01425
1.591	-0.00135	0.01425
1.592	-0.00135	0.0143
1.593	-0.0015	0.0143
1.594	-0.0006	0.0143
1.595	0.00045	0.0143
1.596	-0.00135	0.0143
1.597	-0.00045	0.0143
1.598	-0.0006	0.01435
1.599	0.0012	0.0143
1.6	0.00105	0.0143
1.601	0.00015	0.01425
1.602	0.0009	0.0143
1.603	0.0003	0.01435
1.604	-0.00075	0.0143
1.605	0.00015	0.0143
1.606	-0.00225	0.0143
1.607	-0.00105	0.01435
1.608	-0.0027	0.01435
1.609	-0.00315	0.0143
1.61	-0.00075	0.0143
1.611	-0.00135	0.0143
1.612	-0.00075	0.0143
1.613	0.00015	0.0143
1.614	0.00015	0.0143
1.615	0.00135	0.0143
1.616	0.0012	0.0143
1.617	0.00015	0.0143
1.618	0.0003	0.01435
1.619	-0.0009	0.0143
1.62	0.00135	0.01425
1.621	-0.00045	0.0143
1.622	-0.00165	0.01435
1.623	-0.00045	0.0143
1.624	-0.0015	0.0143
1.625	-0.0018	0.01435
1.626	-0.0006	0.0143
1.627	-0.00195	0.0143
1.628	-0.00105	0.0143
1.629	-0.0015	0.0143
1.63	-0.00015	0.0143
1.631	0.0018	0.0143
1.632	0.00015	0.01435
1.633	0.00105	0.0143
1.634	0.0003	0.01435
1.635	0.0003	0.0144
1.636	0.00045	0.0143
1.637	-0.00075	0.0144
1.638	-0.0012	0.01435
1.639	-0.0012	0.0143
1.64	-0.00195	0.0143
1.641	-0.00165	0.01435
1.642	-0.0012	0.0143
1.643	-0.0012	0.0143
1.644	-0.00135	0.0143
1.645	-0.0012	0.0143
1.646	-0.00015	0.0143
1.647	0.0024	0.01425
1.648	0.00015	0.01435
1.649	0.00075	0.01435
1.65	0.0003	0.0143
1.651	0	0.01435
1.652	0.0006	0.01435
1.653	0.0003	0.0143
1.654	-0.00045	0.0143
1.655	-0.00135	0.0143
1.656	-0.00015	0.01435
1.657	-0.0009	0.01435
1.658	-0.00225	0.0143
1.659	-0.00195	0.0143
1.66	-0.0021	0.0143
1.661	-0.0009	0.0143
1.662	-0.00045	0.0143
1.663	0.00075	0.0143
1.664	0.0006	0.0143
1.665	0.0006	0.0143
1.666	0.00075	0.01435
1.667	0.0003	0.01435
1.668	0.0012	0.0143
1.669	0.0006	0.01435
1.67	-0.00045	0.0143
1.671	-0.00015	0.01435
1.672	-0.00225	0.01435
1.673	-0.00255	0.01435
1.674	-0.0006	0.01435
1.675	-0.0021	0.0143
1.676	-0.00255	0.0143
1.677	-0.0015	0.01435
1.678	-0.00075	0.01435
1.679	-0.0015	0.01435
1.68	-0.0012	0.01435
1.681	0	0.0143
1.682	0.0006	0.0143
1.683	-0.00075	0.0143
1.684	-0.00075	0.01435
1.685	0.00045	0.0143
1.686	-0.00045	0.0143
1.687	0	0.01435
1.688	-0.00135	0.0144
1.689	-0.0012	0.01435
1.69	-0.0018	0.0144
1.691	-0.0027	0.0143
1.692	-0.00135	0.0143
1.693	-0.00255	0.0144
1.694	-0.00255	0.0143
1.695	-0.0006	0.01435
1.696	-0.00255	0.01435
1.697	-0.0003	0.0143
1.698	0.00075	0.0143
1.699	0.00015	0.01435
1.7	0	0.0143
1.701	-0.0006	0.0143
1.702	0.00015	0.0143
1.703	0.00015	0.01435
1.704	-0.0018	0.0144
1.705	-0.0024	0.0143
1.706	-0.0006	0.0144
1.707	-0.0012	0.0143
1.708	-0.0015	0.0143
1.709	-0.00255	0.01435
1.71	-0.0021	0.0143
1.711	-0.00195	0.01435
1.712	-0.0015	0.01435
1.713	-0.00015	0.01425
1.714	-0.0009	0.01435
1.715	-0.00045	0.0143
1.716	0.00015	0.0143
1.717	-0.0003	0.01435
1.718	0.0003	0.0143
1.719	-0.00075	0.0143
1.72	0.0012	0.01435
1.721	-0.00045	0.0143
1.722	-0.00285	0.01435
1.723	-0.0006	0.0143
1.724	-0.00105	0.0143
1.725	-0.00165	0.01435
1.726	-0.00255	0.0143
1.727	-0.0021	0.01425
1.728	-0.00075	0.0143
1.729	-0.00045	0.0143
1.73	0	0.0143
1.731	-0.00195	0.01435
1.732	-0.0009	0.0144
1.733	0.00105	0.01435
1.734	0.00165	0.01435
1.735	0.0003	0.01435
1.736	-0.00045	0.01435
1.737	0.0003	0.01435
1.738	0.00075	0.0143
1.739	-0.00045	0.01435
1.74	-0.0027	0.01435
1.741	0.0003	0.01435
1.742	-0.00165	0.01445
1.743	-0.0015	0.01435
1.744	-0.0003	0.01435
1.745	-0.0012	0.01435
1.746	-0.00045	0.01435
1.747	-0.00015	0.01435
1.748	-0.00075	0.01435
1.749	0.0009	0.01435
1.75	0.00105	0.01435
1.751	0.0009	0.0143
1.752	0.00045	0.0144
1.753	-0.00195	0.01435
1.754	0.00015	0.0143
1.755	-0.00075	0.0143
1.756	-0.0003	0.0143
1.757	-0.00165	0.0143
1.758	-0.0024	0.01435
1.759	-0.00195	0.01435
1.76	-0.00135	0.01435
1.761	-0.00135	0.01435
1.762	0	0.0144
1.763	-0.00105	0.01435
1.764	-0.0003	0.01435
1.765	0.00105	0.0143
1.766	0.0003	0.01435
1.767	0.00195	0.0143
1.768	-0.0003	0.01435
1.769	-0.0003	0.01425
1.77	0.00105	0.0143
1.771	-0.0006	0.01435
1.772	0.0003	0.0144
1.773	-0.00195	0.0144
1.774	-0.00195	0.01435
1.775	0.00075	0.01435
1.776	-0.0015	0.01435
1.777	-0.00105	0.0143
1.778	-0.00075	0.0143
1.779	-0.00165	0.0144
1.78	-0.00015	0.0144
1.781	0.0003	0.01435
1.782	0.00015	0.0143
1.783	-0.0003	0.0143
1.784	-0.0006	0.01435
1.785	0.0009	0.01435
1.786	0	0.01435
1.787	-0.0006	0.0143
1.788	0	0.01435
1.789	-0.00165	0.01435
1.79	-0.0018	0.0144
1.791	-0.00255	0.01435
1.792	-0.0024	0.01435
1.793	-0.00075	0.01435
1.794	-0.0018	0.01435
1.795	-0.0009	0.01435
1.796	0	0.01435
1.797	0	0.0143
1.798	0.00045	0.01435
1.799	0.0006	0.01435
1.8	0.00015	0.01435
1.801	0.00105	0.01435
1.802	-0.00015	0.01435
1.803	0.0006	0.01435
1.804	-0.0006	0.0143
1.805	-0.00165	0.01435
1.806	-0.0003	0.01435
1.807	-0.0012	0.01435
1.808	-0.00135	0.01435
1.809	-0.00165	0.0144
1.81	-0.00045	0.0143
1.811	-0.0012	0.0143
1.812	-0.0015	0.01435
1.813	0.00105	0.01435
1.814	0.0006	0.01435
1.815	0	0.0143
1.816	0.0018	0.0144
1.817	0.00165	0.01435
1.818	-0.0003	0.01435
1.819	0.00075	0.01435
1.82	0.0003	0.0143
1.821	0.00075	0.0144
1.822	-0.0015	0.01435
1.823	-0.00225	0.01435
1.824	0.0012	0.01435
1.825	-0.0024	0.01435
1.826	-0.00195	0.01435
1.827	-0.00015	0.0144
1.828	0	0.01435
1.829	0.0012	0.0144
1.83	0.00045	0.0144
1.831	0.00135	0.0143
1.832	0.00105	0.0143
1.833	0.0006	0.01435
1.834	0.00195	0.01435
1.835	0.0018	0.0143
1.836	0.00045	0.01435
1.837	0.00045	0.01435
1.838	0.00015	0.0143
1.839	0.00075	0.0144
1.84	0.00045	0.0144
1.841	-0.00015	0.0143
1.842	0.00045	0.01435
1.843	-0.00105	0.01435
1.844	-0.00015	0.0144
1.845	0.00255	0.0143
1.846	-0.00045	0.0144
1.847	0.0012	0.01435
1.848	0.0018	0.0143
1.849	0.0012	0.0144
1.85	0.00255	0.01435
1.851	0.0018	0.01435
1.852	0.00225	0.0143
1.853	0.00075	0.01435
1.854	0.00135	0.01435
1.855	-0.00045	0.0143
1.856	-0.00015	0.01435
1.857	-0.00075	0.0143
1.858	0.00015	0.0144
1.859	-0.00015	0.01435
1.86	0.00015	0.0144
1.861	-0.0006	0.01435
1.862	0.00135	0.01435
1.863	0.003	0.0143
1.864	0.0009	0.01435
1.865	0.0018	0.01435
1.866	0.00045	0.01435
1.867	0.0018	0.0144
1.868	0.00195	0.01435
1.869	0.00225	0.01435
1.87	0.00165	0.0143
1.871	0.00075	0.0144
1.872	0.0003	0.01435
1.873	0.0003	0.01435
1.874	0	0.0143
1.875	-0.00075	0.01435
1.876	-0.0018	0.0144
1.877	-0.00255	0.0144
1.878	-0.00045	0.01435
1.879	-0.00045	0.01435
1.88	0.00255	0.01435
1.881	0.00135	0.01435
1.882	0	0.01435
1.883	0.0006	0.01435
1.884	0.0012	0.0143
1.885	0.0024	0.0144
1.886	0.0006	0.01435
1.887	-0.00165	0.01435
1.888	-0.0012	0.01435
1.889	0.0003	0.0144
1.89	-0.0009	0.0144
1.891	-0.0012	0.01435
1.892	-0.00225	0.0143
1.893	-0.0015	0.01435
1.894	-0.00105	0.01435
1.895	-0.0009	0.01435
1.896	0.0003	0.0144
1.897	-0.00105	0.01435
1.898	0.00015	0.0144
1.899	-0.0012	0.0144
1.9	0.0006	0.0144
1.901	0.00015	0.01435
1.902	-0.00015	0.01435
1.903	0	0.0144
1.904	0.00015	0.01435
1.905	-0.003	0.0143
1.906	-0.00045	0.01435
1.907	-0.00135	0.0143
1.908	-0.0033	0.01435
1.909	-0.00225	0.0144
1.91	-0.0027	0.0143
1.911	-0.0006	0.01435
1.912	-0.00135	0.0144
1.913	-0.00075	0.01435
1.914	0.0006	0.01435
1.915	0.0003	0.01435
1.916	0.00015	0.0144
1.917	0.00015	0.01435
1.918	-0.0012	0.01435
1.919	0.0006	0.01435
1.92	-0.00045	0.01435
1.921	-0.00075	0.0144
1.922	-0.0003	0.01435
1.923	-0.0012	0.01435
1.924	-0.0012	0.01435
1.925	-0.00105	0.01435
1.926	-0.00225	0.01435
1.927	-0.0018	0.0144
1.928	-0.00165	0.01435
1.929	-0.00135	0.0144
1.93	-0.00075	0.0144
1.931	-0.0009	0.01435
1.932	0.0015	0.01435
1.933	0.0003	0.0144
1.934	0.0015	0.0144
1.935	0.00075	0.01435
1.936	-0.0003	0.0143
1.937	0.00015	0.01435
1.938	-0.0003	0.0143
1.939	-0.0015	0.01435
1.94	-0.00315	0.0144
1.941	-0.0021	0.01435
1.942	-0.00015	0.0144
1.943	-0.0018	0.0144
1.944	-0.0015	0.01435
1.945	-0.00075	0.0143
1.946	-0.00105	0.01435
1.947	0	0.01435
1.948	-0.00015	0.01435
1.949	0.00045	0.01435
1.95	0.00075	0.0143
1.951	0	0.01435
1.952	-0.0003	0.0144
1.953	0	0.01435
1.954	-0.00135	0.01435
1.955	-0.00045	0.01435
1.956	-0.00195	0.01435
1.957	-0.0027	0.01435
1.958	-0.00165	0.0144
1.959	-0.0024	0.01435
1.96	-0.0012	0.0144
1.961	-0.003	0.01435
1.962	-0.0021	0.01435
1.963	0	0.01435
1.964	-0.0006	0.0144
1.965	-0.00045	0.0144
1.966	-0.0006	0.01435
1.967	-0.00015	0.01435
1.968	0.00045	0.01435
1.969	-0.00135	0.01435
1.97	-0.0015	0.0144
1.971	-0.0012	0.01435
1.972	-0.00225	0.0144
1.973	-0.00135	0.0144
1.974	-0.00255	0.0144
1.975	-0.00345	0.0144
1.976	-0.0015	0.01435
1.977	-0.0021	0.01435
1.978	-0.0015	0.01435
1.979	-0.0012	0.0144
1.98	-0.00195	0.0144
1.981	0.00015	0.0143
1.982	-0.0009	0.0144
1.983	-0.00045	0.0144
1.984	0.00075	0.0144
1.985	-0.0012	0.0144
1.986	-0.00075	0.01435
1.987	-0.00045	0.0144
1.988	-0.00105	0.0144
1.989	-0.0012	0.0144
1.99	-0.003	0.0143
1.991	-0.00195	0.01435
1.992	-0.00225	0.01435
1.993	-0.00195	0.01435
1.994	-0.0012	0.0144
1.995	-0.0021	0.0144
1.996	-0.0012	0.0144
1.997	-0.00075	0.01435
1.998	-0.00045	0.0144
1.999	0.0003	0.0144
2	0.00015	0.01435
2.001	-0.00105	0.0144
2.002	0.0003	0.0144
2.003	-0.0012	0.0143
2.004	0	0.0143
2.005	-0.0018	0.01435
2.006	-0.00195	0.0144
2.007	-0.0015	0.0144
2.008	-0.0021	0.0144
2.009	-0.0012	0.0144
2.01	-0.00165	0.0144
2.011	-0.00165	0.01435
2.012	-0.00195	0.0144
2.013	-0.00015	0.01435
2.014	-0.0009	0.0144
2.015	0.0006	0.0144
2.016	-0.00045	0.01435
2.017	0.00105	0.0144
2.018	0.00045	0.01435
2.019	0.00045	0.01435
2.02	-0.0003	0.0144
2.021	-0.0015	0.01435
2.022	-0.0009	0.0144
2.023	-0.0021	0.01435
2.024	-0.00135	0.01435
2.025	-0.0015	0.01435
2.026	-0.00255	0.01435
2.027	-0.0027	0.01435
2.028	-0.00105	0.0144
2.029	-0.00135	0.01435
2.03	0.00045	0.01445
2.031	0	0.01435
2.032	0.0003	0.01435
2.033	-0.0003	0.01435
2.034	-0.0006	0.0144
2.035	0.0009	0.01435
2.036	-0.00015	0.01435
2.037	-0.00015	0.01435
2.038	-0.00135	0.0144
2.039	-0.0015	0.01435
2.04	-0.0003	0.01435
2.041	-0.0012	0.01435
2.042	-0.0015	0.01435
2.043	-0.0015	0.0144
2.044	-0.00225	0.01435
2.045	-0.00015	0.0144
2.046	0.00045	0.0144
2.047	-0.00105	0.01435
2.048	0.0003	0.0144
2.049	0.00045	0.0144
2.05	0.0006	0.0144
2.051	0.00105	0.01435
2.052	0.00045	0.01435
2.053	-0.00015	0.01435
2.054	-0.0006	0.01435
2.055	-0.0012	0.01435
2.056	-0.00045	0.01435
2.057	-0.00045	0.0144
2.058	-0.0018	0.0144
2.059	-0.0015	0.01445
2.06	-0.0015	0.0144
2.061	-0.0003	0.01435
2.062	-0.00165	0.0144
2.063	0.0003	0.0144
2.064	-0.0006	0.01435
2.065	-0.00045	0.0144
2.066	0.0021	0.01435
2.067	0.00075	0.0144
2.068	0.0015	0.0144
2.069	0.00045	0.01435
2.07	-0.0003	0.01435
2.071	0.00105	0.01435
2.072	-0.00075	0.0144
2.073	-0.00105	0.01435
2.074	-0.00015	0.0144
2.075	-0.0015	0.0144
2.076	-0.00165	0.0143
2.077	-0.0006	0.0144
2.078	-0.00045	0.0144
2.079	-0.00045	0.01435
2.08	0.00015	0.0144
2.081	0.00075	0.0144
2.082	0.00135	0.01435
2.083	0.0009	0.01435
2.084	0.0021	0.01435
2.085	0.00105	0.0144
2.086	0.0012	0.01435
2.087	0.00045	0.0144
2.088	-0.0012	0.0144
2.089	0.00045	0.01435
2.09	-0.0015	0.01435
2.091	-0.00075	0.0144
2.092	-0.0006	0.0144
2.093	-0.00135	0.0144
2.094	-0.00015	0.01435
2.095	0.00015	0.0144
2.096	-0.00015	0.01445
2.097	0.0009	0.0144
2.098	0.00075	0.01435
2.099	0.0009	0.0144
2.1	0.0006	0.0144
2.101	0.0012	0.0144
2.102	0.0018	0.01445
2.103	0.0003	0.01435
2.104	-0.00015	0.01435
2.105	0	0.01435
2.106	0.00015	0.0144
2.107	0.0003	0.0143
2.108	-0.0009	0.0144
2.109	-0.00135	0.0144
2.11	-0.0006	0.01435
2.111	-0.0015	0.0144
2.112	0.0003	0.01445
2.113	0	0.0144
2.114	-0.0006	0.0144
2.115	0.00135	0.0144
2.116	0.00075	0.01435
2.117	0.0015	0.01435
2.118	0.00135	0.0144
2.119	0.00045	0.0144
2.12	-0.0006	0.01435
2.121	-0.0009	0.0144
2.122	-0.0003	0.0144
2.123	-0.0006	0.01435
2.124	-0.0003	0.01435
2.125	-0.0018	0.0144
2.126	-0.0015	0.01435
2.127	-0.0015	0.0144
2.128	0	0.0144
2.129	-0.00165	0.01435
2.13	0.0003	0.0144
2.131	0.00045	0.0144
2.132	0.0009	0.0144
2.133	0.00135	0.01435
2.134	0.00015	0.0144
2.135	0.0012	0.0144
2.136	0.00045	0.0144
2.137	-0.00015	0.0144
2.138	0.0003	0.0144
2.139	-0.00105	0.01445
2.14	-0.0012	0.0144
2.141	-0.0015	0.01435
2.142	-0.0021	0.0143
2.143	-0.0012	0.01435
2.144	-0.00105	0.0144
2.145	-0.00075	0.01445
2.146	-0.0003	0.0144
2.147	-0.0003	0.01435
2.148	0.0006	0.0144
2.149	0.00015	0.0144
2.15	0.0003	0.0144
2.151	-0.00015	0.0144
2.152	0	0.0144
2.153	-0.0003	0.01435
2.154	0.00045	0.01435
2.155	-0.00045	0.0144
2.156	-0.0006	0.01435
2.157	-0.0015	0.0144
2.158	-0.00165	0.0144
2.159	-0.00135	0.01445
2.16	-0.00195	0.0144
2.161	-0.0003	0.0144
2.162	-0.0015	0.01435
2.163	-0.00015	0.01445
2.164	0.00075	0.0144
2.165	0.00015	0.01435
2.166	0.00045	0.0144
2.167	0.00045	0.01435
2.168	0.00015	0.0144
2.169	0.0006	0.01445
2.17	-0.00015	0.0144
2.171	-0.0009	0.01435
2.172	-0.00045	0.0144
2.173	-0.0027	0.0143
2.174	-0.0009	0.0144
2.175	-0.00255	0.0144
2.176	-0.00135	0.01435
2.177	-0.00135	0.0144
2.178	-0.0015	0.0144
2.179	-0.0006	0.0144
2.18	-0.0006	0.01445
2.181	0	0.0144
2.182	-0.0003	0.01435
2.183	-0.00045	0.0144
2.184	0.0003	0.0144
2.185	0.00075	0.0144
2.186	-0.00075	0.0144
2.187	0.00045	0.0144
2.188	-0.0012	0.0144
2.189	-0.00105	0.0144
2.19	-0.00165	0.0144
2.191	-0.0027	0.01435
2.192	-0.0015	0.0144
2.193	-0.0012	0.01445
2.194	-0.00165	0.01435
2.195	-0.0012	0.0144
2.196	-0.00075	0.0144
2.197	-0.00015	0.0144
2.198	-0.0006	0.0144
2.199	0	0.01435
2.2	0.00045	0.01435
2.201	-0.00045	0.0144
2.202	0.0006	0.0144
2.203	-0.00045	0.0144
2.204	-0.00075	0.0144
2.205	-0.0003	0.01435
2.206	-0.0018	0.0144
2.207	-0.00165	0.01435
2.208	-0.0009	0.0144
2.209	-0.00195	0.0144
2.21	-0.0024	0.0144
2.211	-0.0015	0.01445
2.212	-0.0018	0.0144
2.213	-0.00075	0.0144
2.214	-0.00045	0.0144
2.215	-0.00015	0.0144
2.216	0.00075	0.01445
2.217	-0.0003	0.0144
2.218	0.00075	0.0144
2.219	-0.00015	0.0144
2.22	0.00015	0.0144
2.221	-0.00105	0.0144
2.222	-0.0021	0.0144
2.223	-0.00195	0.01445
2.224	-0.0027	0.01445
2.225	-0.00105	0.0144
2.226	-0.0027	0.0144
2.227	-0.00285	0.0144
2.228	-0.00135	0.0144
2.229	-0.0015	0.0144
2.23	-0.0009	0.0144
2.231	0	0.0144
2.232	-0.00135	0.01435
2.233	-0.00075	0.0144
2.234	-0.00015	0.0144
2.235	-0.0009	0.0144
2.236	-0.00105	0.01435
2.237	-0.00135	0.0144
2.238	-0.00165	0.01445
2.239	-0.0024	0.01445
2.24	-0.003	0.01445
2.241	-0.00135	0.01445
2.242	-0.0027	0.0144
2.243	-0.0018	0.0144
2.244	-0.00255	0.0144
2.245	-0.00255	0.0144
2.246	-0.00015	0.0144
2.247	-0.0018	0.01435
2.248	-0.0009	0.01445
2.249	-0.00075	0.0144
2.25	-0.0012	0.0144
2.251	-0.00015	0.0144
2.252	-0.00015	0.0144
2.253	-0.0015	0.0144
2.254	0	0.01435
2.255	-0.0021	0.01435
2.256	-0.0018	0.0144
2.257	-0.00225	0.0144
2.258	-0.0021	0.0144
2.259	-0.0012	0.0144
2.26	-0.00225	0.0144
2.261	-0.0012	0.0144
2.262	-0.00225	0.0144
2.263	-0.0012	0.0144
2.264	0	0.0144
2.265	0.0003	0.0143
2.266	0.00015	0.0144
2.267	0	0.01435
2.268	-0.0006	0.01445
2.269	0.00135	0.01445
2.27	0.00075	0.0144
2.271	-0.00105	0.0144
2.272	-0.00015	0.0144
2.273	-0.00285	0.0144
2.274	-0.00075	0.01445
2.275	-0.0012	0.01445
2.276	-0.00135	0.0144
2.277	-0.0012	0.0144
2.278	-0.00345	0.01445
2.279	-0.0006	0.0144
2.28	0.00225	0.01435
2.281	0.00075	0.01435
2.282	0.00135	0.0144
2.283	0.00045	0.01435
2.284	0.0003	0.01435
2.285	0.00135	0.0144
2.286	0.00015	0.0144
2.287	0.0012	0.01435
2.288	-0.00225	0.0144
2.289	-0.00195	0.0144
2.29	0	0.0144
2.291	-0.0012	0.0144
2.292	-0.0012	0.0144
2.293	-0.0012	0.0144
2.294	-0.0015	0.0144
2.295	0.0003	0.0144
2.296	-0.0003	0.01445
2.297	-0.00135	0.01445
2.298	0.00165	0.01435
2.299	-0.0003	0.0144
2.3	0.0015	0.01445
2.301	0.0003	0.01435
2.302	0.00015	0.01445
2.303	0.0006	0.01435
2.304	-0.00015	0.0144
2.305	-0.00045	0.01445
2.306	-0.00075	0.0144
2.307	-0.0009	0.0144
2.308	-0.00075	0.01445
2.309	-0.00225	0.0144
2.31	-0.0018	0.01445
2.311	-0.00075	0.01435
2.312	-0.0015	0.01445
2.313	-0.00015	0.0144
2.314	-0.00045	0.0144
2.315	0.0003	0.0144
2.316	0.0012	0.01445
2.317	0.00015	0.0144
2.318	0.00015	0.01445
2.319	-0.00105	0.0144
2.32	0.0006	0.0144
2.321	-0.0024	0.0144
2.322	-0.00105	0.0144
2.323	-0.0012	0.01445
2.324	-0.00075	0.0144
2.325	-0.0018	0.01445
2.326	-0.0018	0.0144
2.327	-0.0027	0.0144
2.328	-0.0021	0.0144
2.329	-0.00135	0.0144
2.33	-0.0033	0.01445
2.331	0.00105	0.01445
2.332	-0.00135	0.0144
2.333	0.0006	0.01445
2.334	0.0006	0.0144
2.335	-0.00015	0.0144
2.336	-0.00015	0.01445
2.337	-0.00105	0.01445
2.338	-0.00075	0.0144
2.339	-0.0009	0.01435
2.34	-0.00195	0.01435
2.341	-0.00015	0.01445
2.342	-0.00195	0.01445
2.343	-0.0024	0.0144
2.344	-0.00165	0.01445
2.345	-0.00105	0.01445
2.346	-0.00105	0.0144
2.347	-0.00105	0.0144
2.348	-0.0006	0.0144
2.349	0.0012	0.0144
2.35	0.0009	0.01445
2.351	-0.00045	0.0144
2.352	0.00075	0.0144
2.353	-0.00195	0.0144
2.354	0.00075	0.0144
2.355	-0.00105	0.0145
2.356	-0.0018	0.0144
2.357	-0.0012	0.0144
2.358	-0.00075	0.01445
2.359	-0.0006	0.0144
2.36	-0.00225	0.0144
2.361	-0.0024	0.0144
2.362	0.0006	0.01445
2.363	0.00075	0.01445
2.364	-0.0006	0.01445
2.365	0.0003	0.01445
2.366	0.0003	0.01435
2.367	0.003	0.0144
2.368	0.00135	0.01445
2.369	-0.0003	0.0144
2.37	0.0006	0.01445
2.371	-0.00075	0.0144
2.372	0.00045	0.0145
2.373	0.0003	0.01445
2.374	-0.00135	0.01445
2.375	-0.00015	0.01445
2.376	-0.00075	0.01445
2.377	-0.00075	0.0144
2.378	-0.0003	0.01435
2.379	-0.0009	0.0144
2.38	0.0012	0.01445
2.381	0.00075	0.0144
2.382	-0.00075	0.0145
2.383	0.00075	0.01445
2.384	0.0021	0.01445
2.385	0.0015	0.0144
2.386	0.00045	0.0144
2.387	0.0003	0.0144
2.388	0.0009	0.0144
2.389	-0.00075	0.0144
2.39	0	0.01445
2.391	-0.00105	0.01445
2.392	-0.00165	0.0144
2.393	0.0003	0.01445
2.394	0.00075	0.01445
2.395	-0.0006	0.01445
2.396	-0.0003	0.0144
2.397	0.00105	0.0144
2.398	0.00105	0.0144
2.399	0.0006	0.0144
2.4	0.00105	0.01445
2.401	0.00195	0.01445
2.402	0.0006	0.01445
2.403	0.0003	0.01445
2.404	0.0006	0.0145
2.405	0.0012	0.0144
2.406	0.00045	0.0144
2.407	-0.00165	0.0144
2.408	-0.00045	0.01445
2.409	-0.00075	0.0144
2.41	-0.0015	0.0144
2.411	-0.0006	0.0144
2.412	-0.00075	0.0144
2.413	0.00015	0.01445
2.414	0.00165	0.01445
2.415	0.0009	0.0144
2.416	0.00195	0.0144
2.417	0.0021	0.0144
2.418	0.00135	0.0144
2.419	0.0015	0.0144
2.42	-0.00015	0.0144
2.421	-0.00015	0.0144
2.422	-0.0003	0.01445
2.423	-0.00105	0.0144
2.424	-0.0012	0.0145
2.425	-0.0006	0.0144
2.426	0.00015	0.0144
2.427	-0.0003	0.0144
2.428	-0.0015	0.01445
2.429	-0.00015	0.0144
2.43	-0.00045	0.01445
2.431	0.00015	0.01445
2.432	0.00075	0.01445
2.433	0.0003	0.01445
2.434	0.00045	0.01445
2.435	0.0021	0.0144
2.436	0.0009	0.0144
2.437	0.0018	0.0144
2.438	0	0.01445
2.439	-0.00165	0.01445
2.44	-0.0015	0.0144
2.441	-0.00195	0.01445
2.442	-0.0006	0.0144
2.443	-0.00165	0.0144
2.444	-0.0006	0.0144
2.445	-0.00075	0.01445
2.446	0.0015	0.01445
2.447	0.0006	0.01445
2.448	0.0006	0.01445
2.449	0.0003	0.0144
2.45	0.00045	0.01445
2.451	0.00015	0.01445
2.452	0.00075	0.01445
2.453	0.0003	0.0144
2.454	-0.0003	0.01445
2.455	-0.00045	0.01445
2.456	-0.00135	0.0144
2.457	-0.00045	0.01445
2.458	-0.00075	0.0145
2.459	-0.0012	0.01445
2.46	-0.0021	0.01445
2.461	-0.0018	0.0144
2.462	-0.0012	0.0144
2.463	0.0006	0.0144
2.464	0.00015	0.01445
2.465	0.00045	0.01445
2.466	0.0006	0.01445
2.467	0.00165	0.0144
2.468	0.0015	0.01445
2.469	-0.00015	0.01445
2.47	0.00015	0.0144
2.471	-0.00195	0.01445
2.472	-0.0009	0.0144
2.473	-0.0006	0.01445
2.474	-0.0012	0.0144
2.475	-0.0015	0.0144
2.476	-0.00255	0.01445
2.477	-0.00165	0.01445
2.478	-0.0006	0.01445
2.479	-0.00075	0.01445
2.48	0.00045	0.0145
2.481	0.0009	0.01445
2.482	-0.00015	0.01445
2.483	0.0012	0.0144
2.484	0.0006	0.01445
2.485	0.0006	0.01445
2.486	-0.00015	0.01445
2.487	0.00075	0.0144
2.488	0.00165	0.0145
2.489	-0.00165	0.01445
2.49	-0.00135	0.0144
2.491	-0.0006	0.01445
2.492	-0.0018	0.0144
2.493	-0.0009	0.0145
2.494	-0.00165	0.01445
2.495	-0.0015	0.0144
2.496	0.0012	0.01445
2.497	-0.00045	0.01445
2.498	0.0006	0.01445
2.499	0.00075	0.01445
2.5	-0.0009	0.01445
2.501	0.00105	0.0144
2.502	0.00045	0.01445
2.503	-0.00165	0.01445
2.504	0	0.01445
2.505	-0.00105	0.0144
2.506	-0.00045	0.01445
2.507	-0.00195	0.0145
2.508	-0.0012	0.01445
2.509	-0.00015	0.0144
2.51	-0.0021	0.0144
2.511	-0.00105	0.01445
2.512	-0.0006	0.0144
2.513	-0.0009	0.01445
2.514	-0.0006	0.01435
2.515	0.00045	0.0145
2.516	0.00015	0.0144
2.517	0.0009	0.01445
2.518	0.0006	0.0144
2.519	0.0012	0.01445
2.52	0.00045	0.0144
2.521	-0.00075	0.01445
2.522	-0.00045	0.0145
2.523	0	0.0144
2.524	-0.0012	0.01445
2.525	-0.00105	0.0144
2.526	-0.0018	0.01445
2.527	-0.00075	0.01445
2.528	-0.003	0.0144
2.529	-0.0006	0.0144
2.53	0	0.01445
2.531	-0.0009	0.01445
2.532	0.00075	0.0144
2.533	0.0009	0.01445
2.534	0.0009	0.01445
2.535	0.00015	0.0145
2.536	0	0.0145
2.537	0.00015	0.0145
2.538	-0.00045	0.0145
2.539	-0.00075	0.01445
2.54	0	0.0144
2.541	-0.0018	0.0144
2.542	-0.0021	0.01445
2.543	-0.00225	0.0145
2.544	-0.0006	0.0144
2.545	0.0003	0.01445
2.546	-0.0018	0.01445
2.547	-0.00015	0.0144
2.548	0.00015	0.01445
2.549	-0.0015	0.0145
2.55	0.00135	0.0144
2.551	0.00075	0.01445
2.552	-0.0003	0.0144
2.553	0.00075	0.0144
2.554	0	0.0144
2.555	0.0006	0.01445
2.556	-0.00045	0.01445
2.557	-0.00195	0.01445
2.558	-0.0009	0.01445
2.559	-0.0024	0.01445
2.56	-0.0009	0.0144
2.561	0.0003	0.0145
2.562	-0.0012	0.0144
2.563	0.0003	0.0144
2.564	-0.0003	0.0144
2.565	0.00045	0.0144
2.566	0.00105	0.0144
2.567	-0.0003	0.01445
2.568	0.0012	0.0144
2.569	-0.0003	0.01445
2.57	-0.00075	0.01445
2.571	0.00045	0.01445
2.572	-0.0009	0.0144
2.573	-0.0009	0.01445
2.574	-0.00105	0.0145
2.575	-0.00165	0.01445
2.576	-0.00075	0.01445
2.577	-0.0021	0.01445
2.578	-0.0027	0.01445
2.579	-0.0006	0.01445
2.58	-0.00135	0.0144
2.581	0.0015	0.0144
2.582	0.0006	0.0145
2.583	0.00015	0.01445
2.584	0.00105	0.01445
2.585	-0.00015	0.0144
2.586	0	0.0145
2.587	0.00075	0.01445
2.588	0.00045	0.0145
2.589	-0.00135	0.01445
2.59	-0.0012	0.0144
2.591	-0.0012	0.01445
2.592	-0.0009	0.01445
2.593	-0.00165	0.01445
2.594	-0.00105	0.01445
2.595	-0.0018	0.01445
2.596	-0.0006	0.0145
2.597	0	0.01445
2.598	0.00045	0.01445
2.599	0.0003	0.0145
2.6	0.0003	0.0145
2.601	-0.0006	0.01445
2.602	0.0015	0.01445
2.603	0.00015	0.01445
2.604	-0.0003	0.0145
2.605	-0.0006	0.0144
2.606	-0.0009	0.01445
2.607	-0.0018	0.01445
2.608	-0.00225	0.0144
2.609	-0.00135	0.0145
2.61	-0.00255	0.0144
2.611	-0.00165	0.0144
2.612	0.00045	0.01445
2.613	-0.00015	0.01445
2.614	0.00015	0.0144
2.615	0.00045	0.01445
2.616	0	0.0144
2.617	0.0006	0.01445
2.618	-0.00045	0.01445
2.619	0.0003	0.01445
2.62	0.00075	0.01445
2.621	-0.00225	0.0144
2.622	-0.0018	0.01445
2.623	-0.0009	0.01445
2.624	-0.0018	0.0145
2.625	-0.00165	0.01445
2.626	-0.00195	0.01445
2.627	-0.0015	0.0144
2.628	-0.0018	0.01445
2.629	-0.00135	0.01445
2.63	0.0006	0.0144
2.631	0.00045	0.01445
2.632	-0.0009	0.01445
2.633	0.0009	0.01445
2.634	0.0003	0.01445
2.635	0.00015	0.01445
2.636	-0.0006	0.0145
2.637	-0.00105	0.01445
2.638	-0.0006	0.01445
2.639	-0.0027	0.01445
2.64	-0.00135	0.0145
2.641	-0.00165	0.01445
2.642	-0.0027	0.0144
2.643	-0.0012	0.0145
2.644	-0.00135	0.01455
2.645	-0.0015	0.01445
2.646	-0.00135	0.0145
2.647	-0.00135	0.0145
2.648	-0.0006	0.01445
2.649	-0.0009	0.0145
2.65	-0.0009	0.01445
2.651	0.00075	0.0145
2.652	-0.00015	0.01445
2.653	-0.00225	0.01445
2.654	-0.0006	0.0145
2.655	-0.00135	0.01445
2.656	-0.0018	0.01445
2.657	-0.00195	0.0144
2.658	-0.00285	0.01445
2.659	-0.00225	0.0145
2.66	-0.00225	0.01445
2.661	-0.00135	0.0144
2.662	-0.0015	0.0145
2.663	-0.0018	0.0144
2.664	-0.00045	0.01445
2.665	-0.00045	0.0145
2.666	0.0003	0.01445
2.667	-0.0003	0.0145
2.668	-0.0003	0.0144
2.669	-0.0003	0.01445
2.67	-0.00195	0.0144
2.671	-0.00195	0.0145
2.672	-0.0024	0.0145
2.673	-0.00225	0.0145
2.674	-0.00105	0.01445
2.675	-0.00255	0.0145
2.676	-0.0024	0.01445
2.677	-0.00315	0.0145
2.678	-0.003	0.01445
2.679	-0.0012	0.0144
2.68	-0.00075	0.0145
2.681	-0.00105	0.0145
2.682	-0.00135	0.01445
2.683	-0.0006	0.01445
2.684	0.00105	0.01445
2.685	0.0003	0.0145
2.686	-0.0006	0.01445
2.687	-0.00105	0.0144
2.688	-0.00195	0.01445
2.689	-0.0009	0.0145
2.69	-0.00045	0.01445
2.691	-0.00195	0.0145
2.692	-0.00195	0.01445
2.693	-0.0027	0.0145
2.694	-0.00075	0.0144
2.695	0.0006	0.0145
2.696	0	0.01455
2.697	0.00045	0.01445
2.698	0	0.01445
2.699	0.0003	0.01445
2.7	0.00165	0.01445
2.701	0.0009	0.0145
2.702	0.00075	0.0145
2.703	-0.0003	0.0145
2.704	-0.0006	0.0145
2.705	0.00135	0.01445
2.706	0.0006	0.0145
2.707	-0.00015	0.01445
2.708	-0.0009	0.01445
2.709	-0.0015	0.01445
2.71	-0.00015	0.0144
2.711	-0.0003	0.0145
2.712	0.0009	0.0145
2.713	0.00015	0.0145
2.714	0	0.01445
2.715	0.00225	0.0145
2.716	0.0024	0.0145
2.717	0.0027	0.01445
2.718	0.00195	0.0144
2.719	0.0009	0.01445
2.72	0.0015	0.0145
2.721	0.00105	0.0145
2.722	-0.0003	0.0144
2.723	0.00075	0.01445
2.724	-0.0003	0.0145
2.725	0	0.0145
2.726	0	0.0144
2.727	-0.00045	0.0145
2.728	0.0015	0.0144
2.729	-0.0006	0.0145
2.73	0.0009	0.0145
2.731	0.00135	0.01445
2.732	0.0012	0.01445
2.733	0.00135	0.01445
2.734	0.0018	0.01445
2.735	0.0018	0.01445
2.736	0.0024	0.01445
2.737	0.0015	0.01445
2.738	0.00135	0.01445
2.739	0.0003	0.0145
2.74	-0.00045	0.01445
2.741	0.00045	0.0144
2.742	-0.0018	0.0145
2.743	-0.00105	0.01445
2.744	-0.0006	0.0145
2.745	-0.0003	0.0145
2.746	-0.0003	0.0144
2.747	0.0003	0.0145
2.748	0.0021	0.01445
2.749	0.0024	0.0145
2.75	0	0.0144
2.751	0.00105	0.01445
2.752	0.0012	0.0145
2.753	0.00195	0.01445
2.754	0.00075	0.0145
2.755	-0.0015	0.01445
2.756	-0.00105	0.01445
2.757	-0.00105	0.01445
2.758	-0.00045	0.0145
2.759	-0.0003	0.01445
2.76	-0.0021	0.0145
2.761	-0.0009	0.0145
2.762	0.00165	0.01445
2.763	-0.00045	0.0144
2.764	0.0003	0.0144
2.765	0	0.01445
2.766	0.0018	0.0145
2.767	0.00135	0.01445
2.768	0	0.0145
2.769	0.00105	0.0145
2.77	0.00075	0.0145
2.771	-0.0006	0.01445
2.772	-0.0009	0.0144
2.773	-0.00165	0.0145
2.774	-0.0012	0.01445
2.775	-0.00015	0.01445
2.776	-0.0015	0.0145
2.777	-0.00075	0.01445
2.778	-0.0018	0.0145
2.779	0.00045	0.0145
2.78	0.00045	0.01445
2.781	-0.00165	0.01445
2.782	0.00135	0.01445
2.783	0.00135	0.01445
2.784	0.0015	0.0145
2.785	0.0006	0.0145
2.786	0	0.01445
2.787	0.0003	0.01445
2.788	0.00135	0.01445
2.789	-0.0012	0.0145
2.79	-0.00015	0.0145
2.791	-0.0012	0.01445
2.792	-0.00195	0.0145
2.793	-0.00075	0.0145
2.794	-0.00135	0.01445
2.795	-0.00075	0.0145
2.796	-0.00045	0.0145
2.797	-0.00015	0.01455
2.798	0.0006	0.0145
2.799	0.0006	0.01445
2.8	0.00075	0.0145
2.801	0.0006	0.0145
2.802	0.0003	0.01445
2.803	0.0015	0.01445
2.804	0.00045	0.01445
2.805	-0.00015	0.0145
2.806	-0.00105	0.01455
2.807	-0.0018	0.01445
2.808	-0.00105	0.01445
2.809	-0.00165	0.0145
2.81	-0.00195	0.0144
2.811	-0.00135	0.0145
2.812	-0.00075	0.0145
2.813	0.00075	0.01445
2.814	0.00195	0.0145
2.815	0.0012	0.01435
2.816	0.0009	0.0145
2.817	0.00015	0.01445
2.818	0.00135	0.0145
2.819	0.00015	0.0145
2.82	-0.00015	0.01445
2.821	-0.0003	0.0145
2.822	-0.0012	0.01445
2.823	-0.00135	0.0144
2.824	-0.00015	0.0145
2.825	-0.00135	0.01445
2.826	-0.0012	0.01445
2.827	-0.0024	0.0145
2.828	-0.00195	0.0145
2.829	-0.00015	0.01445
2.83	-0.00015	0.0145
2.831	0.00045	0.0145
2.832	-0.0012	0.0145
2.833	-0.00015	0.0145
2.834	0.0006	0.0145
2.835	0.0003	0.01445
2.836	0.0003	0.0145
2.837	-0.0003	0.0145
2.838	-0.0009	0.01445
2.839	-0.00105	0.0145
2.84	-0.0012	0.01445
2.841	-0.00165	0.0145
2.842	-0.00165	0.0145
2.843	-0.0027	0.01455
2.844	-0.0012	0.0145
2.845	-0.0009	0.0145
2.846	-0.0006	0.01445
2.847	-0.00075	0.01445
2.848	-0.0012	0.0145
2.849	0.00045	0.01445
2.85	-0.00075	0.0144
2.851	0.00015	0.01445
2.852	0.00135	0.01445
2.853	-0.00075	0.01445
2.854	0.00015	0.01445
2.855	-0.00075	0.0145
2.856	-0.0015	0.01445
2.857	-0.0018	0.0145
2.858	-0.0033	0.0145
2.859	-0.00195	0.0145
2.86	-0.00225	0.0145
2.861	-0.00195	0.01445
2.862	-0.00075	0.0145
2.863	-0.0009	0.0145
2.864	-0.0012	0.0145
2.865	-0.00045	0.0145
2.866	-0.0006	0.0145
2.867	0.0006	0.01445
2.868	0.0003	0.01445
2.869	-0.0006	0.0145
2.87	-0.0006	0.01445
2.871	-0.0015	0.01445
2.872	-0.0009	0.0145
2.873	-0.0018	0.0145
2.874	-0.00255	0.01445
2.875	-0.00195	0.0145
2.876	-0.00255	0.01445
2.877	-0.00135	0.0145
2.878	-0.0018	0.01445
2.879	-0.00195	0.0145
2.88	-0.00075	0.01445
2.881	-0.0009	0.0145
2.882	-0.0003	0.01445
2.883	0.00015	0.01445
2.884	-0.0006	0.0145
2.885	-0.00075	0.0145
2.886	-0.0015	0.0145
2.887	-0.00075	0.01445
2.888	-0.0009	0.0145
2.889	-0.0024	0.01445
2.89	-0.0018	0.0145
2.891	-0.0024	0.0145
2.892	-0.0027	0.0145
2.893	-0.00225	0.0145
2.894	-0.0033	0.01445
2.895	-0.0018	0.0145
2.896	-0.00135	0.0145
2.897	-0.00165	0.0145
2.898	-0.0006	0.01445
2.899	-0.0006	0.0145
2.9	-0.0003	0.01445
2.901	0.0009	0.01445
2.902	-0.00165	0.0145
2.903	-0.00135	0.0145
2.904	-0.0012	0.0145
2.905	-0.00105	0.0145
2.906	-0.0015	0.0145
2.907	-0.0024	0.0145
2.908	-0.00165	0.01455
2.909	-0.0018	0.01455
2.91	-0.00195	0.0145
2.911	-0.00255	0.0145
2.912	-0.0012	0.01445
2.913	-0.00075	0.0145
2.914	-0.00105	0.0145
2.915	-0.0015	0.0145
2.916	0.0006	0.01445
2.917	0.00045	0.0145
2.918	0.0003	0.0145
2.919	-0.00105	0.0145
2.92	-0.0024	0.01445
2.921	0	0.01445
2.922	-0.00105	0.01445
2.923	-0.00165	0.0145
2.924	-0.00195	0.0145
2.925	-0.0027	0.0145
2.926	-0.00195	0.0145
2.927	-0.00195	0.0145
2.928	-0.0024	0.01455
2.929	-0.00135	0.0145
2.93	0	0.01445
2.931	-0.00045	0.0145
2.932	0.00075	0.01445
2.933	0	0.0145
2.934	0.00075	0.0145
2.935	-0.00015	0.0145
2.936	0.00045	0.0145
2.937	-0.00105	0.0145
2.938	-0.0015	0.0145
2.939	-0.00045	0.0145
2.94	-0.00165	0.0145
2.941	-0.00195	0.01445
2.942	-0.0018	0.0145
2.943	-0.0027	0.0145
2.944	-0.0015	0.0145
2.945	-0.0021	0.0145
2.946	-0.00165	0.0145
2.947	-0.00075	0.0145
2.948	-0.0006	0.0145
2.949	0.00045	0.0145
2.95	0.0003	0.0145
2.951	0	0.0145
2.952	0.0009	0.0145
2.953	-0.00045	0.0145
2.954	-0.00075	0.0145
2.955	-0.00105	0.0145
2.956	-0.0024	0.0145
2.957	-0.0012	0.0145
2.958	-0.00195	0.01445
2.959	-0.0015	0.0145
2.96	-0.0015	0.0145
2.961	-0.0018	0.01445
2.962	0.00015	0.0145
2.963	-0.00105	0.0145
2.964	-0.00105	0.0145
2.965	0.00105	0.0145
2.966	-0.00015	0.01455
2.967	0.0003	0.01455
2.968	0.00045	0.0145
2.969	0	0.0145
2.97	0.00075	0.0145
2.971	-0.0003	0.01455
2.972	-0.00135	0.0144
2.973	-0.0015	0.01455
2.974	-0.0003	0.0145
2.975	-0.0009	0.0145
2.976	-0.00195	0.01455
2.977	-0.00225	0.0145
2.978	-0.0012	0.01455
2.979	-0.0009	0.0145
2.98	-0.00015	0.01455
2.981	0.00045	0.0145
2.982	0	0.01445
2.983	0.00165	0.0145
2.984	0.00045	0.0145
2.985	0.00075	0.0145
2.986	0.0003	0.01445
2.987	0.00015	0.0145
2.988	0.00135	0.0145
2.989	-0.0012	0.0145
2.99	-0.0012	0.01455
2.991	-0.00015	0.01455
2.992	-0.00135	0.0145
2.993	-0.0012	0.01445
2.994	-0.00135	0.0145
2.995	-0.0012	0.0145
2.996	0.00015	0.0145
2.997	0.00045	0.0145
2.998	0	0.0145
2.999	0.00075	0.0145
3	0.0006	0.01445
3.001	0.00195	0.01455
3.002	0.00105	0.0145
3.003	0.00045	0.0145
3.004	0.00045	0.01445
3.005	-0.0006	0.0145
3.006	-0.0009	0.0145
3.007	-0.0009	0.01445
3.008	-0.0009	0.0145
3.009	-0.0015	0.0145
3.01	-0.00165	0.01445
3.011	0	0.0145
3.012	-0.00075	0.01455
3.013	-0.0006	0.01445
3.014	0.00075	0.01445
3.015	-0.00015	0.01445
3.016	0.00105	0.0145
3.017	0.00135	0.01455
3.018	0.00135	0.0145
3.019	0.0012	0.01455
3.02	0.0006	0.01455
3.021	0.0003	0.0145
3.022	-0.00015	0.01445
3.023	0.00015	0.0145
3.024	-0.0009	0.01445
3.025	-0.00045	0.0145
3.026	-0.0015	0.0145
3.027	0	0.0145
3.028	-0.0006	0.0145
3.029	0	0.0145
3.03	0.00075	0.0145
3.031	0.00105	0.0145
3.032	0.0009	0.0145
3.033	0.00015	0.0145
3.034	0.00165	0.0145
3.035	0.0009	0.01455
3.036	0.00195	0.01445
3.037	0.0015	0.0145
3.038	-0.0003	0.0145
3.039	-0.00045	0.01455
3.04	0.0003	0.0145
3.041	-0.0009	0.01455
3.042	-0.0003	0.0145
3.043	-0.00135	0.0145
3.044	-0.0012	0.0145
3.045	0.0003	0.0145
3.046	0.0003	0.0145
3.047	0.0021	0.0145
3.048	0.0009	0.01455
3.049	0.00075	0.0145
3.05	0.00135	0.0145
3.051	0.0015	0.01445
3.052	0.00225	0.01455
3.053	0.00135	0.01455
3.054	0.0006	0.0145
3.055	0.0009	0.01445
3.056	0.00075	0.01445
3.057	0.00045	0.0145
3.058	0.0003	0.0145
3.059	-0.0015	0.0145
3.06	-0.00045	0.0145
3.061	-0.00045	0.01455
3.062	-0.00045	0.01455
3.063	0.0006	0.0145
3.064	0.00105	0.0145
3.065	0.00195	0.0145
3.066	0.00165	0.01455
3.067	0.00015	0.01445
3.068	0.0015	0.0145
3.069	0.00195	0.01455
3.07	0.00105	0.0145
3.071	0.0006	0.0145
3.072	0	0.01455
3.073	-0.00015	0.01455
3.074	-0.00105	0.0145
3.075	-0.00045	0.0145
3.076	-0.00075	0.0145
3.077	-0.00165	0.0145
3.078	0.0003	0.0145
3.079	-0.00165	0.0145
3.08	0.00135	0.01445
3.081	0.00225	0.01455
3.082	0.0003	0.0145
3.083	0.0006	0.0145
3.084	0.0009	0.0145
3.085	0	0.0145
3.086	0.00345	0.0145
3.087	-0.00015	0.0145
3.088	-0.00165	0.01455
3.089	-0.00045	0.01455
3.09	-0.0018	0.0145
3.091	-0.00045	0.0145
3.092	-0.00165	0.0145
3.093	-0.00255	0.0145
3.094	-0.00255	0.0145
3.095	-0.0015	0.0145
3.096	-0.0003	0.01455
3.097	0.0009	0.01455
3.098	-0.0006	0.0145
3.099	0.00045	0.0145
3.1	-0.0012	0.01455
3.101	0.00015	0.0145
3.102	0.00045	0.01455
3.103	-0.00105	0.0145
3.104	-0.00045	0.0145
3.105	-0.0015	0.0145
3.106	-0.00165	0.01455
3.107	-0.0006	0.0145
3.108	-0.00195	0.0145
3.109	-0.0015	0.01455
3.11	-0.0021	0.0145
3.111	-0.00255	0.0145
3.112	-0.0021	0.0145
3.113	-0.00135	0.0146
3.114	-0.00045	0.01445
3.115	-0.0015	0.01455
3.116	-0.0003	0.0146
3.117	0.00045	0.0145
3.118	-0.00075	0.0145
3.119	0.00045	0.0145
3.12	-0.0015	0.01445
3.121	-0.00015	0.0145
3.122	-0.0006	0.0145
3.123	-0.0027	0.0145
3.124	-0.00165	0.0145
3.125	-0.0018	0.01455
3.126	-0.0018	0.01455
3.127	-0.00165	0.01455
3.128	-0.00255	0.0145
3.129	-0.0006	0.0145
3.13	-0.00045	0.0145
3.131	-0.0003	0.0145
3.132	-0.00015	0.0145
3.133	0.00075	0.0145
3.134	0.0003	0.0145
3.135	0.00045	0.01445
3.136	-0.0003	0.0145
3.137	-0.00015	0.0145
3.138	0	0.01445
3.139	-0.00255	0.0145
3.14	-0.00015	0.01445
3.141	-0.00285	0.0145
3.142	-0.00105	0.01455
3.143	-0.0018	0.01455
3.144	-0.0024	0.0145
3.145	0.0003	0.0145
3.146	-0.00135	0.0145
3.147	-0.0003	0.0146
3.148	-0.00045	0.0145
3.149	-0.00075	0.0146
3.15	0	0.0145
3.151	-0.00015	0.0145
3.152	-0.0006	0.0145
3.153	-0.00075	0.0145
3.154	-0.0009	0.01455
3.155	-0.00075	0.0145
3.156	-0.00135	0.01455
3.157	-0.00195	0.01455
3.158	-0.00225	0.01455
3.159	-0.00195	0.0145
3.16	-0.00165	0.01455
3.161	-0.00105	0.0145
3.162	-0.00225	0.0145
3.163	-0.0003	0.0145
3.164	-0.00165	0.0145
3.165	-0.00075	0.0145
3.166	0	0.0145
3.167	-0.00105	0.01455
3.168	-0.00075	0.0145
3.169	-0.0006	0.01455
3.17	-0.0018	0.0145
3.171	-0.00075	0.0145
3.172	-0.0015	0.0145
3.173	-0.0012	0.0145
3.174	-0.00195	0.01445
3.175	-0.0021	0.01455
3.176	-0.0024	0.0145
3.177	-0.003	0.0145
3.178	-0.0027	0.01455
3.179	-0.0018	0.0145
3.18	-0.00015	0.0145
3.181	-0.00135	0.01455
3.182	-0.0012	0.0145
3.183	0.00015	0.0145
3.184	0.00045	0.0145
3.185	-0.00045	0.0145
3.186	0.00015	0.0145
3.187	-0.00135	0.0145
3.188	-0.00105	0.01455
3.189	-0.0021	0.01455
3.19	-0.00135	0.0145
3.191	-0.0012	0.01455
3.192	-0.0033	0.0145
3.193	-0.00195	0.0145
3.194	-0.00195	0.0145
3.195	-0.0015	0.01445
3.196	-0.0006	0.01455
3.197	-0.0009	0.0146
3.198	-0.0012	0.0145
3.199	0.0006	0.01455
3.2	-0.0003	0.0145
3.201	0.00015	0.0145
3.202	-0.0003	0.0145
3.203	-0.0012	0.0145
3.204	0.0021	0.0145
3.205	-0.0018	0.0146
3.206	-0.0012	0.01455
3.207	-0.0021	0.01455
3.208	-0.0021	0.01455
3.209	-0.0018	0.0145
3.21	-0.0018	0.0146
3.211	-0.00045	0.01455
3.212	-0.0012	0.01455
3.213	-0.0015	0.0145
3.214	-0.00135	0.0145
3.215	-0.00015	0.01455
3.216	-0.00045	0.0145
3.217	0.0009	0.0145
3.218	-0.00015	0.0145
3.219	0.0009	0.01455
3.22	-0.00015	0.0145
3.221	-0.0012	0.0145
3.222	-0.00135	0.0145
3.223	-0.0021	0.01455
3.224	-0.0024	0.01455
3.225	-0.00195	0.0145
3.226	-0.0015	0.0145
3.227	-0.00195	0.0145
3.228	-0.0009	0.01455
3.229	-0.00105	0.0145
3.23	-0.00075	0.01455
3.231	-0.0009	0.01455
3.232	0.00285	0.0145
3.233	0.0003	0.01455
3.234	0.00045	0.01455
3.235	0	0.01455
3.236	0.0003	0.0145
3.237	0.00015	0.0145
3.238	-0.00135	0.0145
3.239	-0.0012	0.01455
3.24	-0.00075	0.0145
3.241	-0.0012	0.01455
3.242	-0.00135	0.0146
3.243	-0.0015	0.01455
3.244	-0.0027	0.0145
3.245	-0.00135	0.0145
3.246	-0.00165	0.0145
3.247	-0.00015	0.01455
3.248	0.00105	0.0145
3.249	-0.00045	0.0145
3.25	-0.00015	0.0145
3.251	0.00015	0.0145
3.252	0.00075	0.0145
3.253	0.00165	0.01455
3.254	-0.00105	0.0145
3.255	-0.00045	0.0145
3.256	-0.00195	0.0145
3.257	-0.00135	0.0145
3.258	-0.00015	0.0145
3.259	-0.0018	0.0145
3.26	-0.00165	0.0145
3.261	-0.0009	0.0145
3.262	-0.00135	0.0145
3.263	0.0012	0.0145
3.264	-0.00045	0.0145
3.265	-0.0006	0.0145
3.266	0.00075	0.01455
3.267	0.00105	0.0145
3.268	0.00075	0.0145
3.269	0.00075	0.01455
3.27	-0.00015	0.01455
3.271	0	0.01455
3.272	-0.0012	0.01455
3.273	-0.0006	0.0145
3.274	-0.0012	0.0145
3.275	-0.0024	0.01455
3.276	-0.0021	0.0145
3.277	-0.00285	0.01455
3.278	-0.00075	0.01455
3.279	0.00135	0.01455
3.28	-0.00015	0.0145
3.281	0.00105	0.0145
3.282	0.0003	0.0145
3.283	0.0006	0.01455
3.284	0.003	0.01455
3.285	-0.0009	0.0145
3.286	0	0.0145
3.287	0	0.0145
3.288	-0.0012	0.01445
3.289	-0.00105	0.0145
3.29	0.00015	0.0145
3.291	-0.0009	0.0146
3.292	-0.00075	0.0145
3.293	-0.0009	0.0145
3.294	-0.0009	0.0145
3.295	-0.00105	0.01455
3.296	-0.0015	0.01455
3.297	0.00075	0.0145
3.298	-0.0003	0.0145
3.299	0.0003	0.0145
3.3	-0.0003	0.0145
3.301	0.0015	0.0145
3.302	0.0012	0.0145
3.303	-0.00015	0.01455
3.304	0.00105	0.0146
3.305	0.0009	0.0145
3.306	-0.0006	0.01455
3.307	-0.00045	0.01455
3.308	-0.00075	0.0145
3.309	-0.00195	0.01455
3.31	-0.00075	0.01455
3.311	-0.0006	0.01455
3.312	-0.0003	0.0145
3.313	-0.0003	0.01455
3.314	0.00015	0.01455
3.315	0.0012	0.0146
3.316	-0.0009	0.01455
3.317	0.0006	0.01455
3.318	0.00135	0.0145
3.319	0.00225	0.01455
3.32	-0.0003	0.01455
3.321	-0.0006	0.01455
3.322	0.0009	0.01455
3.323	-0.00015	0.01455
3.324	-0.0012	0.0145
3.325	-0.0006	0.01455
3.326	-0.0012	0.0145
3.327	-0.00225	0.01455
3.328	-0.00015	0.01455
3.329	-0.00045	0.0145
3.33	0.00045	0.0145
3.331	-0.0009	0.01455
3.332	0.00105	0.0145
3.333	0.00105	0.0145
3.334	0.00075	0.01455
3.335	0.0012	0.01455
3.336	0.0015	0.01455
3.337	-0.00075	0.01455
3.338	-0.00075	0.01455
3.339	-0.00045	0.01455
3.34	0	0.01455
3.341	-0.0006	0.01455
3.342	-0.00225	0.01455
3.343	-0.0003	0.01455
3.344	-0.0024	0.0145
3.345	0	0.0145
3.346	-0.0003	0.01455
3.347	0.00015	0.0145
3.348	0.00045	0.01455
3.349	0.00135	0.01455
3.35	0.0021	0.0145
3.351	0.0015	0.01455
3.352	0.0003	0.01455
3.353	0	0.0145
3.354	0.0027	0.0145
3.355	-0.0003	0.0145
3.356	0.00015	0.01455
3.357	-0.00015	0.01455
3.358	-0.0003	0.0146
3.359	-0.00045	0.0145
3.36	-0.0003	0.01455
3.361	0.0003	0.01455
3.362	-0.00075	0.0145
3.363	-0.0003	0.01455
3.364	-0.00075	0.0145
3.365	0.0006	0.01455
3.366	0.00105	0.0145
3.367	0.0009	0.01455
3.368	0.00105	0.01455
3.369	0.00015	0.01455
3.37	0.00015	0.01455
3.371	0.0015	0.01445
3.372	0.00045	0.0145
3.373	-0.00045	0.01455
3.374	-0.00075	0.01455
3.375	-0.0006	0.0145
3.376	-0.00135	0.01455
3.377	-0.00075	0.0145
3.378	0.00135	0.0145
3.379	0.00015	0.01455
3.38	-0.0015	0.0145
3.381	0.00105	0.0145
3.382	0.00135	0.0145
3.383	0.00165	0.01455
3.384	0.00195	0.0145
3.385	0.00015	0.01455
3.386	0.0021	0.01455
3.387	0.0018	0.0145
3.388	0.00105	0.0145
3.389	-0.0021	0.01455
3.39	-0.00165	0.01455
3.391	0	0.01455
3.392	-0.0009	0.0145
3.393	-0.00255	0.01455
3.394	-0.00195	0.0145
3.395	-0.0015	0.01455
3.396	-0.00075	0.01455
3.397	0.00045	0.0145
3.398	-0.00105	0.0145
3.399	0.0018	0.01455
3.4	0.00105	0.0145
3.401	0.00045	0.0145
3.402	0.0012	0.0145
3.403	-0.0006	
3.404	0.00015	
3.405	0	
3.406	-0.00315	
3.407	-0.00225	
3.408	-0.00135	
3.409	-0.0006	
3.41	-0.0021	
3.411	-0.00285	
3.412	-0.0006	
3.413	0	
3.414	-0.00105	
3.415	-0.0003	
